uuid,date,time,sym,n_close,amount_delta,n_midprice,n_bid1,n_bsize1,n_bid2,n_bsize2,n_bid3,n_bsize3,n_bid4,n_bsize4,n_bid5,n_bsize5,n_ask1,n_asize1,n_ask2,n_asize2,n_ask3,n_asize3,n_ask4,n_asize4,n_ask5,n_asize5,label_5,label_10,label_20,label_40,label_60
0,3,13:10:03,4,0.0062548866301799,511309.0,0.0066458170445662,0.0062548866301799,1.6446461364338848e-06,0.0054730258014072,6.346399208827226e-06,0.0046911649726348,1.3911771436423096e-05,0.0039093041438624,1.9155290294935838e-06,0.00312744331509,4.237382398576715e-06,0.0070367474589523,1.7073361773991295e-05,0.0078186082877249,6.565117796194858e-05,0.0086004691164973,9.467453856326848e-05,0.0093823299452697,5.382443085096213e-05,0.0101641907740421,7.552215058504399e-05,0,0,1,0,0
1,3,13:10:06,4,0.0062548866301799,292149.0,0.0058639562157936,0.0054730258014072,6.269004096524455e-06,0.0046911649726348,1.3911771436423096e-05,0.0039093041438624,1.9155290294935838e-06,0.00312744331509,4.237382398576715e-06,0.0023455824863174,1.855102795563195e-05,0.0062548866301799,2.104179615731588e-06,0.0070367474589523,1.8466473795441173e-05,0.0078186082877249,6.565117796194858e-05,0.0086004691164973,9.448105078251154e-05,0.0093823299452697,5.382443085096213e-05,1,1,1,0,1
2,3,13:10:09,4,0.0062548866301799,761794.0,0.0058639562157936,0.0054730258014072,4.140638508198252e-06,0.0046911649726348,1.3911771436423096e-05,0.0039093041438624,1.81878513911512e-06,0.00312744331509,4.237382398576715e-06,0.0023455824863174,1.84155865091021e-05,0.0062548866301799,2.042263525889371e-06,0.0070367474589523,1.978219070458828e-05,0.0078186082877249,6.551573651541872e-05,0.0086004691164973,9.254617297494226e-05,0.0093823299452697,5.421140641247599e-05,1,1,1,0,1
3,3,13:10:12,4,0.0054730258014072,66892.0,0.0058639562157936,0.0054730258014072,5.301565192739817e-06,0.0046911649726348,1.449223477869388e-05,0.0039093041438624,1.81878513911512e-06,0.00312744331509,4.237382398576715e-06,0.0023455824863174,1.84155865091021e-05,0.0062548866301799,9.936564980772018e-06,0.0070367474589523,2.0149817488026443e-05,0.0078186082877249,6.551573651541872e-05,0.0086004691164973,8.828944179828985e-05,0.0093823299452697,5.421140641247599e-05,1,1,1,0,1
4,3,13:10:15,4,0.0062548866301799,559833.0,0.0058639562157936,0.0054730258014072,4.97263596545304e-06,0.0046911649726348,1.4163305551407104e-05,0.0039093041438624,1.81878513911512e-06,0.00312744331509,4.237382398576715e-06,0.0023455824863174,1.84155865091021e-05,0.0062548866301799,1.9455196355109074e-06,0.0070367474589523,2.1736417290233248e-05,0.0078186082877249,6.551573651541872e-05,0.0086004691164973,8.828944179828985e-05,0.0093823299452697,5.421140641247599e-05,1,1,1,0,0
5,3,13:10:18,4,0.0062548866301799,469755.0,0.0058639562157936,0.0054730258014072,7.371884446838942e-06,0.0046911649726348,1.3931120214498787e-05,0.0039093041438624,1.81878513911512e-06,0.00312744331509,4.430870179333643e-06,0.0023455824863174,1.84155865091021e-05,0.0062548866301799,2.042263525889371e-06,0.0070367474589523,2.1736417290233248e-05,0.0078186082877249,6.551573651541872e-05,0.0086004691164973,8.848292957904679e-05,0.0093823299452697,5.426945274670306e-05,1,1,1,0,0
6,3,13:10:21,4,0.0054730258014072,137621.0,0.0058639562157936,0.0054730258014072,6.365747986902919e-06,0.0046911649726348,1.3931120214498787e-05,0.0039093041438624,1.81878513911512e-06,0.00312744331509,4.430870179333643e-06,0.0023455824863174,1.9963488755157523e-05,0.0062548866301799,2.216402528570606e-06,0.0070367474589523,2.2703856194017888e-05,0.0078186082877249,6.551573651541872e-05,0.0086004691164973,8.87151149159551e-05,0.0093823299452697,5.426945274670306e-05,1,1,1,0,0
7,3,13:10:24,4,0.0062548866301799,11578.0,0.0058639562157936,0.0054730258014072,1.0874013278539333e-05,0.0046911649726348,1.3931120214498787e-05,0.0039093041438624,1.81878513911512e-06,0.00312744331509,4.430870179333643e-06,0.0023455824863174,1.9383025412886738e-05,0.0062548866301799,2.5259829777816903e-06,0.0070367474589523,2.6051194801112736e-05,0.0078186082877249,6.551573651541872e-05,0.0086004691164973,8.89859978090148e-05,0.0093823299452697,5.426945274670306e-05,1,1,1,0,0
8,3,13:10:27,4,0.0062548866301799,51480.0,0.0058639562157936,0.0054730258014072,1.099010594699349e-05,0.0046911649726348,1.3931120214498787e-05,0.0039093041438624,1.81878513911512e-06,0.00312744331509,4.430870179333643e-06,0.0023455824863174,1.9383025412886738e-05,0.0062548866301799,8.40801151279229e-06,0.0070367474589523,2.6728402033761983e-05,0.0078186082877249,6.551573651541872e-05,0.0086004691164973,8.89859978090148e-05,0.0093823299452697,5.426945274670306e-05,1,1,1,0,0
9,3,13:10:30,4,0.0062548866301799,332016.0,0.0058639562157936,0.0054730258014072,1.0177457267814394e-05,0.0046911649726348,1.3873073880271712e-05,0.0039093041438624,1.81878513911512e-06,0.00312744331509,4.430870179333643e-06,0.0023455824863174,1.9383025412886738e-05,0.0062548866301799,4.7317436784106655e-06,0.0070367474589523,2.692188981451891e-05,0.0078186082877249,6.551573651541872e-05,0.0086004691164973,8.917948558977173e-05,0.0093823299452697,5.426945274670306e-05,1,1,1,0,0
10,3,13:10:33,4,0.0062548866301799,52765.0,0.0058639562157936,0.0054730258014072,1.0138759711663008e-05,0.0046911649726348,1.4840512784056348e-05,0.0039093041438624,1.81878513911512e-06,0.00312744331509,4.430870179333643e-06,0.0023455824863174,1.9383025412886738e-05,0.0062548866301799,7.28578238440211e-06,0.0070367474589523,2.754105071294108e-05,0.0078186082877249,6.551573651541872e-05,0.0086004691164973,8.917948558977173e-05,0.0093823299452697,5.426945274670306e-05,1,1,1,0,0
11,3,13:10:36,4,0.0062548866301799,483912.0,0.0058639562157936,0.0054730258014072,1.0332247492419937e-05,0.0046911649726348,1.5807951687840987e-05,0.0039093041438624,1.9929241417963544e-06,0.00312744331509,4.7211018504690345e-06,0.0023455824863174,1.9383025412886738e-05,0.0062548866301799,1.1715685124831968e-06,0.0070367474589523,2.949527729858605e-05,0.0078186082877249,6.551573651541872e-05,0.0086004691164973,8.941167092668005e-05,0.0093823299452697,5.426945274670306e-05,1,1,1,0,0
12,3,13:10:39,4,0.0062548866301799,15444.0,0.0058639562157936,0.0054730258014072,1.2054288741156591e-05,0.0046911649726348,1.5807951687840987e-05,0.0039093041438624,1.9929241417963544e-06,0.00312744331509,4.7211018504690345e-06,0.0023455824863174,1.9363676634811045e-05,0.0062548866301799,4.518907119578045e-06,0.0070367474589523,3.1217318547322705e-05,0.0078186082877249,6.590271207693258e-05,0.0086004691164973,8.941167092668005e-05,0.0093823299452697,5.421140641247599e-05,1,0,1,0,0
13,3,13:10:42,4,0.0054730258014072,110626.0,0.0058639562157936,0.0054730258014072,1.1860800960399664e-05,0.0046911649726348,1.5807951687840987e-05,0.0039093041438624,1.9929241417963544e-06,0.00312744331509,4.7211018504690345e-06,0.0023455824863174,1.9363676634811045e-05,0.0062548866301799,6.298994702541779e-06,0.0070367474589523,3.083034298580885e-05,0.0078186082877249,6.590271207693258e-05,0.0086004691164973,8.941167092668005e-05,0.0093823299452697,5.411466252209752e-05,1,0,1,0,1
14,3,13:10:45,4,0.0062548866301799,498069.0,0.0058639562157936,0.0054730258014072,1.1860800960399664e-05,0.0046911649726348,2.397313603578333e-05,0.0039093041438624,1.9929241417963544e-06,0.00312744331509,4.7211018504690345e-06,0.0023455824863174,1.9363676634811045e-05,0.0062548866301799,6.182902034087622e-06,0.0070367474589523,3.141080632807963e-05,0.0078186082877249,6.590271207693258e-05,0.0086004691164973,8.914078803362034e-05,0.0093823299452697,5.411466252209752e-05,1,0,0,0,1
15,3,13:10:48,4,0.0062548866301799,45019.0,0.0058639562157936,0.0054730258014072,1.2112335075383667e-05,0.0046911649726348,2.397313603578333e-05,0.0039093041438624,1.9929241417963544e-06,0.00312744331509,4.7211018504690345e-06,0.0023455824863174,1.9363676634811045e-05,0.0062548866301799,1.2413208574460693e-05,0.0070367474589523,3.237824523186427e-05,0.0078186082877249,6.590271207693258e-05,0.0086004691164973,8.933427581437727e-05,0.0093823299452697,5.411466252209752e-05,1,0,0,0,1
16,3,13:10:51,4,0.0054730258014072,39867.0,0.0058639562157936,0.0054730258014072,1.1531871733112889e-05,0.0046911649726348,2.397313603578333e-05,0.0039093041438624,1.9929241417963544e-06,0.00312744331509,4.7211018504690345e-06,0.0023455824863174,1.9363676634811045e-05,0.0062548866301799,1.5315525285814606e-05,0.0070367474589523,3.249433790031843e-05,0.0078186082877249,6.628968763844643e-05,0.0086004691164973,8.933427581437727e-05,0.0093823299452697,5.411466252209752e-05,1,0,0,1,1
17,3,13:10:54,4,0.0054730258014072,0.0,0.0058639562157936,0.0054730258014072,1.2692798417654453e-05,0.0046911649726348,2.397313603578333e-05,0.0039093041438624,1.9929241417963544e-06,0.00312744331509,4.7211018504690345e-06,0.0023455824863174,1.9363676634811045e-05,0.0062548866301799,1.982379057745102e-05,0.0070367474589523,3.342307924795168e-05,0.0078186082877249,6.628968763844643e-05,0.0086004691164973,9.066934150160008e-05,0.0093823299452697,5.430815030285445e-05,0,0,0,1,1
18,3,13:10:57,4,0.0062548866301799,19305.0,0.0058639562157936,0.0054730258014072,1.2692798417654453e-05,0.0046911649726348,2.397313603578333e-05,0.0039093041438624,1.9929241417963544e-06,0.00312744331509,4.7211018504690345e-06,0.0023455824863174,1.9363676634811045e-05,0.0062548866301799,2.3945080307573575e-05,0.0070367474589523,3.487423760362864e-05,0.0078186082877249,6.474178539239101e-05,0.0086004691164973,9.066934150160008e-05,0.0093823299452697,5.430815030285445e-05,0,0,0,1,0
19,3,13:11:00,4,0.0062548866301799,151866.0,0.0058639562157936,0.0054730258014072,1.3137820313395388e-05,0.0046911649726348,2.397313603578333e-05,0.0039093041438624,1.9929241417963544e-06,0.00312744331509,4.7211018504690345e-06,0.0023455824863174,1.9363676634811045e-05,0.0062548866301799,2.49512167675096e-05,0.0070367474589523,3.487423760362864e-05,0.0078186082877249,6.474178539239101e-05,0.0086004691164973,9.066934150160008e-05,0.0093823299452697,5.430815030285445e-05,0,0,0,1,1
20,3,13:11:03,4,0.0054730258014072,439823.0,0.0058639562157936,0.0054730258014072,5.185472524285661e-06,0.0046911649726348,2.397313603578333e-05,0.0039093041438624,1.9929241417963544e-06,0.00312744331509,4.7211018504690345e-06,0.0023455824863174,1.9363676634811045e-05,0.0062548866301799,2.5512331331704693e-05,0.0070367474589523,3.49709814940071e-05,0.0078186082877249,6.474178539239101e-05,0.0086004691164973,9.0611295167373e-05,0.0093823299452697,5.430815030285445e-05,0,0,0,1,1
21,3,13:11:06,4,0.0054730258014072,180042.0,0.0058639562157936,0.0054730258014072,3.076455714035149e-06,0.0046911649726348,2.3992484813859025e-05,0.0039093041438624,1.799436361039427e-06,0.00312744331509,5.630494420026594e-06,0.0023455824863174,1.9363676634811045e-05,0.0062548866301799,2.5957353227445627e-05,0.0070367474589523,3.5357957055520955e-05,0.0078186082877249,6.474178539239101e-05,0.0086004691164973,9.080478294812992e-05,0.0093823299452697,5.430815030285445e-05,0,0,0,1,1
22,3,13:11:09,4,0.0054730258014072,267495.0,0.0050820953870212,0.0046911649726348,2.3992484813859025e-05,0.0039093041438624,1.799436361039427e-06,0.00312744331509,5.630494420026594e-06,0.0023455824863174,2.3156037137646823e-05,0.001563721657545,5.336392993276064e-06,0.0054730258014072,2.478578471496243e-05,0.0062548866301799,2.60347483397484e-05,0.0070367474589523,3.5357957055520955e-05,0.0078186082877249,6.474178539239101e-05,0.0086004691164973,9.080478294812992e-05,1,1,1,1,1
23,3,13:11:12,4,0.0054730258014072,21862.0,0.0050820953870212,0.0046911649726348,2.3992484813859025e-05,0.0039093041438624,1.799436361039427e-06,0.00312744331509,5.630494420026594e-06,0.0023455824863174,2.3156037137646823e-05,0.001563721657545,5.336392993276064e-06,0.0054730258014072,3.0358232800761944e-05,0.0062548866301799,2.60347483397484e-05,0.0070367474589523,3.5357957055520955e-05,0.0078186082877249,6.474178539239101e-05,0.0086004691164973,9.11337121754167e-05,1,1,1,1,1
24,3,13:11:15,4,0.0054730258014072,141460.0,0.0050820953870212,0.0046911649726348,2.3895740923480563e-05,0.0039093041438624,1.799436361039427e-06,0.00312744331509,5.630494420026594e-06,0.0023455824863174,2.3156037137646823e-05,0.001563721657545,5.336392993276064e-06,0.0054730258014072,2.962297923388562e-05,0.0062548866301799,2.632498001088379e-05,0.0070367474589523,3.545470094589942e-05,0.0078186082877249,6.474178539239101e-05,0.0086004691164973,9.11337121754167e-05,1,0,1,1,1
25,3,13:11:18,4,0.0046911649726348,25700.0,0.0050820953870212,0.0046911649726348,2.3508765361966708e-05,0.0039093041438624,3.4053849413219262e-06,0.00312744331509,5.630494420026594e-06,0.0023455824863174,2.3156037137646823e-05,0.001563721657545,5.336392993276064e-06,0.0054730258014072,2.99519084611724e-05,0.0062548866301799,2.731176769274412e-05,0.0070367474589523,3.545470094589942e-05,0.0078186082877249,6.474178539239101e-05,0.0086004691164973,9.11337121754167e-05,1,0,0,1,1
26,3,13:11:21,4,0.0046911649726348,1285.0,0.0050820953870212,0.0046911649726348,2.348941658389101e-05,0.0039093041438624,3.4053849413219262e-06,0.00312744331509,4.663055516241956e-06,0.0023455824863174,2.3156037137646823e-05,0.001563721657545,5.200951546746215e-06,0.0054730258014072,3.177069360028752e-05,0.0062548866301799,2.831790415268014e-05,0.0070367474589523,3.545470094589942e-05,0.0078186082877249,6.474178539239101e-05,0.0086004691164973,9.11337121754167e-05,1,0,0,1,1
27,3,13:11:24,4,0.0054730258014072,37285.0,0.0050820953870212,0.0046911649726348,2.333462635928547e-05,0.0039093041438624,3.4053849413219262e-06,0.00312744331509,4.663055516241956e-06,0.0023455824863174,2.3156037137646823e-05,0.001563721657545,5.200951546746215e-06,0.0054730258014072,3.138371803877366e-05,0.0062548866301799,2.858878704573984e-05,0.0070367474589523,3.508707416246126e-05,0.0078186082877249,6.474178539239101e-05,0.0086004691164973,9.119175850964378e-05,1,0,0,1,1
28,3,13:11:27,4,0.0046911649726348,254432.0,0.0050820953870212,0.0046911649726348,1.981314874950939e-05,0.0039093041438624,3.4053849413219262e-06,0.00312744331509,4.663055516241956e-06,0.0023455824863174,2.3156037137646823e-05,0.001563721657545,5.200951546746215e-06,0.0054730258014072,3.136436926069797e-05,0.0062548866301799,2.878227482649677e-05,0.0070367474589523,3.553209605820219e-05,0.0078186082877249,6.474178539239101e-05,0.0086004691164973,9.128850240002224e-05,1,0,0,1,1
29,3,13:11:30,4,0.0054730258014072,245526.0,0.0050820953870212,0.0046911649726348,1.787827094194011e-05,0.0039093041438624,3.4053849413219262e-06,0.00312744331509,4.372823845106564e-06,0.0023455824863174,2.3156037137646823e-05,0.001563721657545,5.200951546746215e-06,0.0054730258014072,2.970037434618839e-05,0.0062548866301799,2.8898367494950927e-05,0.0070367474589523,3.562883994858065e-05,0.0078186082877249,6.648317541920335e-05,0.0086004691164973,9.14045950684764e-05,0,0,1,1,1
30,3,13:11:33,4,0.0046911649726348,871232.0,0.0050820953870212,0.0046911649726348,4.8565432969988834e-06,0.0039093041438624,3.4053849413219262e-06,0.00312744331509,4.372823845106564e-06,0.0023455824863174,2.3156037137646823e-05,0.001563721657545,5.200951546746215e-06,0.0054730258014072,2.9739071902339776e-05,0.0062548866301799,2.880162360457246e-05,0.0070367474589523,3.597711795394312e-05,0.0078186082877249,6.648317541920335e-05,0.0086004691164973,9.14045950684764e-05,0,0,1,1,1
31,3,13:11:36,4,0.0054730258014072,183781.0,0.0050820953870212,0.0046911649726348,2.5927362621428303e-06,0.0039093041438624,3.4053849413219262e-06,0.00312744331509,4.469567735485028e-06,0.0023455824863174,2.3156037137646823e-05,0.001563721657545,5.200951546746215e-06,0.0054730258014072,3.0474325469216102e-05,0.0062548866301799,2.880162360457246e-05,0.0070367474589523,3.588037406356466e-05,0.0078186082877249,6.661861686573321e-05,0.0086004691164973,9.14045950684764e-05,0,0,1,1,1
32,3,13:11:39,4,0.0046911649726348,17990.0,0.0050820953870212,0.0046911649726348,3.115153270186535e-06,0.0039093041438624,3.4053849413219262e-06,0.00312744331509,4.8565432969988834e-06,0.0023455824863174,2.3156037137646823e-05,0.001563721657545,5.200951546746215e-06,0.0054730258014072,2.8113774543981585e-05,0.0062548866301799,2.7930928591166287e-05,0.0070367474589523,3.607386184432159e-05,0.0078186082877249,6.661861686573321e-05,0.0086004691164973,9.14045950684764e-05,0,0,1,1,1
33,3,13:11:42,4,0.0046911649726348,79683.0,0.0050820953870212,0.0046911649726348,2.167063144477589e-06,0.0039093041438624,3.4053849413219262e-06,0.00312744331509,4.8565432969988834e-06,0.0023455824863174,2.3156037137646823e-05,0.001563721657545,5.394439327503142e-06,0.0054730258014072,2.6933499081364324e-05,0.0062548866301799,2.836511517118483e-05,0.0070367474589523,3.607386184432159e-05,0.0078186082877249,6.661861686573321e-05,0.0086004691164973,9.148199018077915e-05,0,0,1,1,1
34,3,13:11:45,4,0.0046911649726348,159342.0,0.0043002345582485,0.0039093041438624,3.4053849413219262e-06,0.00312744331509,4.8565432969988834e-06,0.0023455824863174,2.3156037137646823e-05,0.001563721657545,5.394439327503142e-06,0.0007818608287726,5.630494420026594e-06,0.0046911649726348,9.674389037846382e-07,0.0054730258014072,2.91392597819933e-05,0.0062548866301799,2.3740757211094265e-05,0.0070367474589523,3.607386184432159e-05,0.0078186082877249,6.661861686573321e-05,1,1,1,1,2
35,3,13:11:48,4,0.0046911649726348,509190.0,0.0043002345582485,0.0039093041438624,3.2118971605649985e-06,0.00312744331509,4.895240853150269e-06,0.0023455824863174,2.3156037137646823e-05,0.001563721657545,5.394439327503142e-06,0.0007818608287726,5.630494420026594e-06,0.0046911649726348,6.191608984221684e-07,0.0054730258014072,2.2947650797771612e-05,0.0062548866301799,2.3740757211094265e-05,0.0070367474589523,3.607386184432159e-05,0.0078186082877249,6.661861686573321e-05,1,0,1,1,2
36,3,13:11:51,4,0.0046911649726348,62965.0,0.0043002345582485,0.0039093041438624,3.2118971605649985e-06,0.00312744331509,4.895240853150269e-06,0.0023455824863174,2.3156037137646823e-05,0.001563721657545,5.394439327503142e-06,0.0007818608287726,5.630494420026594e-06,0.0046911649726348,6.017469981540449e-06,0.0054730258014072,2.360550925234517e-05,0.0062548866301799,2.393424499185119e-05,0.0070367474589523,3.5590142392429265e-05,0.0078186082877249,6.661861686573321e-05,1,1,1,1,2
37,3,13:11:54,4,0.0039093041438624,1284.0,0.0043002345582485,0.0039093041438624,3.985848283592709e-06,0.00312744331509,4.895240853150269e-06,0.0023455824863174,2.3156037137646823e-05,0.001563721657545,5.394439327503142e-06,0.0007818608287726,5.630494420026594e-06,0.0046911649726348,7.159047888006322e-06,0.0054730258014072,2.358616047426948e-05,0.0062548866301799,2.468884733680321e-05,0.0070367474589523,3.5590142392429265e-05,0.0078186082877249,6.507071461967779e-05,1,0,1,1,1
38,3,13:11:57,4,0.0046911649726348,15413.0,0.0043002345582485,0.0039093041438624,3.85040683706286e-06,0.00312744331509,4.895240853150269e-06,0.0023455824863174,2.3156037137646823e-05,0.001563721657545,5.394439327503142e-06,0.0007818608287726,5.630494420026594e-06,0.0046911649726348,1.1841452182323973e-05,0.0054730258014072,2.358616047426948e-05,0.0062548866301799,2.17671818473736e-05,0.0070367474589523,3.539665461167234e-05,0.0078186082877249,6.507071461967779e-05,1,0,1,1,1
39,3,13:12:00,4,0.0039093041438624,56503.0,0.0043002345582485,0.0039093041438624,3.1345020482622275e-06,0.00312744331509,4.895240853150269e-06,0.0023455824863174,2.3156037137646823e-05,0.001563721657545,5.394439327503142e-06,0.0007818608287726,5.630494420026594e-06,0.0046911649726348,1.2692798417654453e-05,0.0054730258014072,2.358616047426948e-05,0.0062548866301799,2.17671818473736e-05,0.0070367474589523,3.529991072129388e-05,0.0078186082877249,6.507071461967779e-05,1,1,1,1,2
40,3,13:12:03,4,0.0046911649726348,93805.0,0.0043002345582485,0.0039093041438624,3.1345020482622275e-06,0.00312744331509,4.895240853150269e-06,0.0023455824863174,2.3368873696479446e-05,0.001563721657545,5.394439327503142e-06,0.0007818608287726,5.823982200783522e-06,0.0046911649726348,1.253800819304891e-05,0.0054730258014072,2.3779648255026404e-05,0.0062548866301799,2.1670437956995137e-05,0.0070367474589523,3.510642294053695e-05,0.0078186082877249,6.507071461967779e-05,0,1,1,1,2
41,3,13:12:06,4,0.0039093041438624,32102.0,0.0043002345582485,0.0039093041438624,2.689480152521294e-06,0.00312744331509,4.895240853150269e-06,0.0023455824863174,2.3368873696479446e-05,0.001563721657545,5.394439327503142e-06,0.0007818608287726,5.823982200783522e-06,0.0046911649726348,1.2789542308032916e-05,0.0054730258014072,2.3779648255026404e-05,0.0062548866301799,2.145760139816252e-05,0.0070367474589523,3.510642294053695e-05,0.0078186082877249,6.507071461967779e-05,1,1,1,1,2
42,3,13:12:09,4,0.0039093041438624,0.0,0.0043002345582485,0.0039093041438624,2.689480152521294e-06,0.00312744331509,6.44314309920569e-06,0.0023455824863174,2.3368873696479446e-05,0.001563721657545,5.394439327503142e-06,0.0007818608287726,5.823982200783522e-06,0.0046911649726348,1.2905634976487071e-05,0.0054730258014072,2.3779648255026404e-05,0.0062548866301799,2.145760139816252e-05,0.0070367474589523,3.481619126940156e-05,0.0078186082877249,6.507071461967779e-05,0,1,1,1,1
43,3,13:12:12,4,0.0039093041438624,146376.0,0.0043002345582485,0.0039093041438624,4.837194518923191e-07,0.00312744331509,6.44314309920569e-06,0.0023455824863174,2.3368873696479446e-05,0.001563721657545,5.394439327503142e-06,0.0007818608287726,5.823982200783522e-06,0.0046911649726348,1.093205961276641e-05,0.0054730258014072,2.3779648255026404e-05,0.0062548866301799,2.145760139816252e-05,0.0070367474589523,3.489358638170433e-05,0.0078186082877249,6.507071461967779e-05,0,1,1,1,1
44,3,13:12:15,4,0.0046911649726348,16705.0,0.0043002345582485,0.0039093041438624,9.287413476332526e-07,0.00312744331509,7.99104534526111e-06,0.0023455824863174,2.3368873696479446e-05,0.001563721657545,5.394439327503142e-06,0.0007818608287726,5.823982200783522e-06,0.0046911649726348,1.4975954230586198e-05,0.0054730258014072,2.358616047426948e-05,0.0062548866301799,2.145760139816252e-05,0.0070367474589523,3.489358638170433e-05,0.0078186082877249,6.588336329885688e-05,1,1,1,1,2
45,3,13:12:18,4,0.0039093041438624,68052.0,0.0035183737294763,0.00312744331509,1.0177457267814394e-05,0.0023455824863174,2.3368873696479446e-05,0.001563721657545,5.394439327503142e-06,0.0007818608287726,5.823982200783522e-06,0.0,1.3969817770650175e-05,0.0039093041438624,9.573388416291263e-06,0.0046911649726348,1.4975954230586198e-05,0.0054730258014072,2.4321414041145803e-05,0.0062548866301799,2.1244764839329896e-05,0.0070367474589523,3.499033027208279e-05,2,2,1,2,2
46,3,13:12:21,4,0.0046911649726348,202831.0,0.0039093041438624,0.00312744331509,8.958484249045749e-06,0.0023455824863174,2.3368873696479446e-05,0.001563721657545,5.394439327503142e-06,0.0007818608287726,5.823982200783522e-06,0.0,1.3969817770650175e-05,0.0046911649726348,1.1435127842734423e-05,0.0054730258014072,2.288960446354454e-05,0.0062548866301799,2.105127705857297e-05,0.0070367474589523,3.504837660630987e-05,0.0078186082877249,6.588336329885688e-05,1,2,1,2,2
47,3,13:12:24,4,0.0039093041438624,97656.0,0.0035183737294763,0.00312744331509,8.977833027121442e-06,0.0023455824863174,2.3368873696479446e-05,0.001563721657545,5.394439327503142e-06,0.0007818608287726,5.998121203464756e-06,0.0,1.3969817770650175e-05,0.0039093041438624,1.1609266845415657e-07,0.0046911649726348,1.0119410933587316e-05,0.0054730258014072,2.288960446354454e-05,0.0062548866301799,2.105127705857297e-05,0.0070367474589523,3.504837660630987e-05,2,2,1,2,2
48,3,13:12:27,4,0.0039093041438624,5136.0,0.0035183737294763,0.00312744331509,9.03587936134852e-06,0.0023455824863174,2.3368873696479446e-05,0.001563721657545,5.394439327503142e-06,0.0007818608287726,5.804633422707829e-06,0.0,1.4163305551407104e-05,0.0039093041438624,9.674389037846383e-08,0.0046911649726348,1.050638649510117e-05,0.0054730258014072,2.2154350896668213e-05,0.0062548866301799,2.105127705857297e-05,0.0070367474589523,3.504837660630987e-05,2,2,1,2,2
49,3,13:12:30,4,0.0039093041438624,77042.0,0.0043002345582485,0.0039093041438624,3.2892922728677695e-07,0.00312744331509,9.51959881324084e-06,0.0023455824863174,2.3368873696479446e-05,0.001563721657545,5.394439327503142e-06,0.0007818608287726,5.804633422707829e-06,0.0046911649726348,1.0467688938949783e-05,0.0054730258014072,2.2154350896668213e-05,0.0062548866301799,2.105127705857297e-05,0.0070367474589523,3.52418643870668e-05,0.0078186082877249,6.588336329885688e-05,1,2,1,2,1
50,3,13:12:33,4,0.0046911649726348,24415.0,0.0043002345582485,0.0039093041438624,3.2892922728677695e-07,0.00312744331509,1.3679586099514784e-05,0.0023455824863174,2.3368873696479446e-05,0.001563721657545,5.394439327503142e-06,0.0007818608287726,5.804633422707829e-06,0.0046911649726348,1.0138759711663008e-05,0.0054730258014072,2.2154350896668213e-05,0.0062548866301799,2.105127705857297e-05,0.0070367474589523,3.52418643870668e-05,0.0078186082877249,6.588336329885688e-05,1,2,1,2,1
51,3,13:12:36,4,0.0039093041438624,526821.0,0.0043002345582485,0.0039093041438624,1.8961802514178909e-06,0.00312744331509,1.2344520412291982e-05,0.0023455824863174,2.3368873696479446e-05,0.001563721657545,5.394439327503142e-06,0.0007818608287726,5.804633422707829e-06,0.0046911649726348,2.766875264824065e-06,0.0054730258014072,2.2154350896668213e-05,0.0062548866301799,2.085778927781604e-05,0.0070367474589523,3.52418643870668e-05,0.0078186082877249,6.588336329885688e-05,2,2,1,2,1
52,3,13:12:39,4,0.0039093041438624,38520.0,0.0043002345582485,0.0039093041438624,2.457294815612981e-06,0.00312744331509,1.2344520412291982e-05,0.0023455824863174,2.3368873696479446e-05,0.001563721657545,5.394439327503142e-06,0.0007818608287726,5.804633422707829e-06,0.0046911649726348,2.979711823656685e-06,0.0054730258014072,2.234783867742514e-05,0.0062548866301799,2.085778927781604e-05,0.0070367474589523,3.52418643870668e-05,0.0078186082877249,6.588336329885688e-05,2,2,1,2,1
53,3,13:12:42,4,0.0039093041438624,23114.0,0.0043002345582485,0.0039093041438624,1.1725359513869814e-05,0.00312744331509,1.3989166548725868e-05,0.0023455824863174,2.3368873696479446e-05,0.001563721657545,5.394439327503142e-06,0.0007818608287726,5.804633422707829e-06,0.0046911649726348,5.611145641950901e-06,0.0054730258014072,2.234783867742514e-05,0.0062548866301799,2.085778927781604e-05,0.0070367474589523,3.52418643870668e-05,0.0078186082877249,6.588336329885688e-05,2,2,1,2,1
54,3,13:12:45,4,0.0039093041438624,21830.0,0.0043002345582485,0.0039093041438624,1.1222291283901805e-05,0.00312744331509,1.3989166548725868e-05,0.0023455824863174,2.3368873696479446e-05,0.001563721657545,5.394439327503142e-06,0.0007818608287726,6.385096764978612e-06,0.0046911649726348,8.087789235639574e-06,0.0054730258014072,2.2115653340516827e-05,0.0062548866301799,2.085778927781604e-05,0.0070367474589523,3.55127472801265e-05,0.0078186082877249,6.588336329885688e-05,2,1,1,2,1
55,3,13:12:48,4,0.0039093041438624,73243.0,0.0043002345582485,0.0039093041438624,2.290895324162023e-05,0.00312744331509,1.2441264302670446e-05,0.0023455824863174,2.3484966364933605e-05,0.001563721657545,5.394439327503142e-06,0.0007818608287726,6.423794321129997e-06,0.0046911649726348,7.449279559141714e-06,0.0054730258014072,2.2115653340516827e-05,0.0062548866301799,2.085778927781604e-05,0.0070367474589523,3.55127472801265e-05,0.0078186082877249,6.588336329885688e-05,2,1,1,2,1
56,3,13:12:51,4,0.0046911649726348,1307450.0,0.0050820953870212,0.0046911649726348,3.482780053624697e-07,0.0039093041438624,2.478578471496243e-05,0.00312744331509,1.2441264302670446e-05,0.0023455824863174,2.3484966364933605e-05,0.001563721657545,5.394439327503142e-06,0.0054730258014072,1.0216154823965778e-05,0.0062548866301799,2.085778927781604e-05,0.0070367474589523,3.55127472801265e-05,0.0078186082877249,6.627033886037074e-05,0.0086004691164973,9.24881266407152e-05,1,0,1,1,1
57,3,13:12:54,4,0.0046911649726348,493151.0,0.0050820953870212,0.0046911649726348,1.4898559118283427e-06,0.0039093041438624,1.880701228957337e-05,0.00312744331509,1.0796618166236562e-05,0.0023455824863174,2.3484966364933605e-05,0.001563721657545,5.394439327503142e-06,0.0054730258014072,9.829179262451924e-06,0.0062548866301799,2.085778927781604e-05,0.0070367474589523,3.55127472801265e-05,0.0078186082877249,6.627033886037074e-05,0.0086004691164973,9.24881266407152e-05,1,0,1,1,1
58,3,13:12:57,4,0.0046911649726348,37273.0,0.0050820953870212,0.0046911649726348,2.070319254099126e-06,0.0039093041438624,1.880701228957337e-05,0.00312744331509,1.085466450046364e-05,0.0023455824863174,2.3484966364933605e-05,0.001563721657545,5.704019776714226e-06,0.0054730258014072,9.67438903784638e-06,0.0062548866301799,2.0761045387437576e-05,0.0070367474589523,3.55127472801265e-05,0.0078186082877249,6.627033886037074e-05,0.0086004691164973,9.24881266407152e-05,1,0,1,1,1
59,3,13:13:00,4,0.0046911649726348,7710.0,0.0050820953870212,0.0046911649726348,2.921665489429607e-06,0.0039093041438624,1.880701228957337e-05,0.00312744331509,1.085466450046364e-05,0.0023455824863174,2.3484966364933605e-05,0.001563721657545,5.529880774032991e-06,0.0054730258014072,1.0448340160874092e-05,0.0062548866301799,2.0761045387437576e-05,0.0070367474589523,3.55127472801265e-05,0.0078186082877249,6.627033886037074e-05,0.0086004691164973,9.24881266407152e-05,0,0,1,1,1
60,3,13:13:03,4,0.0046911649726348,38550.0,0.0050820953870212,0.0046911649726348,3.347338607094848e-06,0.0039093041438624,1.9000500070330293e-05,0.00312744331509,1.085466450046364e-05,0.0023455824863174,2.3484966364933605e-05,0.001563721657545,5.529880774032991e-06,0.0054730258014072,1.0448340160874092e-05,0.0062548866301799,2.0761045387437576e-05,0.0070367474589523,3.55127472801265e-05,0.0078186082877249,6.627033886037074e-05,0.0086004691164973,9.27009631995478e-05,0,0,1,1,1
61,3,13:13:06,4,0.0046911649726348,5142.0,0.0050820953870212,0.0046911649726348,3.3086410509434626e-06,0.0039093041438624,1.9000500070330293e-05,0.00312744331509,1.085466450046364e-05,0.0023455824863174,2.3484966364933605e-05,0.001563721657545,5.529880774032991e-06,0.0054730258014072,1.0409642604722706e-05,0.0062548866301799,2.0761045387437576e-05,0.0070367474589523,3.570623506088342e-05,0.0078186082877249,6.627033886037074e-05,0.0086004691164973,9.27009631995478e-05,0,0,1,1,1
62,3,13:13:09,4,0.0046911649726348,25701.0,0.0050820953870212,0.0046911649726348,3.6182215001545462e-06,0.0039093041438624,1.9000500070330293e-05,0.00312744331509,1.091271083469072e-05,0.0023455824863174,2.3484966364933605e-05,0.001563721657545,5.529880774032991e-06,0.0054730258014072,1.106750105929626e-05,0.0062548866301799,2.0761045387437576e-05,0.0070367474589523,3.570623506088342e-05,0.0078186082877249,6.627033886037074e-05,0.0086004691164973,9.279770708992628e-05,0,0,1,1,1
63,3,13:13:12,4,0.0054730258014072,131077.0,0.0050820953870212,0.0046911649726348,1.9735753637206617e-06,0.0039093041438624,1.9000500070330293e-05,0.00312744331509,1.04289913827984e-05,0.0023455824863174,2.3484966364933605e-05,0.001563721657545,7.48410735967796e-06,0.0054730258014072,1.112554739352334e-05,0.0062548866301799,2.0761045387437576e-05,0.0070367474589523,3.570623506088342e-05,0.0078186082877249,6.706363876147414e-05,0.0086004691164973,9.279770708992628e-05,0,1,1,1,1
64,3,13:13:15,4,0.0046911649726348,133640.0,0.0043002345582485,0.0039093041438624,1.892310495802752e-05,0.00312744331509,1.04289913827984e-05,0.0023455824863174,2.3484966364933605e-05,0.001563721657545,7.48410735967796e-06,0.0007818608287726,6.423794321129997e-06,0.0046911649726348,2.844270377126836e-06,0.0054730258014072,1.5962741912446528e-05,0.0062548866301799,2.0761045387437576e-05,0.0070367474589523,3.570623506088342e-05,0.0078186082877249,6.706363876147414e-05,1,2,1,2,1
65,3,13:13:18,4,0.0039093041438624,19268.0,0.0043002345582485,0.0039093041438624,2.039361209178017e-05,0.00312744331509,1.04289913827984e-05,0.0023455824863174,2.3484966364933605e-05,0.001563721657545,7.677595140434888e-06,0.0007818608287726,6.423794321129997e-06,0.0046911649726348,3.656919056305932e-06,0.0054730258014072,1.6117532137052072e-05,0.0062548866301799,2.079974294358896e-05,0.0070367474589523,3.584167650741327e-05,0.0078186082877249,6.706363876147414e-05,1,2,1,2,1
66,3,13:13:21,4,0.0046911649726348,52685.0,0.0043002345582485,0.0039093041438624,2.039361209178017e-05,0.00312744331509,1.04289913827984e-05,0.0023455824863174,2.3484966364933605e-05,0.001563721657545,7.677595140434888e-06,0.0007818608287726,6.423794321129997e-06,0.0046911649726348,3.289292272867769e-06,0.0054730258014072,1.6369066252036076e-05,0.0062548866301799,2.079974294358896e-05,0.0070367474589523,3.593842039779174e-05,0.0078186082877249,6.706363876147414e-05,1,2,2,2,1
67,3,13:13:24,4,0.0046911649726348,115597.0,0.0043002345582485,0.0039093041438624,1.946487074414692e-05,0.00312744331509,1.04289913827984e-05,0.0023455824863174,2.3484966364933605e-05,0.001563721657545,7.368014691223804e-06,0.0007818608287726,6.423794321129997e-06,0.0046911649726348,4.508265291636414e-06,0.0054730258014072,1.6369066252036076e-05,0.0062548866301799,2.079974294358896e-05,0.0070367474589523,3.593842039779174e-05,0.0078186082877249,6.706363876147414e-05,1,2,2,2,1
68,3,13:13:27,4,0.0046911649726348,190173.0,0.0043002345582485,0.0039093041438624,1.932942929761707e-05,0.00312744331509,1.04289913827984e-05,0.0023455824863174,2.3484966364933605e-05,0.001563721657545,7.368014691223804e-06,0.0007818608287726,5.843330978859214e-06,0.0046911649726348,1.780087582963734e-06,0.0054730258014072,1.7336505155820716e-05,0.0062548866301799,2.079974294358896e-05,0.0070367474589523,3.593842039779174e-05,0.0078186082877249,6.706363876147414e-05,2,1,2,2,1
69,3,13:13:30,4,0.0039093041438624,1284.0,0.0043002345582485,0.0039093041438624,2.0277519423326012e-05,0.00312744331509,1.04289913827984e-05,0.0023455824863174,2.3484966364933605e-05,0.001563721657545,7.368014691223804e-06,0.0007818608287726,5.843330978859214e-06,0.0046911649726348,2.167063144477589e-06,0.0054730258014072,1.7549341714653336e-05,0.0062548866301799,2.079974294358896e-05,0.0070367474589523,3.593842039779174e-05,0.0078186082877249,6.7450614322988e-05,2,2,2,1,1
70,3,13:13:33,4,0.0046911649726348,884776.0,0.0043002345582485,0.0039093041438624,8.881089136742978e-06,0.00312744331509,1.04289913827984e-05,0.0023455824863174,2.3484966364933605e-05,0.001563721657545,7.368014691223804e-06,0.0007818608287726,5.9013773130862925e-06,0.0046911649726348,5.514401751572438e-06,0.0054730258014072,1.7549341714653336e-05,0.0062548866301799,2.021927960131818e-05,0.0070367474589523,3.593842039779174e-05,0.0078186082877249,6.7450614322988e-05,2,2,2,1,1
71,3,13:13:36,4,0.0046911649726348,38550.0,0.0043002345582485,0.0039093041438624,8.784345246364515e-06,0.00312744331509,1.0815966944312257e-05,0.0023455824863174,2.3484966364933605e-05,0.001563721657545,7.368014691223804e-06,0.0007818608287726,8.223230682169424e-06,0.0046911649726348,6.075516315767528e-06,0.0054730258014072,1.7549341714653336e-05,0.0062548866301799,2.1380206285859747e-05,0.0070367474589523,3.593842039779174e-05,0.0078186082877249,6.7450614322988e-05,2,2,2,1,1
72,3,13:13:39,4,0.0046911649726348,0.0,0.0043002345582485,0.0039093041438624,9.442203700938067e-06,0.00312744331509,6.752723548416774e-06,0.0023455824863174,2.3484966364933605e-05,0.001563721657545,7.368014691223804e-06,0.0007818608287726,8.223230682169424e-06,0.0046911649726348,7.526674671444484e-06,0.0054730258014072,1.824589772537828e-05,0.0062548866301799,2.1380206285859747e-05,0.0070367474589523,3.593842039779174e-05,0.0078186082877249,6.7450614322988e-05,2,2,2,1,1
73,3,13:13:42,4,0.0046911649726348,531990.0,0.0050820953870212,0.0046911649726348,2.6507825963699087e-06,0.0039093041438624,1.0293549936268547e-05,0.00312744331509,6.752723548416774e-06,0.0023455824863174,2.3484966364933605e-05,0.001563721657545,7.368014691223804e-06,0.0054730258014072,1.836199039383243e-05,0.0062548866301799,2.1380206285859747e-05,0.0070367474589523,3.593842039779174e-05,0.0078186082877249,6.7450614322988e-05,0.0086004691164973,9.289445098030474e-05,0,1,1,1,1
74,3,13:13:45,4,0.0046911649726348,42405.0,0.0050820953870212,0.0046911649726348,5.340262748891203e-06,0.0039093041438624,1.133838395235596e-05,0.00312744331509,6.752723548416774e-06,0.0023455824863174,2.3484966364933605e-05,0.001563721657545,7.503456137753653e-06,0.0054730258014072,1.836199039383243e-05,0.0062548866301799,2.1380206285859747e-05,0.0070367474589523,3.620930329085144e-05,0.0078186082877249,6.7450614322988e-05,0.0086004691164973,9.289445098030474e-05,1,1,1,1,1
75,3,13:13:48,4,0.0046911649726348,141350.0,0.0050820953870212,0.0046911649726348,4.605009182014878e-06,0.0039093041438624,1.133838395235596e-05,0.00312744331509,6.752723548416774e-06,0.0023455824863174,2.3484966364933605e-05,0.001563721657545,7.503456137753653e-06,0.0054730258014072,1.8168502613075504e-05,0.0062548866301799,2.1380206285859747e-05,0.0070367474589523,3.607386184432159e-05,0.0078186082877249,6.7450614322988e-05,0.0086004691164973,9.289445098030474e-05,1,1,1,1,1
76,3,13:13:51,4,0.0046911649726348,28270.0,0.0050820953870212,0.0046911649726348,4.179336064349637e-06,0.0039093041438624,1.1860800960399664e-05,0.00312744331509,6.752723548416774e-06,0.0023455824863174,2.3484966364933605e-05,0.001563721657545,7.503456137753653e-06,0.0054730258014072,1.8168502613075504e-05,0.0062548866301799,2.1380206285859747e-05,0.0070367474589523,3.607386184432159e-05,0.0078186082877249,6.7450614322988e-05,0.0086004691164973,9.291379975838043e-05,1,2,1,1,1
77,3,13:13:54,4,0.0046911649726348,307264.0,0.0050820953870212,0.0046911649726348,2.534689927915752e-06,0.0039093041438624,1.1938196072702436e-05,0.00312744331509,7.5653722275958705e-06,0.0023455824863174,2.3484966364933605e-05,0.001563721657545,7.503456137753653e-06,0.0054730258014072,1.5285534679797284e-05,0.0062548866301799,2.1380206285859747e-05,0.0070367474589523,3.607386184432159e-05,0.0078186082877249,6.7450614322988e-05,0.0086004691164973,9.291379975838043e-05,1,2,1,1,1
78,3,13:13:57,4,0.0046911649726348,155494.0,0.0043002345582485,0.0039093041438624,1.1938196072702436e-05,0.00312744331509,7.894301454882647e-06,0.0023455824863174,2.3581710255312067e-05,0.001563721657545,7.503456137753653e-06,0.0007818608287726,8.223230682169424e-06,0.0046911649726348,3.482780053624697e-07,0.0054730258014072,1.5208139567494512e-05,0.0062548866301799,2.718483970856757e-05,0.0070367474589523,3.607386184432159e-05,0.0078186082877249,6.7450614322988e-05,2,2,1,1,1
79,3,13:14:00,4,0.0054730258014072,151730.0,0.0050820953870212,0.0046911649726348,3.095804492110842e-07,0.0039093041438624,1.1938196072702436e-05,0.00312744331509,7.894301454882647e-06,0.0023455824863174,2.3581710255312067e-05,0.001563721657545,7.503456137753653e-06,0.0054730258014072,1.3273261759925236e-05,0.0062548866301799,2.718483970856757e-05,0.0070367474589523,3.607386184432159e-05,0.0078186082877249,6.735387043260954e-05,0.0086004691164973,9.291379975838043e-05,1,2,1,1,1
80,3,13:14:03,4,0.0054730258014072,60439.0,0.0050820953870212,0.0046911649726348,1.5672510241311135e-06,0.0039093041438624,1.3756981211817557e-05,0.00312744331509,6.288352874600148e-06,0.0023455824863174,2.3581710255312067e-05,0.001563721657545,7.503456137753653e-06,0.0054730258014072,1.3679586099514784e-05,0.0062548866301799,2.718483970856757e-05,0.0070367474589523,3.665432518659237e-05,0.0078186082877249,6.754735821336646e-05,0.0086004691164973,9.291379975838043e-05,1,2,1,1,1
81,3,13:14:06,4,0.0046911649726348,95108.0,0.0050820953870212,0.0046911649726348,9.38415736671099e-06,0.0039093041438624,1.3776329989893248e-05,0.00312744331509,6.288352874600148e-06,0.0023455824863174,2.3581710255312067e-05,0.001563721657545,7.503456137753653e-06,0.0054730258014072,1.3331308094152314e-05,0.0062548866301799,2.7378327489324505e-05,0.0070367474589523,3.665432518659237e-05,0.0078186082877249,6.754735821336646e-05,0.0086004691164973,9.262356808724504e-05,2,2,1,1,1
82,3,13:14:09,4,0.0054730258014072,111872.0,0.0050820953870212,0.0046911649726348,1.128033761812888e-05,0.0039093041438624,1.3776329989893248e-05,0.00312744331509,6.288352874600148e-06,0.0023455824863174,2.3581710255312067e-05,0.001563721657545,7.503456137753653e-06,0.0054730258014072,1.1860800960399664e-05,0.0062548866301799,2.7378327489324505e-05,0.0070367474589523,3.665432518659237e-05,0.0078186082877249,6.764410210374492e-05,0.0086004691164973,9.262356808724504e-05,2,2,1,1,1
83,3,13:14:12,4,0.0054730258014072,115740.0,0.0050820953870212,0.0046911649726348,2.045165842600725e-05,0.0039093041438624,1.5285534679797284e-05,0.00312744331509,6.288352874600148e-06,0.0023455824863174,2.3581710255312067e-05,0.001563721657545,7.503456137753653e-06,0.0054730258014072,1.1841452182323973e-05,0.0062548866301799,2.7378327489324505e-05,0.0070367474589523,3.665432518659237e-05,0.0078186082877249,6.764410210374492e-05,0.0086004691164973,9.243008030648812e-05,2,2,1,1,1
84,3,13:14:15,4,0.0054730258014072,37266.0,0.0050820953870212,0.0046911649726348,1.14931741769615e-05,0.0039093041438624,1.5285534679797284e-05,0.00312744331509,6.288352874600148e-06,0.0023455824863174,2.3581710255312067e-05,0.001563721657545,7.522804915829346e-06,0.0054730258014072,1.1841452182323973e-05,0.0062548866301799,2.7475071379702967e-05,0.0070367474589523,3.686716174542499e-05,0.0078186082877249,6.764410210374492e-05,0.0086004691164973,9.243008030648812e-05,2,2,1,1,1
85,3,13:14:18,4,0.0046911649726348,282700.0,0.0050820953870212,0.0046911649726348,7.236443000309093e-06,0.0039093041438624,1.5285534679797284e-05,0.00312744331509,6.288352874600148e-06,0.0023455824863174,2.3581710255312067e-05,0.001563721657545,7.522804915829346e-06,0.0054730258014072,1.1841452182323973e-05,0.0062548866301799,2.7475071379702967e-05,0.0070367474589523,3.692520807965207e-05,0.0078186082877249,6.764410210374492e-05,0.0086004691164973,9.252682419686656e-05,2,2,1,1,1
86,3,13:14:21,4,0.0054730258014072,844892.0,0.0058639562157936,0.0054730258014072,6.346399208827226e-06,0.0046911649726348,7.720162452201413e-06,0.0039093041438624,1.5285534679797284e-05,0.00312744331509,6.288352874600148e-06,0.0023455824863174,2.3581710255312067e-05,0.0062548866301799,2.766855916045989e-05,0.0070367474589523,3.692520807965207e-05,0.0078186082877249,6.764410210374492e-05,0.0086004691164973,9.281705586800196e-05,0.0093823299452697,6.100282751704414e-05,1,1,1,1,0
87,3,13:14:24,4,0.0054730258014072,25720.0,0.0058639562157936,0.0054730258014072,6.8301186607195456e-06,0.0046911649726348,8.319974572547888e-06,0.0039093041438624,1.5285534679797284e-05,0.00312744331509,5.707889532329365e-06,0.0023455824863174,2.3581710255312067e-05,0.0062548866301799,2.766855916045989e-05,0.0070367474589523,3.702195197003053e-05,0.0078186082877249,6.774084599412339e-05,0.0086004691164973,9.281705586800196e-05,0.0093823299452697,6.100282751704414e-05,1,0,1,1,0
88,3,13:14:27,4,0.0054730258014072,60444.0,0.0058639562157936,0.0054730258014072,6.0561675376918345e-06,0.0046911649726348,9.771132928224844e-06,0.0039093041438624,1.5285534679797284e-05,0.00312744331509,5.108077411982889e-06,0.0023455824863174,2.3581710255312067e-05,0.0062548866301799,2.762986160430851e-05,0.0070367474589523,3.702195197003053e-05,0.0078186082877249,6.774084599412339e-05,0.0086004691164973,9.37844947717866e-05,0.0093823299452697,6.069324706783306e-05,1,0,1,1,0
89,3,13:14:30,4,0.0062548866301799,34733.0,0.0058639562157936,0.0054730258014072,8.455416019077737e-06,0.0046911649726348,9.771132928224844e-06,0.0039093041438624,1.526618590172159e-05,0.00312744331509,6.075516315767528e-06,0.0023455824863174,2.3581710255312067e-05,0.0062548866301799,2.7610512826232812e-05,0.0070367474589523,3.68284641892736e-05,0.0078186082877249,6.774084599412339e-05,0.0086004691164973,9.37844947717866e-05,0.0093823299452697,6.0306271506319206e-05,1,1,1,1,0
90,3,13:14:33,4,0.0054730258014072,11574.0,0.0058639562157936,0.0054730258014072,8.378020906774967e-06,0.0046911649726348,9.771132928224844e-06,0.0039093041438624,1.526618590172159e-05,0.00312744331509,6.075516315767528e-06,0.0023455824863174,2.3581710255312067e-05,0.0062548866301799,2.7455722601627278e-05,0.0070367474589523,3.7331532419241614e-05,0.0078186082877249,6.774084599412339e-05,0.0086004691164973,9.37844947717866e-05,0.0093823299452697,6.0306271506319206e-05,1,1,1,1,0
91,3,13:14:36,4,0.0062548866301799,86229.0,0.0058639562157936,0.0054730258014072,8.378020906774967e-06,0.0046911649726348,1.0680525497782404e-05,0.0039093041438624,1.526618590172159e-05,0.00312744331509,6.075516315767528e-06,0.0023455824863174,2.3581710255312067e-05,0.0062548866301799,2.615935447055586e-05,0.0070367474589523,3.7331532419241614e-05,0.0078186082877249,6.774084599412339e-05,0.0086004691164973,9.397798255254352e-05,0.0093823299452697,6.0306271506319206e-05,1,1,1,1,0
92,3,13:14:39,4,0.0062548866301799,157007.0,0.0058639562157936,0.0054730258014072,1.197689362885382e-05,0.0046911649726348,1.0100062155511622e-05,0.0039093041438624,1.526618590172159e-05,0.00312744331509,6.172260206145991e-06,0.0023455824863174,2.3581710255312067e-05,0.0062548866301799,2.4050337660305348e-05,0.0070367474589523,3.7331532419241614e-05,0.0078186082877249,6.774084599412339e-05,0.0086004691164973,9.397798255254352e-05,0.0093823299452697,6.0306271506319206e-05,0,0,1,1,0
93,3,13:14:42,4,0.0054730258014072,645572.0,0.0058639562157936,0.0054730258014072,3.0571069359594564e-06,0.0046911649726348,1.0100062155511622e-05,0.0039093041438624,1.526618590172159e-05,0.00312744331509,6.172260206145991e-06,0.0023455824863174,2.3581710255312067e-05,0.0062548866301799,2.414708155068381e-05,0.0070367474589523,3.688651052350069e-05,0.0078186082877249,6.774084599412339e-05,0.0086004691164973,9.397798255254352e-05,0.0093823299452697,6.0306271506319206e-05,0,0,1,1,0
94,3,13:14:45,4,0.0054730258014072,223872.0,0.0058639562157936,0.0054730258014072,1.780087582963734e-06,0.0046911649726348,1.0119410933587316e-05,0.0039093041438624,1.526618590172159e-05,0.00312744331509,6.172260206145991e-06,0.0023455824863174,2.3581710255312067e-05,0.0062548866301799,2.238634274579577e-05,0.0070367474589523,3.7370229975393e-05,0.0078186082877249,6.836000689254556e-05,0.0086004691164973,9.397798255254352e-05,0.0093823299452697,6.0306271506319206e-05,1,1,1,1,0
95,3,13:14:48,4,0.0054730258014072,131211.0,0.0058639562157936,0.0054730258014072,5.611145641950901e-07,0.0046911649726348,1.0177457267814394e-05,0.0039093041438624,1.5865998022068066e-05,0.00312744331509,6.172260206145991e-06,0.0023455824863174,2.3581710255312067e-05,0.0062548866301799,2.194132085005484e-05,0.0070367474589523,3.7370229975393e-05,0.0078186082877249,6.836000689254556e-05,0.0086004691164973,9.390058744024076e-05,0.0093823299452697,6.0306271506319206e-05,1,1,1,1,0
96,3,13:14:51,4,0.0054730258014072,102950.0,0.0058639562157936,0.0054730258014072,6.385096764978611e-07,0.0046911649726348,1.0177457267814394e-05,0.0039093041438624,1.5865998022068066e-05,0.00312744331509,6.172260206145991e-06,0.0023455824863174,2.3581710255312067e-05,0.0062548866301799,2.074169660936189e-05,0.0070367474589523,3.760241531230132e-05,0.0078186082877249,6.836000689254556e-05,0.0086004691164973,9.390058744024076e-05,0.0093823299452697,6.0306271506319206e-05,1,1,1,1,0
97,3,13:14:54,4,0.0054730258014072,123506.0,0.0050820953870212,0.0046911649726348,1.1028803503144876e-05,0.0039093041438624,1.5865998022068066e-05,0.00312744331509,6.172260206145991e-06,0.0023455824863174,2.3581710255312067e-05,0.001563721657545,7.522804915829346e-06,0.0054730258014072,1.1028803503144874e-06,0.0062548866301799,1.977425770557725e-05,0.0070367474589523,3.7331532419241614e-05,0.0078186082877249,6.836000689254556e-05,0.0086004691164973,9.422951666752754e-05,1,2,1,1,1
98,3,13:14:57,4,0.0054730258014072,3858.0,0.0050820953870212,0.0046911649726348,1.1028803503144876e-05,0.0039093041438624,1.5865998022068066e-05,0.00312744331509,6.655979658038311e-06,0.0023455824863174,2.3581710255312067e-05,0.001563721657545,8.141965814251514e-06,0.0054730258014072,1.0448340160874092e-06,0.0062548866301799,1.987100159595571e-05,0.0070367474589523,3.735088119731731e-05,0.0078186082877249,6.836000689254556e-05,0.0086004691164973,9.422951666752754e-05,1,2,1,1,1
99,3,13:15:00,4,0.0054730258014072,70730.0,0.0058639562157936,0.0054730258014072,8.12648679179096e-07,0.0046911649726348,1.120294250582611e-05,0.0039093041438624,1.5865998022068066e-05,0.00312744331509,6.655979658038311e-06,0.0023455824863174,2.3581710255312067e-05,0.0062548866301799,2.008383815478833e-05,0.0070367474589523,3.735088119731731e-05,0.0078186082877249,6.836000689254556e-05,0.0086004691164973,9.422951666752754e-05,0.0093823299452697,6.0306271506319206e-05,1,0,1,0,0
100,3,13:15:03,4,0.0062548866301799,123552.0,0.0058639562157936,0.0054730258014072,2.573387484067137e-06,0.0046911649726348,1.344740076260647e-05,0.0039093041438624,1.2441264302670446e-05,0.00312744331509,6.655979658038311e-06,0.0023455824863174,2.3581710255312067e-05,0.0062548866301799,1.861333102103568e-05,0.0070367474589523,3.725413730693884e-05,0.0078186082877249,6.836000689254556e-05,0.0086004691164973,9.229463885995826e-05,0.0093823299452697,6.007408616941089e-05,1,0,1,0,0
101,3,13:15:06,4,0.0054730258014072,75883.0,0.0058639562157936,0.0054730258014072,2.979711823656685e-06,0.0046911649726348,1.3466749540682162e-05,0.0039093041438624,1.2441264302670446e-05,0.00312744331509,6.655979658038311e-06,0.0023455824863174,2.3581710255312067e-05,0.0062548866301799,1.8439192018354444e-05,0.0070367474589523,3.715739341656038e-05,0.0078186082877249,6.836000689254556e-05,0.0086004691164973,9.229463885995826e-05,0.0093823299452697,6.007408616941089e-05,1,0,1,0,0
102,3,13:15:09,4,0.0054730258014072,402518.0,0.0050820953870212,0.0046911649726348,1.3466749540682162e-05,0.0039093041438624,1.2383217968443369e-05,0.00312744331509,6.655979658038311e-06,0.0023455824863174,2.3581710255312067e-05,0.001563721657545,8.141965814251514e-06,0.0054730258014072,1.3157169091471078e-06,0.0062548866301799,2.008383815478833e-05,0.0070367474589523,3.715739341656038e-05,0.0078186082877249,6.836000689254556e-05,0.0086004691164973,9.283640464607766e-05,2,1,1,1,1
103,3,13:15:12,4,0.0046911649726348,60436.0,0.0050820953870212,0.0046911649726348,1.3350656872228009e-05,0.0039093041438624,1.14931741769615e-05,0.00312744331509,6.655979658038311e-06,0.0023455824863174,2.3581710255312067e-05,0.001563721657545,8.141965814251514e-06,0.0054730258014072,5.224170080437046e-07,0.0062548866301799,2.3121596312672094e-05,0.0070367474589523,3.725413730693884e-05,0.0078186082877249,6.836000689254556e-05,0.0086004691164973,9.30298924268346e-05,2,1,1,1,1
104,3,13:15:15,4,0.0054730258014072,86162.0,0.0058639562157936,0.0054730258014072,9.964620708981772e-06,0.0046911649726348,1.3370005650303698e-05,0.0039093041438624,1.14931741769615e-05,0.00312744331509,7.101001553779244e-06,0.0023455824863174,2.3581710255312067e-05,0.0062548866301799,2.4089035216456734e-05,0.0070367474589523,3.748632264384716e-05,0.0078186082877249,6.836000689254556e-05,0.0086004691164973,9.322338020759152e-05,0.0093823299452697,6.007408616941089e-05,0,0,1,0,0
105,3,13:15:18,4,0.0062548866301799,32163.0,0.0058639562157936,0.0054730258014072,9.73243537207346e-06,0.0046911649726348,1.3370005650303698e-05,0.0039093041438624,1.14931741769615e-05,0.00312744331509,7.101001553779244e-06,0.0023455824863174,2.3581710255312067e-05,0.0062548866301799,2.770725671661128e-05,0.0070367474589523,5.677705438531285e-05,0.0078186082877249,6.836000689254556e-05,0.0086004691164973,9.351361187872692e-05,0.0093823299452697,6.007408616941089e-05,0,0,1,0,0
106,3,13:15:21,4,0.0054730258014072,275205.0,0.0058639562157936,0.0054730258014072,5.611145641950901e-06,0.0046911649726348,1.3950468992574482e-05,0.0039093041438624,1.14931741769615e-05,0.00312744331509,7.101001553779244e-06,0.0023455824863174,2.3581710255312067e-05,0.0062548866301799,2.7881395719292515e-05,0.0070367474589523,5.704793727837254e-05,0.0078186082877249,6.801172888718308e-05,0.0086004691164973,9.351361187872692e-05,0.0093823299452697,6.007408616941089e-05,0,0,1,0,0
107,3,13:15:24,4,0.0054730258014072,165894.0,0.0058639562157936,0.0054730258014072,3.985848283592709e-06,0.0046911649726348,1.3950468992574482e-05,0.0039093041438624,1.14931741769615e-05,0.00312744331509,7.13969910993063e-06,0.0023455824863174,2.3581710255312067e-05,0.0062548866301799,2.7900744497368208e-05,0.0070367474589523,5.9176302866698745e-05,0.0078186082877249,6.801172888718308e-05,0.0086004691164973,9.332012409797e-05,0.0093823299452697,6.007408616941089e-05,0,0,1,0,0
108,3,13:15:27,4,0.0062548866301799,61751.0,0.0058639562157936,0.0054730258014072,6.2109577622973765e-06,0.0046911649726348,1.406656166102864e-05,0.0039093041438624,1.14931741769615e-05,0.00312744331509,7.13969910993063e-06,0.0023455824863174,2.3581710255312067e-05,0.0062548866301799,2.759116404815712e-05,0.0070367474589523,5.9176302866698745e-05,0.0078186082877249,6.801172888718308e-05,0.0086004691164973,9.332012409797e-05,0.0093823299452697,6.038366661862197e-05,0,0,1,0,0
109,3,13:15:30,4,0.0054730258014072,556947.0,0.0050820953870212,0.0046911649726348,1.406656166102864e-05,0.0039093041438624,1.091271083469072e-05,0.00312744331509,7.13969910993063e-06,0.0023455824863174,2.3581710255312067e-05,0.001563721657545,8.335453595008443e-06,0.0054730258014072,5.204821302361353e-06,0.0062548866301799,2.5869122799420463e-05,0.0070367474589523,5.9176302866698745e-05,0.0078186082877249,6.801172888718308e-05,0.0086004691164973,9.333947287604568e-05,1,1,1,1,1
110,3,13:15:33,4,0.0054730258014072,137602.0,0.0050820953870212,0.0046911649726348,1.406656166102864e-05,0.0039093041438624,1.091271083469072e-05,0.00312744331509,7.13969910993063e-06,0.0023455824863174,2.3581710255312067e-05,0.001563721657545,8.335453595008443e-06,0.0054730258014072,1.5846649243992373e-05,0.0062548866301799,2.728158359894604e-05,0.0070367474589523,5.90408614201689e-05,0.0078186082877249,6.801172888718308e-05,0.0086004691164973,9.357165821295398e-05,1,1,1,1,1
111,3,13:15:36,4,0.0054730258014072,32150.0,0.0050820953870212,0.0046911649726348,1.547902246055421e-05,0.0039093041438624,1.2479961858821832e-05,0.00312744331509,7.13969910993063e-06,0.0023455824863174,2.3581710255312067e-05,0.001563721657545,8.141965814251514e-06,0.0054730258014072,1.6717344257398548e-05,0.0062548866301799,2.7552466492005736e-05,0.0070367474589523,5.90408614201689e-05,0.0078186082877249,6.781824110642616e-05,0.0086004691164973,9.357165821295398e-05,1,1,1,1,1
112,3,13:15:39,4,0.0054730258014072,42438.0,0.0050820953870212,0.0046911649726348,1.569185901938683e-05,0.0039093041438624,1.2479961858821832e-05,0.00312744331509,7.13969910993063e-06,0.0023455824863174,2.3581710255312067e-05,0.001563721657545,8.141965814251514e-06,0.0054730258014072,1.931008051954138e-05,0.0062548866301799,2.813292983427652e-05,0.0070367474589523,5.90408614201689e-05,0.0078186082877249,6.781824110642616e-05,0.0086004691164973,9.357165821295398e-05,1,1,1,1,1
113,3,13:15:42,4,0.0054730258014072,150355.0,0.0050820953870212,0.0046911649726348,1.3718283655666169e-05,0.0039093041438624,1.2499310636897524e-05,0.00312744331509,8.107138013715267e-06,0.0023455824863174,2.3581710255312067e-05,0.001563721657545,8.141965814251514e-06,0.0054730258014072,1.9116592738784448e-05,0.0062548866301799,2.832641761503345e-05,0.0070367474589523,5.90408614201689e-05,0.0078186082877249,6.781824110642616e-05,0.0086004691164973,9.357165821295398e-05,1,1,1,1,1
114,3,13:15:45,4,0.0054730258014072,451379.0,0.0050820953870212,0.0046911649726348,1.3931120214498787e-05,0.0039093041438624,1.2499310636897524e-05,0.00312744331509,8.107138013715267e-06,0.0023455824863174,2.3581710255312067e-05,0.001563721657545,8.064570701948743e-06,0.0054730258014072,1.288628619841138e-05,0.0062548866301799,2.832641761503345e-05,0.0070367474589523,5.90408614201689e-05,0.0078186082877249,6.743126554491231e-05,0.0086004691164973,9.318468265144012e-05,1,1,1,1,1
115,3,13:15:48,4,0.0046911649726348,87380.0,0.0050820953870212,0.0046911649726348,1.3292610538000928e-05,0.0039093041438624,1.2499310636897524e-05,0.00312744331509,8.107138013715267e-06,0.0023455824863174,2.3581710255312067e-05,0.001563721657545,8.064570701948743e-06,0.0054730258014072,1.3370005650303698e-05,0.0062548866301799,2.832641761503345e-05,0.0070367474589523,5.90408614201689e-05,0.0078186082877249,6.743126554491231e-05,0.0086004691164973,9.337817043219704e-05,1,1,1,1,1
116,3,13:15:51,4,0.0046911649726348,0.0,0.0050820953870212,0.0046911649726348,1.3292610538000928e-05,0.0039093041438624,1.2499310636897524e-05,0.00312744331509,7.526674671444484e-06,0.0023455824863174,2.3581710255312067e-05,0.001563721657545,8.064570701948743e-06,0.0054730258014072,1.246061308074614e-05,0.0062548866301799,2.821032494657929e-05,0.0070367474589523,5.90408614201689e-05,0.0078186082877249,6.743126554491231e-05,0.0086004691164973,9.332012409797e-05,1,1,1,1,1
117,3,13:15:54,4,0.0046911649726348,43709.0,0.0050820953870212,0.0046911649726348,1.3815027546044632e-05,0.0039093041438624,1.2499310636897524e-05,0.00312744331509,8.958484249045749e-06,0.0023455824863174,2.3581710255312067e-05,0.001563721657545,8.064570701948743e-06,0.0054730258014072,1.3505447096833548e-05,0.0062548866301799,2.8848834623077152e-05,0.0070367474589523,5.90408614201689e-05,0.0078186082877249,6.743126554491231e-05,0.0086004691164973,9.332012409797e-05,1,1,1,1,1
118,3,13:15:57,4,0.0054730258014072,469095.0,0.0050820953870212,0.0046911649726348,1.091271083469072e-05,0.0039093041438624,1.2499310636897524e-05,0.00312744331509,9.016530583272828e-06,0.0023455824863174,2.3581710255312067e-05,0.001563721657545,8.064570701948743e-06,0.0054730258014072,1.518879078941882e-05,0.0062548866301799,3.233161467670185e-05,0.0070367474589523,5.865388585865504e-05,0.0078186082877249,6.743126554491231e-05,0.0086004691164973,0.0001126689021736,1,1,1,1,1
119,3,13:16:00,4,0.0046911649726348,170964.0,0.0050820953870212,0.0046911649726348,9.480901257089452e-06,0.0039093041438624,1.2499310636897524e-05,0.00312744331509,9.016530583272828e-06,0.0023455824863174,2.3581710255312067e-05,0.001563721657545,8.064570701948743e-06,0.0054730258014072,1.2789542308032916e-05,0.0062548866301799,3.233161467670185e-05,0.0070367474589523,5.865388585865504e-05,0.0078186082877249,6.743126554491231e-05,0.0086004691164973,0.0001126689021736,1,1,1,1,1
120,3,13:16:03,4,0.0046911649726348,262340.0,0.0050820953870212,0.0046911649726348,9.403506144786684e-06,0.0039093041438624,1.2596054527275987e-05,0.00312744331509,9.016530583272828e-06,0.0023455824863174,2.3581710255312067e-05,0.001563721657545,8.064570701948743e-06,0.0054730258014072,8.919786692894364e-06,0.0062548866301799,3.2525102457458775e-05,0.0070367474589523,5.865388585865504e-05,0.0078186082877249,6.746996310106369e-05,0.0086004691164973,0.0001126689021736,1,1,1,1,1
121,3,13:16:06,4,0.0054730258014072,3857.0,0.0050820953870212,0.0046911649726348,9.38415736671099e-06,0.0039093041438624,1.2596054527275987e-05,0.00312744331509,9.016530583272828e-06,0.0023455824863174,2.3581710255312067e-05,0.001563721657545,8.064570701948743e-06,0.0054730258014072,1.0622479163555326e-05,0.0062548866301799,3.2525102457458775e-05,0.0070367474589523,5.865388585865504e-05,0.0078186082877249,6.746996310106369e-05,0.0086004691164973,0.0001126689021736,1,1,1,1,1
122,3,13:16:09,4,0.0046911649726348,131070.0,0.0050820953870212,0.0046911649726348,7.604069783747256e-06,0.0039093041438624,1.2596054527275987e-05,0.00312744331509,9.016530583272828e-06,0.0023455824863174,2.3581710255312067e-05,0.001563721657545,8.064570701948743e-06,0.0054730258014072,9.80983048437623e-06,0.0062548866301799,3.2525102457458775e-05,0.0070367474589523,5.865388585865504e-05,0.0078186082877249,6.783758988450185e-05,0.0086004691164973,0.0001126689021736,1,1,1,1,1
123,3,13:16:12,4,0.0046911649726348,177462.0,0.0050820953870212,0.0046911649726348,7.681464896050026e-06,0.0039093041438624,1.28282398641843e-05,0.00312744331509,9.132623251726983e-06,0.0023455824863174,2.3581710255312067e-05,0.001563721657545,8.064570701948743e-06,0.0054730258014072,8.04909167948819e-06,0.0062548866301799,3.2525102457458775e-05,0.0070367474589523,5.865388585865504e-05,0.0078186082877249,6.783758988450185e-05,0.0086004691164973,0.0001126689021736,1,1,1,1,1
124,3,13:16:15,4,0.0054730258014072,65536.0,0.0050820953870212,0.0046911649726348,7.294489334536172e-06,0.0039093041438624,1.28282398641843e-05,0.00312744331509,9.132623251726983e-06,0.0023455824863174,2.3581710255312067e-05,0.001563721657545,8.064570701948743e-06,0.0054730258014072,8.029742901412497e-06,0.0062548866301799,3.2525102457458775e-05,0.0070367474589523,5.865388585865504e-05,0.0078186082877249,6.783758988450185e-05,0.0086004691164973,0.0001129204362886,1,1,1,1,1
125,3,13:16:18,4,0.0046911649726348,91286.0,0.0050820953870212,0.0046911649726348,8.571508687531894e-06,0.0039093041438624,1.28282398641843e-05,0.00312744331509,9.132623251726983e-06,0.0023455824863174,2.3581710255312067e-05,0.001563721657545,8.064570701948743e-06,0.0054730258014072,7.042955219552166e-06,0.0062548866301799,3.736229697638197e-05,0.0070367474589523,5.995025398972645e-05,0.0078186082877249,6.783758988450185e-05,0.0086004691164973,0.0001129204362886,1,1,1,1,1
126,3,13:16:21,4,0.0046911649726348,303293.0,0.0050820953870212,0.0046911649726348,5.804633422707829e-06,0.0039093041438624,1.28282398641843e-05,0.00312744331509,9.132623251726983e-06,0.0023455824863174,2.3581710255312067e-05,0.001563721657545,8.064570701948743e-06,0.0054730258014072,6.694677214189696e-06,0.0062548866301799,3.736229697638197e-05,0.0070367474589523,5.995025398972645e-05,0.0078186082877249,6.727647532030677e-05,0.0086004691164973,0.0001129784826228,1,1,1,1,1
127,3,13:16:24,4,0.0046911649726348,30840.0,0.0050820953870212,0.0046911649726348,5.359611526966895e-06,0.0039093041438624,1.28282398641843e-05,0.00312744331509,9.906574374754694e-06,0.0023455824863174,2.3581710255312067e-05,0.001563721657545,8.064570701948743e-06,0.0054730258014072,8.26192823832081e-06,0.0062548866301799,3.5233931388055764e-05,0.0070367474589523,6.039527588546739e-05,0.0078186082877249,6.727647532030677e-05,0.0086004691164973,0.0001129784826228,1,1,1,1,1
128,3,13:16:27,4,0.0046911649726348,160627.0,0.0050820953870212,0.0046911649726348,3.676267834381625e-06,0.0039093041438624,1.2170381409610748e-05,0.00312744331509,9.906574374754694e-06,0.0023455824863174,2.3581710255312067e-05,0.001563721657545,8.064570701948743e-06,0.0054730258014072,1.0970757168917796e-05,0.0062548866301799,3.5233931388055764e-05,0.0070367474589523,6.25236414737936e-05,0.0078186082877249,6.727647532030677e-05,0.0086004691164973,0.0001129784826228,1,0,1,1,1
129,3,13:16:30,4,0.0046911649726348,162005.0,0.0050820953870212,0.0046911649726348,8.12648679179096e-06,0.0039093041438624,1.2170381409610748e-05,0.00312744331509,9.906574374754694e-06,0.0023455824863174,2.3581710255312067e-05,0.001563721657545,8.064570701948743e-06,0.0054730258014072,9.132623251726983e-06,0.0062548866301799,3.5233931388055764e-05,0.0070367474589523,6.25236414737936e-05,0.0078186082877249,6.727647532030677e-05,0.0086004691164973,0.0001135202484089,1,0,1,1,1
130,3,13:16:33,4,0.0046911649726348,20560.0,0.0050820953870212,0.0046911649726348,9.751784150149151e-06,0.0039093041438624,1.2170381409610748e-05,0.00312744331509,9.906574374754694e-06,0.0023455824863174,2.3581710255312067e-05,0.001563721657545,8.064570701948743e-06,0.0054730258014072,9.693737815922074e-06,0.0062548866301799,3.552416305919116e-05,0.0070367474589523,6.25236414737936e-05,0.0078186082877249,6.727647532030677e-05,0.0086004691164973,0.0001135202484089,1,0,1,1,1
131,3,13:16:36,4,0.0054730258014072,32142.0,0.0050820953870212,0.0046911649726348,9.577645147467915e-06,0.0039093041438624,1.2170381409610748e-05,0.00312744331509,9.906574374754694e-06,0.0023455824863174,2.3581710255312067e-05,0.001563721657545,8.064570701948743e-06,0.0054730258014072,9.364808588635297e-06,0.0062548866301799,3.5330675278434226e-05,0.0070367474589523,6.25236414737936e-05,0.0078186082877249,6.727647532030677e-05,0.0086004691164973,0.0001135202484089,1,0,1,1,1
132,3,13:16:39,4,0.0046911649726348,155485.0,0.0050820953870212,0.0046911649726348,8.977833027121442e-06,0.0039093041438624,1.3660237321439093e-05,0.00312744331509,9.906574374754694e-06,0.0023455824863174,2.3581710255312067e-05,0.001563721657545,8.064570701948743e-06,0.0054730258014072,9.713086593997769e-06,0.0062548866301799,3.5330675278434226e-05,0.0070367474589523,6.207861957805267e-05,0.0078186082877249,6.698624364917137e-05,0.0086004691164973,0.0001135202484089,1,0,1,1,1
133,3,13:16:42,4,0.0054730258014072,24424.0,0.0050820953870212,0.0046911649726348,8.977833027121442e-06,0.0039093041438624,1.3660237321439093e-05,0.00312744331509,9.906574374754694e-06,0.0023455824863174,2.3581710255312067e-05,0.001563721657545,8.064570701948743e-06,0.0054730258014072,9.73243537207346e-06,0.0062548866301799,3.496304849499607e-05,0.0070367474589523,6.207861957805267e-05,0.0078186082877249,6.698624364917137e-05,0.0086004691164973,0.0001135202484089,0,0,1,1,1
134,3,13:16:45,4,0.0054730258014072,53972.0,0.0050820953870212,0.0046911649726348,8.203881904093731e-06,0.0039093041438624,1.3756981211817557e-05,0.00312744331509,9.906574374754694e-06,0.0023455824863174,2.3581710255312067e-05,0.001563721657545,8.064570701948743e-06,0.0054730258014072,1.0235503602041471e-05,0.0062548866301799,3.5253280166131454e-05,0.0070367474589523,6.207861957805267e-05,0.0078186082877249,6.698624364917137e-05,0.0086004691164973,0.0001137137361897,0,0,1,1,1
135,3,13:16:48,4,0.0046911649726348,167110.0,0.0050820953870212,0.0046911649726348,6.849467438795238e-06,0.0039093041438624,1.3756981211817557e-05,0.00312744331509,9.906574374754694e-06,0.0023455824863174,2.3581710255312067e-05,0.001563721657545,8.10326825810013e-06,0.0054730258014072,9.132623251726983e-06,0.0062548866301799,3.5446767946888385e-05,0.0070367474589523,6.207861957805267e-05,0.0078186082877249,6.698624364917137e-05,0.0086004691164973,0.0001140620141951,0,0,1,1,1
136,3,13:16:51,4,0.0046911649726348,128510.0,0.0050820953870212,0.0046911649726348,9.403506144786684e-06,0.0039093041438624,1.3756981211817557e-05,0.00312744331509,9.906574374754694e-06,0.0023455824863174,2.3581710255312067e-05,0.001563721657545,8.10326825810013e-06,0.0054730258014072,9.326111032483912e-06,0.0062548866301799,3.738164575445766e-05,0.0070367474589523,6.227210735880959e-05,0.0078186082877249,6.698624364917137e-05,0.0086004691164973,0.0001141587580854,0,0,1,1,1
137,3,13:16:54,4,0.0046911649726348,0.0,0.0050820953870212,0.0046911649726348,1.0061364599360235e-05,0.0039093041438624,1.3756981211817557e-05,0.00312744331509,9.906574374754694e-06,0.0023455824863174,2.3581710255312067e-05,0.001563721657545,8.10326825810013e-06,0.0054730258014072,1.128033761812888e-05,0.0062548866301799,3.757513353521459e-05,0.0070367474589523,6.227210735880959e-05,0.0078186082877249,6.698624364917137e-05,0.0086004691164973,0.0001141587580854,0,0,1,1,1
138,3,13:16:57,4,0.0046911649726348,873801.0,0.0043002345582485,0.0039093041438624,1.3756981211817557e-05,0.00312744331509,9.80983048437623e-06,0.0023455824863174,2.3581710255312067e-05,0.001563721657545,8.10326825810013e-06,0.0007818608287726,8.881089136742978e-06,0.0046911649726348,6.2109577622973765e-06,0.0054730258014072,1.1299686396204572e-05,0.0062548866301799,3.7497738422911817e-05,0.0070367474589523,6.227210735880959e-05,0.0078186082877249,6.698624364917137e-05,1,1,1,2,1
139,3,13:17:00,4,0.0046911649726348,132355.0,0.0043002345582485,0.0039093041438624,1.3756981211817557e-05,0.00312744331509,9.80983048437623e-06,0.0023455824863174,2.3581710255312067e-05,0.001563721657545,8.10326825810013e-06,0.0007818608287726,8.881089136742978e-06,0.0046911649726348,4.237382398576715e-06,0.0054730258014072,1.1299686396204572e-05,0.0062548866301799,3.7497738422911817e-05,0.0070367474589523,6.227210735880959e-05,0.0078186082877249,6.698624364917137e-05,1,1,1,2,1
140,3,13:17:03,4,0.0046911649726348,104085.0,0.0043002345582485,0.0039093041438624,1.3853725102196018e-05,0.00312744331509,9.80983048437623e-06,0.0023455824863174,2.3581710255312067e-05,0.001563721657545,7.236443000309093e-06,0.0007818608287726,9.055228139424213e-06,0.0046911649726348,2.8636191552025287e-06,0.0054730258014072,1.1957544850778128e-05,0.0062548866301799,3.7497738422911817e-05,0.0070367474589523,6.227210735880959e-05,0.0078186082877249,6.698624364917137e-05,1,1,1,2,1
141,3,13:17:06,4,0.0046911649726348,107940.0,0.0043002345582485,0.0039093041438624,1.3853725102196018e-05,0.00312744331509,9.30676225440822e-06,0.0023455824863174,2.3581710255312067e-05,0.001563721657545,7.236443000309093e-06,0.0007818608287726,9.055228139424213e-06,0.0046911649726348,1.2383217968443368e-06,0.0054730258014072,1.2944332532638458e-05,0.0062548866301799,3.867801388552908e-05,0.0070367474589523,6.227210735880959e-05,0.0078186082877249,6.698624364917137e-05,1,1,1,2,1
142,3,13:17:09,4,0.0039093041438624,814090.0,0.0043002345582485,0.0039093041438624,2.2444582567803605e-06,0.00312744331509,9.364808588635297e-06,0.0023455824863174,2.3581710255312067e-05,0.001563721657545,7.236443000309093e-06,0.0007818608287726,9.055228139424213e-06,0.0046911649726348,4.488916513560721e-06,0.0054730258014072,1.3215215425698156e-05,0.0062548866301799,3.867801388552908e-05,0.0070367474589523,6.227210735880959e-05,0.0078186082877249,6.698624364917137e-05,1,1,1,2,1
143,3,13:17:12,4,0.0046911649726348,5140.0,0.0043002345582485,0.0039093041438624,2.2444582567803605e-06,0.00312744331509,1.3428051984530778e-05,0.0023455824863174,2.3581710255312067e-05,0.001563721657545,7.236443000309093e-06,0.0007818608287726,9.055228139424213e-06,0.0046911649726348,4.643706738166263e-06,0.0054730258014072,1.331195931607662e-05,0.0062548866301799,4.0129172241206034e-05,0.0070367474589523,6.233015369303667e-05,0.0078186082877249,6.698624364917137e-05,1,1,1,2,1
144,3,13:17:15,4,0.0039093041438624,69338.0,0.0043002345582485,0.0039093041438624,2.0509704760234327e-06,0.00312744331509,1.3911771436423096e-05,0.0023455824863174,2.3581710255312067e-05,0.001563721657545,7.236443000309093e-06,0.0007818608287726,9.055228139424213e-06,0.0046911649726348,4.7211018504690345e-06,0.0054730258014072,1.3505447096833548e-05,0.0062548866301799,4.0129172241206034e-05,0.0070367474589523,6.233015369303667e-05,0.0078186082877249,6.698624364917137e-05,1,1,1,2,1
145,3,13:17:18,4,0.0039093041438624,24400.0,0.0043002345582485,0.0039093041438624,2.03162169794774e-06,0.00312744331509,1.3911771436423096e-05,0.0023455824863174,2.3581710255312067e-05,0.001563721657545,7.236443000309093e-06,0.0007818608287726,9.055228139424213e-06,0.0046911649726348,5.050031077755811e-06,0.0054730258014072,1.5246837123645898e-05,0.0062548866301799,3.921977967164848e-05,0.0070367474589523,6.22140610245825e-05,0.0078186082877249,6.698624364917137e-05,1,1,1,2,2
146,3,13:17:21,4,0.0046911649726348,65499.0,0.0043002345582485,0.0039093041438624,2.3218533690831315e-06,0.00312744331509,1.4511583556769573e-05,0.0023455824863174,2.3581710255312067e-05,0.001563721657545,7.236443000309093e-06,0.0007818608287726,9.055228139424213e-06,0.0046911649726348,4.798496962771805e-06,0.0054730258014072,1.598209069052222e-05,0.0062548866301799,3.9026291890891546e-05,0.0070367474589523,6.614186297394814e-05,0.0078186082877249,6.698624364917137e-05,1,1,1,2,1
147,3,13:17:24,4,0.0039093041438624,79669.0,0.0043002345582485,0.0039093041438624,5.417657861193973e-06,0.00312744331509,1.4511583556769573e-05,0.0023455824863174,2.3581710255312067e-05,0.001563721657545,7.236443000309093e-06,0.0007818608287726,9.151972029802676e-06,0.0046911649726348,3.6375702782302393e-06,0.0054730258014072,1.6756041813549934e-05,0.0062548866301799,3.9026291890891546e-05,0.0070367474589523,6.614186297394814e-05,0.0078186082877249,6.698624364917137e-05,1,1,1,2,1
148,3,13:17:27,4,0.0046911649726348,12850.0,0.0043002345582485,0.0039093041438624,5.417657861193973e-06,0.00312744331509,1.4898559118283427e-05,0.0023455824863174,2.3581710255312067e-05,0.001563721657545,7.236443000309093e-06,0.0007818608287726,9.151972029802676e-06,0.0046911649726348,5.127426190058582e-06,0.0054730258014072,1.694952959430686e-05,0.0062548866301799,3.9026291890891546e-05,0.0070367474589523,6.614186297394814e-05,0.0078186082877249,6.698624364917137e-05,1,1,1,2,1
149,3,13:17:30,4,0.0039093041438624,128400.0,0.0043002345582485,0.0039093041438624,3.579523944003161e-06,0.00312744331509,1.4898559118283427e-05,0.0023455824863174,2.3581710255312067e-05,0.001563721657545,7.236443000309093e-06,0.0007818608287726,9.151972029802676e-06,0.0046911649726348,5.32091397081551e-06,0.0054730258014072,1.745259782427487e-05,0.0062548866301799,3.9026291890891546e-05,0.0070367474589523,6.614186297394814e-05,0.0078186082877249,6.698624364917137e-05,1,1,1,2,1
150,3,13:17:33,4,0.0039093041438624,17976.0,0.0043002345582485,0.0039093041438624,3.6375702782302393e-06,0.00312744331509,1.4898559118283427e-05,0.0023455824863174,2.3581710255312067e-05,0.001563721657545,7.236443000309093e-06,0.0007818608287726,9.151972029802676e-06,0.0046911649726348,5.514401751572438e-06,0.0054730258014072,1.745259782427487e-05,0.0062548866301799,3.9026291890891546e-05,0.0070367474589523,6.614186297394814e-05,0.0078186082877249,6.737321921068523e-05,1,1,1,1,1
151,3,13:17:36,4,0.0046911649726348,32125.0,0.0043002345582485,0.0039093041438624,3.6375702782302393e-06,0.00312744331509,1.5324232235948667e-05,0.0023455824863174,2.367845414569053e-05,0.001563721657545,7.236443000309093e-06,0.0007818608287726,9.151972029802676e-06,0.0046911649726348,5.224170080437046e-06,0.0054730258014072,2.170932900092728e-05,0.0062548866301799,3.9026291890891546e-05,0.0070367474589523,6.6528838535462e-05,0.0078186082877249,6.737321921068523e-05,1,1,1,1,1
152,3,13:17:39,4,0.0039093041438624,71953.0,0.0043002345582485,0.0039093041438624,3.50212883170039e-06,0.00312744331509,1.6930180816231168e-05,0.0023455824863174,2.367845414569053e-05,0.001563721657545,7.236443000309093e-06,0.0007818608287726,9.151972029802676e-06,0.0046911649726348,5.243518858512739e-06,0.0054730258014072,2.172867777900297e-05,0.0062548866301799,3.9026291890891546e-05,0.0070367474589523,6.6528838535462e-05,0.0078186082877249,6.737321921068523e-05,1,1,1,1,1
153,3,13:17:42,4,0.0039093041438624,84776.0,0.0043002345582485,0.0039093041438624,4.779148184696112e-06,0.00312744331509,1.6930180816231168e-05,0.0023455824863174,2.367845414569053e-05,0.001563721657545,7.236443000309093e-06,0.0007818608287726,1.4530932334845264e-05,0.0046911649726348,4.469567735485028e-06,0.0054730258014072,2.172867777900297e-05,0.0062548866301799,3.9026291890891546e-05,0.0070367474589523,6.6528838535462e-05,0.0078186082877249,6.737321921068523e-05,1,1,1,1,2
154,3,13:17:45,4,0.0046911649726348,32115.0,0.0043002345582485,0.0039093041438624,5.437006639269666e-06,0.00312744331509,1.6930180816231168e-05,0.0023455824863174,2.367845414569053e-05,0.001563721657545,7.236443000309093e-06,0.0007818608287726,1.4530932334845264e-05,0.0046911649726348,5.1467749681342745e-06,0.0054730258014072,2.1670631444775893e-05,0.0062548866301799,3.9026291890891546e-05,0.0070367474589523,6.6528838535462e-05,0.0078186082877249,6.737321921068523e-05,1,1,1,2,2
155,3,13:17:48,4,0.0039093041438624,350532.0,0.0043002345582485,0.0039093041438624,1.547902246055421e-07,0.00312744331509,1.6930180816231168e-05,0.0023455824863174,2.367845414569053e-05,0.001563721657545,7.236443000309093e-06,0.0007818608287726,1.4530932334845264e-05,0.0046911649726348,5.1467749681342745e-06,0.0054730258014072,1.723976126544225e-05,0.0062548866301799,3.9026291890891546e-05,0.0070367474589523,6.6528838535462e-05,0.0078186082877249,6.737321921068523e-05,1,1,1,2,2
156,3,13:17:51,4,0.0039093041438624,3852.0,0.0043002345582485,0.0039093041438624,1.47050713375265e-06,0.00312744331509,1.6930180816231168e-05,0.0023455824863174,2.367845414569053e-05,0.001563721657545,7.236443000309093e-06,0.0007818608287726,1.4530932334845264e-05,0.0046911649726348,5.475704195421052e-06,0.0054730258014072,1.665929792317147e-05,0.0062548866301799,3.9026291890891546e-05,0.0070367474589523,6.6528838535462e-05,0.0078186082877249,6.71797314299283e-05,1,1,1,2,2
157,3,13:17:54,4,0.0046911649726348,23130.0,0.0043002345582485,0.0039093041438624,1.6059485802824992e-06,0.00312744331509,1.6930180816231168e-05,0.0023455824863174,2.367845414569053e-05,0.001563721657545,7.236443000309093e-06,0.0007818608287726,1.4530932334845264e-05,0.0046911649726348,5.127426190058582e-06,0.0054730258014072,1.5749905353613907e-05,0.0062548866301799,3.9026291890891546e-05,0.0070367474589523,6.6528838535462e-05,0.0078186082877249,6.71797314299283e-05,1,1,2,1,2
158,3,13:17:57,4,0.0046911649726348,122006.0,0.0043002345582485,0.0039093041438624,5.727238310405057e-06,0.00312744331509,1.6930180816231168e-05,0.0023455824863174,2.367845414569053e-05,0.001563721657545,7.236443000309093e-06,0.0007818608287726,1.4530932334845264e-05,0.0046911649726348,4.585660403939185e-06,0.0054730258014072,1.5749905353613907e-05,0.0062548866301799,3.9026291890891546e-05,0.0070367474589523,6.6528838535462e-05,0.0078186082877249,6.71797314299283e-05,1,1,2,1,2
159,3,13:18:00,4,0.0039093041438624,418568.0,0.0043002345582485,0.0039093041438624,5.998121203464756e-07,0.00312744331509,1.652385647664162e-05,0.0023455824863174,2.367845414569053e-05,0.001563721657545,7.236443000309093e-06,0.0007818608287726,1.4124607995255716e-05,0.0046911649726348,4.527614069712106e-06,0.0054730258014072,1.5749905353613907e-05,0.0062548866301799,3.9026291890891546e-05,0.0070367474589523,6.681907020659738e-05,0.0078186082877249,6.737321921068523e-05,1,1,2,1,2
160,3,13:18:03,4,0.0046911649726348,106627.0,0.0043002345582485,0.0039093041438624,1.547902246055421e-07,0.00312744331509,1.652385647664162e-05,0.0023455824863174,2.367845414569053e-05,0.001563721657545,7.236443000309093e-06,0.0007818608287726,1.4124607995255716e-05,0.0046911649726348,4.159987286273944e-06,0.0054730258014072,1.5749905353613907e-05,0.0062548866301799,3.952936012085956e-05,0.0070367474589523,6.681907020659738e-05,0.0078186082877249,6.737321921068523e-05,1,1,2,1,2
161,3,13:18:06,4,0.0046911649726348,23116.0,0.0043002345582485,0.0039093041438624,1.2383217968443368e-06,0.00312744331509,1.6485158920490234e-05,0.0023455824863174,2.367845414569053e-05,0.001563721657545,7.236443000309093e-06,0.0007818608287726,1.3989166548725868e-05,0.0046911649726348,5.0113335216044255e-06,0.0054730258014072,1.702692470660963e-05,0.0062548866301799,3.952936012085956e-05,0.0070367474589523,6.681907020659738e-05,0.0078186082877249,6.737321921068523e-05,1,2,2,1,2
162,3,13:18:09,4,0.0046911649726348,89950.0,0.0043002345582485,0.0039093041438624,1.2479961858821832e-05,0.00312744331509,1.6059485802824993e-05,0.0023455824863174,2.367845414569053e-05,0.001563721657545,7.236443000309093e-06,0.0007818608287726,1.406656166102864e-05,0.0046911649726348,6.926862551098009e-06,0.0054730258014072,1.7317156377745023e-05,0.0062548866301799,3.952936012085956e-05,0.0070367474589523,6.681907020659738e-05,0.0078186082877249,6.737321921068523e-05,1,2,2,1,2
163,3,13:18:12,4,0.0046911649726348,12850.0,0.0043002345582485,0.0039093041438624,1.2944332532638458e-05,0.00312744331509,1.6059485802824993e-05,0.0023455824863174,2.367845414569053e-05,0.001563721657545,7.236443000309093e-06,0.0007818608287726,1.406656166102864e-05,0.0046911649726348,6.733374770341081e-06,0.0054730258014072,1.81878513911512e-05,0.0062548866301799,3.952936012085956e-05,0.0070367474589523,6.681907020659738e-05,0.0078186082877249,6.737321921068523e-05,1,2,2,1,2
164,3,13:18:15,4,0.0046911649726348,65535.0,0.0043002345582485,0.0039093041438624,1.3331308094152314e-05,0.00312744331509,1.6059485802824993e-05,0.0023455824863174,2.367845414569053e-05,0.001563721657545,7.333186890687557e-06,0.0007818608287726,1.414395677333141e-05,0.0046911649726348,6.133562649994606e-06,0.0054730258014072,1.81878513911512e-05,0.0062548866301799,3.954870889893525e-05,0.0070367474589523,6.681907020659738e-05,0.0078186082877249,6.737321921068523e-05,1,2,2,1,2
165,3,13:18:18,4,0.0046911649726348,131018.0,0.0043002345582485,0.0039093041438624,1.2383217968443369e-05,0.00312744331509,1.857482695266505e-05,0.0023455824863174,2.367845414569053e-05,0.001563721657545,7.333186890687557e-06,0.0007818608287726,1.414395677333141e-05,0.0046911649726348,9.016530583272828e-06,0.0054730258014072,1.8903756179951828e-05,0.0062548866301799,3.904564066896724e-05,0.0070367474589523,6.662558242584046e-05,0.0078186082877249,6.741191676683661e-05,1,2,2,2,2
166,3,13:18:21,4,0.0046911649726348,16705.0,0.0043002345582485,0.0039093041438624,1.3176517869546773e-05,0.00312744331509,1.892310495802752e-05,0.0023455824863174,2.367845414569053e-05,0.001563721657545,7.333186890687557e-06,0.0007818608287726,1.414395677333141e-05,0.0046911649726348,1.2576705749200296e-05,0.0054730258014072,1.8903756179951828e-05,0.0062548866301799,3.904564066896724e-05,0.0070367474589523,6.662558242584046e-05,0.0078186082877249,6.741191676683661e-05,2,2,2,1,2
167,3,13:18:24,4,0.0046911649726348,673319.0,0.0043002345582485,0.0039093041438624,1.3002378866865537e-05,0.00312744331509,1.892310495802752e-05,0.0023455824863174,2.367845414569053e-05,0.001563721657545,7.333186890687557e-06,0.0007818608287726,1.414395677333141e-05,0.0046911649726348,2.844270377126836e-06,0.0054730258014072,1.861352450881644e-05,0.0062548866301799,3.904564066896724e-05,0.0070367474589523,6.662558242584046e-05,0.0078186082877249,6.741191676683661e-05,2,2,2,1,2
168,3,13:18:27,4,0.0039093041438624,197846.0,0.0043002345582485,0.0039093041438624,1.3137820313395388e-05,0.00312744331509,1.834264161575674e-05,0.0023455824863174,2.367845414569053e-05,0.001563721657545,7.333186890687557e-06,0.0007818608287726,1.414395677333141e-05,0.0046911649726348,2.283155812931746e-06,0.0054730258014072,1.842003672805951e-05,0.0062548866301799,3.94326162304811e-05,0.0070367474589523,6.662558242584046e-05,0.0078186082877249,6.741191676683661e-05,2,2,2,1,2
169,3,13:18:30,4,0.0039093041438624,39807.0,0.0043002345582485,0.0039093041438624,1.2596054527275987e-05,0.00312744331509,1.8536129396513663e-05,0.0023455824863174,2.367845414569053e-05,0.001563721657545,7.333186890687557e-06,0.0007818608287726,1.414395677333141e-05,0.0046911649726348,2.263807034856053e-06,0.0054730258014072,1.842003672805951e-05,0.0062548866301799,3.962610401123802e-05,0.0070367474589523,6.662558242584046e-05,0.0078186082877249,6.741191676683661e-05,2,2,2,1,2
170,3,13:18:33,4,0.0046911649726348,56540.0,0.0043002345582485,0.0039093041438624,1.4298746997936952e-05,0.00312744331509,1.87102683991949e-05,0.0023455824863174,2.367845414569053e-05,0.001563721657545,7.333186890687557e-06,0.0007818608287726,8.823042802515899e-06,0.0046911649726348,1.4124607995255717e-06,0.0054730258014072,1.8748965955346286e-05,0.0062548866301799,3.962610401123802e-05,0.0070367474589523,6.662558242584046e-05,0.0078186082877249,6.741191676683661e-05,2,2,1,1,2
171,3,13:18:36,4,0.0054730258014072,158105.0,0.0050820953870212,0.0046911649726348,5.707889532329365e-06,0.0039093041438624,1.4298746997936952e-05,0.00312744331509,1.87102683991949e-05,0.0023455824863174,2.367845414569053e-05,0.001563721657545,7.333186890687557e-06,0.0054730258014072,1.7762178273485957e-05,0.0062548866301799,3.962610401123802e-05,0.0070367474589523,6.662558242584046e-05,0.0078186082877249,6.741191676683661e-05,0.0086004691164973,0.000113288063072,1,2,1,1,2
172,3,13:18:39,4,0.0046911649726348,344380.0,0.0050820953870212,0.0046911649726348,1.7026924706609631e-06,0.0039093041438624,1.60401370247493e-05,0.00312744331509,1.913594151686014e-05,0.0023455824863174,2.367845414569053e-05,0.001563721657545,7.333186890687557e-06,0.0054730258014072,1.7181714931215175e-05,0.0062548866301799,3.962610401123802e-05,0.0070367474589523,6.662558242584046e-05,0.0078186082877249,6.741191676683661e-05,0.0086004691164973,0.0001130945752913,2,2,1,1,1
173,3,13:18:42,4,0.0054730258014072,133641.0,0.0050820953870212,0.0046911649726348,1.7607388048880415e-06,0.0039093041438624,1.555641757285698e-05,0.00312744331509,1.913594151686014e-05,0.0023455824863174,2.367845414569053e-05,0.001563721657545,7.333186890687557e-06,0.0054730258014072,1.772348071733457e-05,0.0062548866301799,3.962610401123802e-05,0.0070367474589523,6.662558242584046e-05,0.0078186082877249,6.741191676683661e-05,0.0086004691164973,0.0001130945752913,2,2,1,1,1
174,3,13:18:45,4,0.0054730258014072,70728.0,0.0050820953870212,0.0046911649726348,1.785892216386442e-05,0.0039093041438624,1.555641757285698e-05,0.00312744331509,1.913594151686014e-05,0.0023455824863174,2.367845414569053e-05,0.001563721657545,7.333186890687557e-06,0.0054730258014072,1.6756041813549934e-05,0.0062548866301799,3.962610401123802e-05,0.0070367474589523,6.662558242584046e-05,0.0078186082877249,6.741191676683661e-05,0.0086004691164973,0.000113288063072,2,2,1,1,2
175,3,13:18:48,4,0.0054730258014072,59150.0,0.0050820953870212,0.0046911649726348,2.954558412158285e-05,0.0039093041438624,1.555641757285698e-05,0.00312744331509,1.913594151686014e-05,0.0023455824863174,2.367845414569053e-05,0.001563721657545,7.333186890687557e-06,0.0054730258014072,1.609818335897638e-05,0.0062548866301799,3.962610401123802e-05,0.0070367474589523,6.662558242584046e-05,0.0078186082877249,6.741191676683661e-05,0.0086004691164973,0.000113288063072,2,2,1,1,2
176,3,13:18:51,4,0.0046911649726348,289175.0,0.0050820953870212,0.0046911649726348,2.88683768889336e-05,0.0039093041438624,1.555641757285698e-05,0.00312744331509,1.913594151686014e-05,0.0023455824863174,2.367845414569053e-05,0.001563721657545,7.333186890687557e-06,0.0054730258014072,1.6775390591625627e-05,0.0062548866301799,3.962610401123802e-05,0.0070367474589523,6.662558242584046e-05,0.0078186082877249,6.741191676683661e-05,0.0086004691164973,0.000113288063072,2,2,1,1,2
177,3,13:18:54,4,0.0054730258014072,1130394.0,0.0058639562157936,0.0054730258014072,1.2441264302670446e-05,0.0046911649726348,2.88683768889336e-05,0.0039093041438624,1.555641757285698e-05,0.00312744331509,1.913594151686014e-05,0.0023455824863174,2.367845414569053e-05,0.0062548866301799,3.962610401123802e-05,0.0070367474589523,6.662558242584046e-05,0.0078186082877249,6.741191676683661e-05,0.0086004691164973,0.000113288063072,0.0093823299452697,5.873902048218809e-05,1,1,1,1,1
178,3,13:18:57,4,0.0054730258014072,198182.0,0.0058639562157936,0.0054730258014072,1.4550281112920956e-05,0.0046911649726348,2.88683768889336e-05,0.0039093041438624,1.5537068794781287e-05,0.00312744331509,1.981314874950939e-05,0.0023455824863174,2.367845414569053e-05,0.0062548866301799,3.695597263679242e-05,0.0070367474589523,6.662558242584046e-05,0.0078186082877249,6.741191676683661e-05,0.0086004691164973,0.0001133848069624,0.0093823299452697,5.873902048218809e-05,1,1,1,1,1
179,3,13:19:00,4,0.0054730258014072,149176.0,0.0058639562157936,0.0054730258014072,2.306374346622577e-05,0.0046911649726348,2.8790981776630832e-05,0.0039093041438624,1.5537068794781287e-05,0.00312744331509,2.0200124311023243e-05,0.0023455824863174,2.367845414569053e-05,0.0062548866301799,3.892954800051309e-05,0.0070367474589523,6.662558242584046e-05,0.0078186082877249,6.741191676683661e-05,0.0086004691164973,0.0001133848069624,0.0093823299452697,5.873902048218809e-05,1,1,1,1,1
180,3,13:19:03,4,0.0062548866301799,808114.0,0.0058639562157936,0.0054730258014072,2.0703192540991256e-05,0.0046911649726348,2.865554033010098e-05,0.0039093041438624,1.5537068794781287e-05,0.00312744331509,2.0200124311023243e-05,0.0023455824863174,2.367845414569053e-05,0.0062548866301799,2.8984276069607003e-05,0.0070367474589523,6.662558242584046e-05,0.0078186082877249,6.741191676683661e-05,0.0086004691164973,0.0001133848069624,0.0093823299452697,5.931948382445887e-05,1,0,1,1,1
181,3,13:19:06,4,0.0062548866301799,712985.0,0.0058639562157936,0.0054730258014072,2.1535189998246045e-05,0.0046911649726348,2.865554033010098e-05,0.0039093041438624,1.57692541316896e-05,0.00312744331509,2.0200124311023243e-05,0.0023455824863174,2.367845414569053e-05,0.0062548866301799,1.8826167579868302e-05,0.0070367474589523,6.662558242584046e-05,0.0078186082877249,6.741191676683661e-05,0.0086004691164973,0.0001133848069624,0.0093823299452697,5.931948382445887e-05,1,0,1,1,1
182,3,13:19:09,4,0.0054730258014072,113176.0,0.0058639562157936,0.0054730258014072,1.9987287752190623e-05,0.0046911649726348,2.871358666432806e-05,0.0039093041438624,1.4975954230586198e-05,0.00312744331509,2.0200124311023243e-05,0.0023455824863174,2.367845414569053e-05,0.0062548866301799,1.8768121245641223e-05,0.0070367474589523,6.662558242584046e-05,0.0078186082877249,6.741191676683661e-05,0.0086004691164973,0.0001139652703047,0.0093823299452697,5.931948382445887e-05,1,0,1,1,1
183,3,13:19:12,4,0.0054730258014072,145326.0,0.0058639562157936,0.0054730258014072,1.880701228957337e-05,0.0046911649726348,1.7433249046199178e-05,0.0039093041438624,1.4975954230586198e-05,0.00312744331509,2.0200124311023243e-05,0.0023455824863174,2.367845414569053e-05,0.0062548866301799,1.869072613333845e-05,0.0070367474589523,6.639339708893214e-05,0.0078186082877249,6.741191676683661e-05,0.0086004691164973,0.0001139652703047,0.0093823299452697,5.931948382445887e-05,1,0,1,1,1
184,3,13:19:15,4,0.0062548866301799,1185327.0,0.0058639562157936,0.0054730258014072,1.880701228957337e-05,0.0046911649726348,1.7433249046199178e-05,0.0039093041438624,1.4975954230586198e-05,0.00312744331509,2.0200124311023243e-05,0.0023455824863174,2.367845414569053e-05,0.0062548866301799,9.091990817768028e-07,0.0070367474589523,6.60064215274183e-05,0.0078186082877249,6.741191676683661e-05,0.0086004691164973,0.0001139265727485,0.0093823299452697,5.931948382445887e-05,1,1,1,1,1
185,3,13:19:18,4,0.0062548866301799,136406.0,0.0058639562157936,0.0054730258014072,1.849743184036228e-05,0.0046911649726348,1.6794739369701316e-05,0.0039093041438624,1.4975954230586198e-05,0.00312744331509,1.961966096875246e-05,0.0023455824863174,2.367845414569053e-05,0.0062548866301799,2.319918491275562e-07,0.0070367474589523,6.60064215274183e-05,0.0078186082877249,6.741191676683661e-05,0.0086004691164973,0.0001141200605293,0.0093823299452697,5.931948382445887e-05,0,1,1,1,0
186,3,13:19:21,4,0.0054730258014072,199348.0,0.0058639562157936,0.0054730258014072,1.673669303547424e-05,0.0046911649726348,1.6852785703928396e-05,0.0039093041438624,4.585660403939185e-06,0.00312744331509,1.8013712388469963e-05,0.0023455824863174,2.367845414569053e-05,0.0062548866301799,2.4764501059079165e-06,0.0070367474589523,6.60064215274183e-05,0.0078186082877249,6.721842898607968e-05,0.0086004691164973,0.0001141200605293,0.0093823299452697,5.931948382445887e-05,0,1,1,1,0
187,3,13:19:24,4,0.0062548866301799,964613.0,0.0058639562157936,0.0054730258014072,8.281277016396503e-06,0.0046911649726348,1.6852785703928396e-05,0.0039093041438624,4.585660403939185e-06,0.00312744331509,1.8013712388469963e-05,0.0023455824863174,2.367845414569053e-05,0.0062548866301799,2.534496440134995e-06,0.0070367474589523,6.60064215274183e-05,0.0078186082877249,6.721842898607968e-05,0.0086004691164973,0.0001137717825239,0.0093823299452697,5.931948382445887e-05,0,0,1,1,0
188,3,13:19:27,4,0.0062548866301799,407759.0,0.0058639562157936,0.0054730258014072,4.024545839744095e-06,0.0046911649726348,1.6717344257398548e-05,0.0039093041438624,4.256731176652408e-06,0.00312744331509,1.8013712388469963e-05,0.0023455824863174,2.367845414569053e-05,0.0062548866301799,7.544088571712608e-07,0.0070367474589523,6.60064215274183e-05,0.0078186082877249,6.721842898607968e-05,0.0086004691164973,0.000113539597187,0.0093823299452697,5.931948382445887e-05,0,0,1,1,0
189,3,13:19:30,4,0.0054730258014072,1106584.0,0.0058639562157936,0.0054730258014072,4.06324339589548e-07,0.0046911649726348,1.6717344257398548e-05,0.0039093041438624,4.256731176652408e-06,0.00312744331509,1.8013712388469963e-05,0.0023455824863174,2.367845414569053e-05,0.0062548866301799,9.770939440444088e-06,0.0070367474589523,6.639339708893214e-05,0.0078186082877249,6.721842898607968e-05,0.0086004691164973,0.0001136943874116,0.0093823299452697,5.931948382445887e-05,1,0,1,1,0
190,3,13:19:33,4,0.0046911649726348,240386.0,0.0050820953870212,0.0046911649726348,1.4937256674434814e-05,0.0039093041438624,4.256731176652408e-06,0.00312744331509,1.8013712388469963e-05,0.0023455824863174,2.367845414569053e-05,0.001563721657545,8.165184347942346e-06,0.0054730258014072,1.8961802514178909e-06,0.0062548866301799,1.7452404336494115e-05,0.0070367474589523,6.639339708893214e-05,0.0078186082877249,6.702494120532276e-05,0.0086004691164973,0.0001138298288582,2,1,1,1,1
191,3,13:19:36,4,0.0054730258014072,1161267.0,0.0050820953870212,0.0046911649726348,1.4724420115602192e-05,0.0039093041438624,4.256731176652408e-06,0.00312744331509,1.799436361039427e-05,0.0023455824863174,2.387194192644746e-05,0.001563721657545,8.165184347942346e-06,0.0054730258014072,5.591796863875208e-06,0.0062548866301799,1.706542877498026e-05,0.0070367474589523,6.668362876006754e-05,0.0078186082877249,6.721842898607968e-05,0.0086004691164973,0.0001138298288582,2,1,1,2,1
192,3,13:19:39,4,0.0054730258014072,132372.0,0.0050820953870212,0.0046911649726348,1.3060425201092614e-05,0.0039093041438624,4.430870179333643e-06,0.00312744331509,1.799436361039427e-05,0.0023455824863174,2.387194192644746e-05,0.001563721657545,8.165184347942346e-06,0.0054730258014072,5.553099307723823e-06,0.0062548866301799,1.930988703176062e-05,0.0070367474589523,6.681907020659738e-05,0.0078186082877249,6.721842898607968e-05,0.0086004691164973,0.0001138491776362,1,1,1,1,1
193,3,13:19:42,4,0.0046911649726348,79670.0,0.0050820953870212,0.0046911649726348,1.3621539765287703e-05,0.0039093041438624,5.398309083118281e-06,0.00312744331509,1.799436361039427e-05,0.0023455824863174,2.387194192644746e-05,0.001563721657545,8.165184347942346e-06,0.0054730258014072,4.682404294317648e-06,0.0062548866301799,2.078039416551327e-05,0.0070367474589523,6.681907020659738e-05,0.0078186082877249,6.721842898607968e-05,0.0086004691164973,0.0001138491776362,1,1,1,1,1
194,3,13:19:45,4,0.0054730258014072,449997.0,0.0058639562157936,0.0054730258014072,1.5459673682478518e-05,0.0046911649726348,1.414395677333141e-05,0.0039093041438624,6.481840655357075e-06,0.00312744331509,1.799436361039427e-05,0.0023455824863174,2.387194192644746e-05,0.0062548866301799,1.8710074911414144e-05,0.0070367474589523,6.778650911038203e-05,0.0078186082877249,6.721842898607968e-05,0.0086004691164973,0.0001138491776362,0.0093823299452697,5.931948382445887e-05,0,0,1,1,0
195,3,13:19:48,4,0.0054730258014072,101600.0,0.0058639562157936,0.0054730258014072,1.4685722559450809e-05,0.0046911649726348,1.4163305551407104e-05,0.0039093041438624,6.8107698826438525e-06,0.00312744331509,1.799436361039427e-05,0.0023455824863174,2.387194192644746e-05,0.0062548866301799,1.93679333659877e-05,0.0070367474589523,6.778650911038203e-05,0.0078186082877249,6.721842898607968e-05,0.0086004691164973,0.0001138491776362,0.0093823299452697,5.931948382445887e-05,0,1,1,1,0
196,3,13:19:51,4,0.0054730258014072,109310.0,0.0058639562157936,0.0054730258014072,1.352479587490924e-05,0.0046911649726348,1.2731495973805835e-05,0.0039093041438624,7.333186890687557e-06,0.00312744331509,1.799436361039427e-05,0.0023455824863174,2.387194192644746e-05,0.0062548866301799,1.9406630922139084e-05,0.0070367474589523,6.778650911038203e-05,0.0078186082877249,6.721842898607968e-05,0.0086004691164973,0.0001138491776362,0.0093823299452697,5.931948382445887e-05,0,0,1,1,0
197,3,13:19:54,4,0.0054730258014072,924634.0,0.0050820953870212,0.0046911649726348,1.2731495973805835e-05,0.0039093041438624,7.333186890687557e-06,0.00312744331509,1.812980505692412e-05,0.0023455824863174,2.387194192644746e-05,0.001563721657545,8.165184347942346e-06,0.0054730258014072,7.101001553779244e-06,0.0062548866301799,1.50918534112596e-05,0.0070367474589523,6.778650911038203e-05,0.0078186082877249,6.721842898607968e-05,0.0086004691164973,0.0001138491776362,1,1,1,2,1
198,3,13:19:57,4,0.0046911649726348,177436.0,0.0050820953870212,0.0046911649726348,1.2344520412291982e-05,0.0039093041438624,6.423794321129997e-06,0.00312744331509,1.812980505692412e-05,0.0023455824863174,2.387194192644746e-05,0.001563721657545,8.165184347942346e-06,0.0054730258014072,9.577645147467915e-06,0.0062548866301799,1.580775820006023e-05,0.0070367474589523,6.778650911038203e-05,0.0078186082877249,6.721842898607968e-05,0.0086004691164973,0.0001144296409785,1,1,1,1,1
199,3,13:20:00,4,0.0054730258014072,513114.0,0.0050820953870212,0.0046911649726348,1.3060425201092614e-05,0.0039093041438624,6.423794321129997e-06,0.00312744331509,1.8226548947302584e-05,0.0023455824863174,2.387194192644746e-05,0.001563721657545,8.165184347942346e-06,0.0054730258014072,5.727238310405057e-06,0.0062548866301799,3.5233931388055764e-05,0.0070367474589523,6.778650911038203e-05,0.0078186082877249,6.721842898607968e-05,0.0086004691164973,0.0001144876873127,1,1,1,1,1
200,3,13:20:03,4,0.0054730258014072,18004.0,0.0050820953870212,0.0046911649726348,1.3099122757244e-05,0.0039093041438624,6.423794321129997e-06,0.00312744331509,1.8226548947302584e-05,0.0023455824863174,2.387194192644746e-05,0.001563721657545,8.165184347942346e-06,0.0054730258014072,7.797557564504183e-06,0.0062548866301799,3.5233931388055764e-05,0.0070367474589523,6.778650911038203e-05,0.0078186082877249,6.731517287645815e-05,0.0086004691164973,0.0001145070360908,2,1,1,1,0
201,3,13:20:06,4,0.0054730258014072,47567.0,0.0050820953870212,0.0046911649726348,1.280889108610861e-05,0.0039093041438624,5.456355417345359e-06,0.00312744331509,1.8226548947302584e-05,0.0023455824863174,2.387194192644746e-05,0.001563721657545,8.165184347942346e-06,0.0054730258014072,7.874952676806954e-06,0.0062548866301799,3.552416305919116e-05,0.0070367474589523,6.778650911038203e-05,0.0078186082877249,6.731517287645815e-05,0.0086004691164973,0.0001147005238716,1,1,1,1,0
202,3,13:20:09,4,0.0046911649726348,653242.0,0.0050820953870212,0.0046911649726348,1.4472886000618188e-05,0.0039093041438624,7.13969910993063e-06,0.00312744331509,1.8226548947302584e-05,0.0023455824863174,2.387194192644746e-05,0.001563721657545,8.223230682169424e-06,0.0054730258014072,1.141577906465873e-06,0.0062548866301799,3.5214582609980075e-05,0.0070367474589523,6.778650911038203e-05,0.0078186082877249,6.731517287645815e-05,0.0086004691164973,0.0001147972677619,1,1,1,1,0
203,3,13:20:12,4,0.0046911649726348,429190.0,0.0050820953870212,0.0046911649726348,8.26192823832081e-06,0.0039093041438624,7.13969910993063e-06,0.00312744331509,1.8226548947302584e-05,0.0023455824863174,2.387194192644746e-05,0.001563721657545,8.223230682169424e-06,0.0054730258014072,2.766875264824065e-06,0.0062548866301799,3.4479329043103745e-05,0.0070367474589523,6.817348467189588e-05,0.0078186082877249,6.69281973149443e-05,0.0086004691164973,0.0001147972677619,1,2,1,1,0
204,3,13:20:15,4,0.0054730258014072,131132.0,0.0050820953870212,0.0046911649726348,8.203881904093731e-06,0.0039093041438624,7.13969910993063e-06,0.00312744331509,1.929073174146569e-05,0.0023455824863174,2.387194192644746e-05,0.001563721657545,8.223230682169424e-06,0.0054730258014072,4.488916513560721e-06,0.0062548866301799,3.498239727307176e-05,0.0070367474589523,6.817348467189588e-05,0.0078186082877249,6.69281973149443e-05,0.0086004691164973,0.0001147972677619,1,2,1,1,0
205,3,13:20:18,4,0.0054730258014072,361366.0,0.0058639562157936,0.0054730258014072,2.3992484813859025e-06,0.0046911649726348,8.203881904093731e-06,0.0039093041438624,7.13969910993063e-06,0.00312744331509,1.9155290294935838e-05,0.0023455824863174,2.387194192644746e-05,0.0062548866301799,3.59498361768564e-05,0.0070367474589523,6.817348467189588e-05,0.0078186082877249,6.69281973149443e-05,0.0086004691164973,0.0001147972677619,0.0093823299452697,5.931948382445887e-05,0,1,1,0,0
206,3,13:20:21,4,0.0046911649726348,390764.0,0.0050820953870212,0.0046911649726348,4.97263596545304e-06,0.0039093041438624,7.13969910993063e-06,0.00312744331509,1.9155290294935838e-05,0.0023455824863174,2.387194192644746e-05,0.001563721657545,8.223230682169424e-06,0.0054730258014072,2.9603630455809928e-06,0.0062548866301799,3.59498361768564e-05,0.0070367474589523,6.817348467189588e-05,0.0078186082877249,6.69281973149443e-05,0.0086004691164973,0.0001147972677619,1,2,2,1,0
207,3,13:20:24,4,0.0054730258014072,162036.0,0.0050820953870212,0.0046911649726348,4.97263596545304e-06,0.0039093041438624,7.13969910993063e-06,0.00312744331509,1.9155290294935838e-05,0.0023455824863174,2.387194192644746e-05,0.001563721657545,8.223230682169424e-06,0.0054730258014072,1.9735753637206617e-06,0.0062548866301799,3.59498361768564e-05,0.0070367474589523,6.817348467189588e-05,0.0078186082877249,6.69281973149443e-05,0.0086004691164973,0.0001147972677619,1,2,1,1,0
208,3,13:20:27,4,0.0054730258014072,60402.0,0.0050820953870212,0.0046911649726348,5.088728633907197e-06,0.0039093041438624,8.513462353304815e-06,0.00312744331509,1.9155290294935838e-05,0.0023455824863174,2.387194192644746e-05,0.001563721657545,8.223230682169424e-06,0.0054730258014072,2.418597259461595e-06,0.0062548866301799,3.604658006723486e-05,0.0070367474589523,6.807674078151742e-05,0.0078186082877249,6.69281973149443e-05,0.0086004691164973,0.0001147972677619,2,2,1,1,0
209,3,13:20:30,4,0.0054730258014072,18004.0,0.0050820953870212,0.0046911649726348,5.456355417345359e-06,0.0039093041438624,7.99104534526111e-06,0.00312744331509,1.9155290294935838e-05,0.0023455824863174,2.387194192644746e-05,0.001563721657545,8.223230682169424e-06,0.0054730258014072,8.629555021758972e-06,0.0062548866301799,3.6627043409505645e-05,0.0070367474589523,6.807674078151742e-05,0.0078186082877249,6.69281973149443e-05,0.0086004691164973,0.0001147972677619,2,2,1,1,0
210,3,13:20:33,4,0.0046911649726348,321300.0,0.0050820953870212,0.0046911649726348,2.186411922553282e-06,0.0039093041438624,8.087789235639574e-06,0.00312744331509,1.9155290294935838e-05,0.0023455824863174,2.387194192644746e-05,0.001563721657545,8.223230682169424e-06,0.0054730258014072,1.0138759711663008e-05,0.0062548866301799,3.6627043409505645e-05,0.0070367474589523,6.807674078151742e-05,0.0078186082877249,6.69281973149443e-05,0.0086004691164973,0.0001147972677619,2,2,1,1,0
211,3,13:20:36,4,0.0054730258014072,66822.0,0.0050820953870212,0.0046911649726348,1.2963681310714152e-06,0.0039093041438624,8.087789235639574e-06,0.00312744331509,1.9155290294935838e-05,0.0023455824863174,2.387194192644746e-05,0.001563721657545,8.223230682169424e-06,0.0054730258014072,1.3679586099514784e-05,0.0062548866301799,3.703336774909519e-05,0.0070367474589523,6.807674078151742e-05,0.0078186082877249,6.69281973149443e-05,0.0086004691164973,0.0001136943874116,2,2,2,1,0
212,3,13:20:39,4,0.0054730258014072,1286.0,0.0050820953870212,0.0046911649726348,1.7607388048880415e-06,0.0039093041438624,8.087789235639574e-06,0.00312744331509,1.9174639073011527e-05,0.0023455824863174,2.387194192644746e-05,0.001563721657545,8.223230682169424e-06,0.0054730258014072,1.4840512784056348e-05,0.0062548866301799,3.742034331060904e-05,0.0070367474589523,6.827022856227434e-05,0.0078186082877249,6.69281973149443e-05,0.0086004691164973,0.0001136943874116,2,2,1,1,0
213,3,13:20:42,4,0.0054730258014072,1220364.0,0.0058639562157936,0.0054730258014072,1.954226585644969e-06,0.0046911649726348,7.932999011034033e-07,0.0039093041438624,8.087789235639574e-06,0.00312744331509,1.9174639073011527e-05,0.0023455824863174,2.387194192644746e-05,0.0062548866301799,3.691727508064103e-05,0.0070367474589523,6.827022856227434e-05,0.0078186082877249,6.69281973149443e-05,0.0086004691164973,0.0001136943874116,0.0093823299452697,5.931948382445887e-05,1,1,1,0,0
214,3,13:20:45,4,0.0054730258014072,126028.0,0.0058639562157936,0.0054730258014072,5.030682299680119e-07,0.0046911649726348,1.2383217968443368e-06,0.0039093041438624,8.087789235639574e-06,0.00312744331509,1.9174639073011527e-05,0.0023455824863174,2.387194192644746e-05,0.0062548866301799,3.70140189710195e-05,0.0070367474589523,6.827022856227434e-05,0.0078186082877249,6.69281973149443e-05,0.0086004691164973,0.0001136943874116,0.0093823299452697,5.931948382445887e-05,1,1,1,0,0
215,3,13:20:48,4,0.0054730258014072,78446.0,0.0058639562157936,0.0054730258014072,7.77820878642849e-06,0.0046911649726348,1.2383217968443368e-06,0.0039093041438624,8.145835569866653e-06,0.00312744331509,1.9174639073011527e-05,0.0023455824863174,2.387194192644746e-05,0.0062548866301799,3.734294819830627e-05,0.0070367474589523,6.827022856227434e-05,0.0078186082877249,6.69281973149443e-05,0.0086004691164973,0.0001141781068635,0.0093823299452697,5.931948382445887e-05,1,2,1,0,0
216,3,13:20:51,4,0.0054730258014072,14146.0,0.0058639562157936,0.0054730258014072,8.455416019077737e-06,0.0046911649726348,1.2383217968443368e-06,0.0039093041438624,8.145835569866653e-06,0.00312744331509,2.497927249571936e-05,0.0023455824863174,2.387194192644746e-05,0.0062548866301799,3.75364359790632e-05,0.0070367474589523,6.827022856227434e-05,0.0078186082877249,6.69281973149443e-05,0.0086004691164973,0.0001142748507539,0.0093823299452697,5.931948382445887e-05,1,2,1,0,0
217,3,13:20:54,4,0.0054730258014072,41152.0,0.0058639562157936,0.0054730258014072,1.0738571832009485e-05,0.0046911649726348,1.091271083469072e-05,0.0039093041438624,8.33932335062358e-06,0.00312744331509,2.497927249571936e-05,0.0023455824863174,2.387194192644746e-05,0.0062548866301799,3.745904086676043e-05,0.0070367474589523,6.827022856227434e-05,0.0078186082877249,6.69281973149443e-05,0.0086004691164973,0.0001142748507539,0.0093823299452697,5.968711060789704e-05,1,1,1,0,0
218,3,13:20:57,4,0.0054730258014072,57871.0,0.0058639562157936,0.0054730258014072,9.887225596679e-06,0.0046911649726348,1.091271083469072e-05,0.0039093041438624,8.33932335062358e-06,0.00312744331509,2.497927249571936e-05,0.0023455824863174,2.387194192644746e-05,0.0062548866301799,3.743969208868474e-05,0.0070367474589523,6.827022856227434e-05,0.0078186082877249,6.69281973149443e-05,0.0086004691164973,0.0001145263848689,0.0093823299452697,5.968711060789704e-05,1,1,1,0,0
219,3,13:21:00,4,0.0062548866301799,706563.0,0.0058639562157936,0.0054730258014072,9.887225596679e-06,0.0046911649726348,1.091271083469072e-05,0.0039093041438624,8.33932335062358e-06,0.00312744331509,2.497927249571936e-05,0.0023455824863174,2.387194192644746e-05,0.0062548866301799,2.6913956815507875e-05,0.0070367474589523,6.844436756495557e-05,0.0078186082877249,6.69281973149443e-05,0.0086004691164973,0.0001145263848689,0.0093823299452697,5.968711060789704e-05,1,1,1,0,0
220,3,13:21:03,4,0.0062548866301799,59170.0,0.0058639562157936,0.0054730258014072,9.829179262451924e-06,0.0046911649726348,1.2596054527275987e-05,0.0039093041438624,8.33932335062358e-06,0.00312744331509,2.497927249571936e-05,0.0023455824863174,2.387194192644746e-05,0.0062548866301799,2.664307392244818e-05,0.0070367474589523,6.825087978419865e-05,0.0078186082877249,6.69281973149443e-05,0.0086004691164973,0.0001150488018769,0.0093823299452697,5.968711060789704e-05,2,1,1,0,0
221,3,13:21:06,4,0.0054730258014072,687226.0,0.0058639562157936,0.0054730258014072,1.0022667043208853e-05,0.0046911649726348,1.2596054527275987e-05,0.0039093041438624,9.442203700938067e-06,0.00312744331509,2.497927249571936e-05,0.0023455824863174,2.387194192644746e-05,0.0062548866301799,1.74911018926455e-05,0.0070367474589523,6.81347871157445e-05,0.0078186082877249,6.741191676683661e-05,0.0086004691164973,0.0001150488018769,0.0093823299452697,5.9783854498275496e-05,2,1,1,0,0
222,3,13:21:09,4,0.0062548866301799,826231.0,0.0058639562157936,0.0054730258014072,5.359611526966895e-06,0.0046911649726348,1.2596054527275987e-05,0.0039093041438624,9.442203700938067e-06,0.00312744331509,2.455359937805412e-05,0.0023455824863174,2.387194192644746e-05,0.0062548866301799,5.823788713002765e-06,0.0070367474589523,6.81347871157445e-05,0.0078186082877249,6.741191676683661e-05,0.0086004691164973,0.0001150488018769,0.0093823299452697,5.9783854498275496e-05,1,1,1,0,0
223,3,13:21:12,4,0.0062548866301799,115828.0,0.0058639562157936,0.0054730258014072,4.508265291636414e-06,0.0046911649726348,1.2596054527275987e-05,0.0039093041438624,9.538947591316533e-06,0.00312744331509,2.445685548767565e-05,0.0023455824863174,2.387194192644746e-05,0.0062548866301799,4.817652253066741e-06,0.0070367474589523,6.81347871157445e-05,0.0078186082877249,6.741191676683661e-05,0.0086004691164973,0.0001150488018769,0.0093823299452697,5.9783854498275496e-05,1,1,1,0,0
224,3,13:21:15,4,0.0054730258014072,295835.0,0.0058639562157936,0.0054730258014072,2.225109478704668e-06,0.0046911649726348,1.2596054527275987e-05,0.0039093041438624,9.538947591316533e-06,0.00312744331509,2.445685548767565e-05,0.0023455824863174,2.387194192644746e-05,0.0062548866301799,4.140445020417495e-06,0.0070367474589523,6.81347871157445e-05,0.0078186082877249,6.696689487109568e-05,0.0086004691164973,0.0001150488018769,0.0093823299452697,5.9783854498275496e-05,1,2,1,0,0
225,3,13:21:18,4,0.0062548866301799,455585.0,0.0066458170445662,0.0062548866301799,2.147907854182653e-06,0.0054730258014072,2.225109478704668e-06,0.0046911649726348,1.2596054527275987e-05,0.0039093041438624,9.538947591316533e-06,0.00312744331509,2.445685548767565e-05,0.0070367474589523,6.765106766385218e-05,0.0078186082877249,6.696689487109568e-05,0.0086004691164973,0.0001150488018769,0.0093823299452697,5.9783854498275496e-05,0.0101641907740421,6.714025992265389e-05,0,1,0,0,0
226,3,13:21:21,4,0.0062548866301799,46336.0,0.0066458170445662,0.0062548866301799,2.61227852799928e-06,0.0054730258014072,4.159987286273944e-06,0.0046911649726348,1.2596054527275987e-05,0.0039093041438624,1.4085910439104332e-05,0.00312744331509,2.445685548767565e-05,0.0070367474589523,6.767041644192787e-05,0.0078186082877249,6.696689487109568e-05,0.0086004691164973,0.0001150488018769,0.0093823299452697,5.9783854498275496e-05,0.0101641907740421,6.723700381303235e-05,1,1,0,0,0
227,3,13:21:24,4,0.0062548866301799,882097.0,0.0058639562157936,0.0054730258014072,3.869755615138553e-07,0.0046911649726348,7.197745444157708e-06,0.0039093041438624,1.427939821986126e-05,0.00312744331509,2.445685548767565e-05,0.0023455824863174,2.387194192644746e-05,0.0062548866301799,1.3735697555934291e-06,0.0070367474589523,6.767041644192787e-05,0.0078186082877249,6.696689487109568e-05,0.0086004691164973,0.0001152422896577,0.0093823299452697,5.9783854498275496e-05,1,2,0,0,0
228,3,13:21:27,4,0.0070367474589523,695449.0,0.0058639562157936,0.0054730258014072,5.224170080437046e-07,0.0046911649726348,7.197745444157708e-06,0.0039093041438624,1.427939821986126e-05,0.00312744331509,2.445685548767565e-05,0.0023455824863174,2.387194192644746e-05,0.0062548866301799,1.9348778075692766e-07,0.0070367474589523,5.890522648585829e-05,0.0078186082877249,6.696689487109568e-05,0.0086004691164973,0.0001148553140962,0.0093823299452697,5.9783854498275496e-05,1,1,0,0,0
229,3,13:21:30,4,0.0062548866301799,23162.0,0.0058639562157936,0.0054730258014072,1.1996242406929513e-06,0.0046911649726348,7.197745444157708e-06,0.0039093041438624,1.427939821986126e-05,0.00312744331509,2.445685548767565e-05,0.0023455824863174,2.387194192644746e-05,0.0062548866301799,6.017469981540449e-06,0.0070367474589523,5.896327282008537e-05,0.0078186082877249,6.696689487109568e-05,0.0086004691164973,0.0001148553140962,0.0093823299452697,5.9783854498275496e-05,2,1,0,0,0
230,3,13:21:33,4,0.0062548866301799,3861.0,0.0058639562157936,0.0054730258014072,3.656919056305932e-06,0.0046911649726348,7.77820878642849e-06,0.0039093041438624,1.2596054527275987e-05,0.00312744331509,2.443750670959996e-05,0.0023455824863174,2.387194192644746e-05,0.0062548866301799,6.9655601072493945e-06,0.0070367474589523,5.896327282008537e-05,0.0078186082877249,6.69281973149443e-05,0.0086004691164973,0.0001216351259339,0.0093823299452697,5.9783854498275496e-05,2,1,0,0,0
231,3,13:21:36,4,0.0070367474589523,919036.0,0.0062548866301799,0.0054730258014072,2.6507825963699087e-06,0.0046911649726348,7.77820878642849e-06,0.0039093041438624,1.2596054527275987e-05,0.00312744331509,2.443750670959996e-05,0.0023455824863174,2.387194192644746e-05,0.0070367474589523,5.5848119549898834e-05,0.0078186082877249,6.69281973149443e-05,0.0086004691164973,0.0001216351259339,0.0093823299452697,5.9783854498275496e-05,0.0101641907740421,6.723700381303235e-05,1,1,0,0,0
232,3,13:21:39,4,0.0054730258014072,41152.0,0.0058639562157936,0.0054730258014072,2.766875264824065e-06,0.0046911649726348,7.77820878642849e-06,0.0039093041438624,1.3118471535319694e-05,0.00312744331509,2.443750670959996e-05,0.0023455824863174,2.387194192644746e-05,0.0062548866301799,3.482780053624697e-07,0.0070367474589523,5.5848119549898834e-05,0.0078186082877249,6.69281973149443e-05,0.0086004691164973,0.0001217318698243,0.0093823299452697,5.9783854498275496e-05,2,1,0,0,0
233,3,13:21:42,4,0.0054730258014072,57899.0,0.0058639562157936,0.0054730258014072,3.1345020482622275e-06,0.0046911649726348,7.816906342579876e-06,0.0039093041438624,1.3118471535319694e-05,0.00312744331509,2.443750670959996e-05,0.0023455824863174,2.387194192644746e-05,0.0062548866301799,5.804633422707829e-07,0.0070367474589523,5.5848119549898834e-05,0.0078186082877249,6.69281973149443e-05,0.0086004691164973,0.0001217318698243,0.0093823299452697,5.9783854498275496e-05,1,1,0,0,0
234,3,13:21:45,4,0.0062548866301799,59208.0,0.0066458170445662,0.0062548866301799,4.256731176652408e-07,0.0054730258014072,3.50212883170039e-06,0.0046911649726348,7.99104534526111e-06,0.0039093041438624,1.3118471535319694e-05,0.00312744331509,2.443750670959996e-05,0.0070367474589523,5.579007321567175e-05,0.0078186082877249,6.69281973149443e-05,0.0086004691164973,0.0001217318698243,0.0093823299452697,5.959036671751857e-05,0.0101641907740421,6.743049159378927e-05,0,0,0,0,0
235,3,13:21:48,4,0.0062548866301799,166034.0,0.0066458170445662,0.0062548866301799,9.0939256955756e-06,0.0054730258014072,3.50212883170039e-06,0.0046911649726348,7.99104534526111e-06,0.0039093041438624,1.3118471535319694e-05,0.00312744331509,2.443750670959996e-05,0.0070367474589523,5.5654631769141904e-05,0.0078186082877249,6.69281973149443e-05,0.0086004691164973,0.0001214222893751,0.0093823299452697,5.959036671751857e-05,0.0101641907740421,6.743049159378927e-05,0,0,0,0,0
236,3,13:21:51,4,0.0062548866301799,865266.0,0.0066458170445662,0.0062548866301799,4.372823845106564e-06,0.0054730258014072,3.50212883170039e-06,0.0046911649726348,1.9600312190676768e-05,0.0039093041438624,1.331195931607662e-05,0.00312744331509,2.424401892884303e-05,0.0070367474589523,4.787642298271342e-05,0.0078186082877249,6.69281973149443e-05,0.0086004691164973,0.0001144683385347,0.0093823299452697,5.959036671751857e-05,0.0101641907740421,6.756593304031913e-05,0,0,0,0,0
237,3,13:21:54,4,0.0062548866301799,96525.0,0.0066458170445662,0.0062548866301799,2.9410142675053e-06,0.0054730258014072,2.288960446354454e-05,0.0046911649726348,1.9600312190676768e-05,0.0039093041438624,1.331195931607662e-05,0.00312744331509,2.424401892884303e-05,0.0070367474589523,4.8127957097697424e-05,0.0078186082877249,6.69281973149443e-05,0.0086004691164973,0.0001144683385347,0.0093823299452697,5.959036671751857e-05,0.0101641907740421,6.741114281571358e-05,0,0,0,0,0
238,3,13:21:57,4,0.0062548866301799,253539.0,0.0058639562157936,0.0054730258014072,2.288960446354454e-05,0.0046911649726348,1.9600312190676768e-05,0.0039093041438624,1.331195931607662e-05,0.00312744331509,2.424401892884303e-05,0.0023455824863174,2.387194192644746e-05,0.0062548866301799,1.9735753637206617e-06,0.0070367474589523,4.8224700988075886e-05,0.0078186082877249,6.702494120532276e-05,0.0086004691164973,0.00011431354831,0.0093823299452697,5.962906427366996e-05,1,0,0,0,0
239,3,13:22:00,4,0.0062548866301799,151863.0,0.0058639562157936,0.0054730258014072,2.283155812931746e-05,0.0046911649726348,1.9600312190676768e-05,0.0039093041438624,1.331195931607662e-05,0.00312744331509,2.424401892884303e-05,0.0023455824863174,2.387194192644746e-05,0.0062548866301799,1.973575363720662e-05,0.0070367474589523,4.8224700988075886e-05,0.0078186082877249,6.702494120532276e-05,0.0086004691164973,0.00011431354831,0.0093823299452697,5.962906427366996e-05,1,0,0,0,0
240,3,13:22:03,4,0.0062548866301799,446589.0,0.0058639562157936,0.0054730258014072,2.317983613467993e-05,0.0046911649726348,1.9600312190676768e-05,0.0039093041438624,1.331195931607662e-05,0.00312744331509,2.4224670150767335e-05,0.0023455824863174,2.387194192644746e-05,0.0062548866301799,2.0471007204082943e-05,0.0070367474589523,4.849558388113558e-05,0.0078186082877249,6.71797314299283e-05,0.0086004691164973,0.00011431354831,0.0093823299452697,5.962906427366996e-05,0,0,0,0,0
241,3,13:22:06,4,0.0062548866301799,78492.0,0.0058639562157936,0.0054730258014072,2.288960446354454e-05,0.0046911649726348,1.9600312190676768e-05,0.0039093041438624,1.331195931607662e-05,0.00312744331509,2.4224670150767335e-05,0.0023455824863174,2.387194192644746e-05,0.0062548866301799,2.2328489899349447e-05,0.0070367474589523,4.917279111378483e-05,0.0078186082877249,6.71797314299283e-05,0.0086004691164973,0.00011431354831,0.0093823299452697,5.962906427366996e-05,0,0,0,0,0
242,3,13:22:09,4,0.0054730258014072,43724.0,0.0058639562157936,0.0054730258014072,2.35281141400424e-05,0.0046911649726348,1.9600312190676768e-05,0.0039093041438624,1.3640888543363398e-05,0.00312744331509,2.3837694589253483e-05,0.0023455824863174,2.387194192644746e-05,0.0062548866301799,2.3025045910074388e-05,0.0070367474589523,4.955976667529869e-05,0.0078186082877249,6.71797314299283e-05,0.0086004691164973,0.0001139846190828,0.0093823299452697,5.962906427366996e-05,0,0,0,0,0
243,3,13:22:12,4,0.0062548866301799,670518.0,0.0058639562157936,0.0054730258014072,2.3353975137361163e-05,0.0046911649726348,1.9600312190676768e-05,0.0039093041438624,1.3640888543363398e-05,0.00312744331509,2.3837694589253483e-05,0.0023455824863174,2.387194192644746e-05,0.0062548866301799,1.7762178273485957e-05,0.0070367474589523,4.955976667529869e-05,0.0078186082877249,6.669601197803598e-05,0.0086004691164973,0.0001139846190828,0.0093823299452697,5.962906427366996e-05,0,0,0,0,0
244,3,13:22:15,4,0.0062548866301799,27007.0,0.0058639562157936,0.0054730258014072,2.341202147158824e-05,0.0046911649726348,1.9600312190676768e-05,0.0039093041438624,1.3640888543363398e-05,0.00312744331509,2.1515841220170352e-05,0.0023455824863174,2.4065429707204387e-05,0.0062548866301799,2.2231746008970985e-05,0.0070367474589523,5.046915924485625e-05,0.0078186082877249,6.669601197803598e-05,0.0086004691164973,0.0001139846190828,0.0093823299452697,5.962906427366996e-05,0,0,0,0,0
245,3,13:22:18,4,0.0046911649726348,3150745.0,0.0043002345582485,0.0039093041438624,1.3640888543363398e-05,0.00312744331509,2.1515841220170352e-05,0.0023455824863174,2.4065429707204387e-05,0.001563721657545,6.346399208827226e-06,0.0007818608287726,1.3660237321439093e-05,0.0046911649726348,1.0622479163555326e-05,0.0054730258014072,1.1609266845415657e-07,0.0062548866301799,2.267676790471192e-05,0.0070367474589523,5.0604600691386096e-05,0.0078186082877249,6.656057053150613e-05,1,1,1,0,1
246,3,13:22:21,4,0.0046911649726348,125930.0,0.0043002345582485,0.0039093041438624,1.3640888543363398e-05,0.00312744331509,2.1515841220170352e-05,0.0023455824863174,2.416217359758285e-05,0.001563721657545,6.346399208827226e-06,0.0007818608287726,1.3660237321439093e-05,0.0046911649726348,8.726298912137435e-06,0.0054730258014072,1.2383217968443368e-06,0.0062548866301799,2.267676790471192e-05,0.0070367474589523,5.08561348063701e-05,0.0078186082877249,6.656057053150613e-05,1,1,1,0,1
247,3,13:22:24,4,0.0046911649726348,78369.0,0.0043002345582485,0.0039093041438624,1.3911771436423096e-05,0.00312744331509,2.1515841220170352e-05,0.0023455824863174,2.416217359758285e-05,0.001563721657545,6.346399208827226e-06,0.0007818608287726,1.064182794163102e-05,0.0046911649726348,7.855603898731262e-06,0.0054730258014072,2.5153411498400597e-06,0.0062548866301799,2.2870255685468847e-05,0.0070367474589523,5.126245914595965e-05,0.0078186082877249,6.656057053150613e-05,1,1,1,0,0
248,3,13:22:27,4,0.0039093041438624,140050.0,0.0043002345582485,0.0039093041438624,1.3621539765287703e-05,0.00312744331509,2.1515841220170352e-05,0.0023455824863174,2.416217359758285e-05,0.001563721657545,6.346399208827226e-06,0.0007818608287726,1.064182794163102e-05,0.0046911649726348,6.036818759616142e-06,0.0054730258014072,3.192548382489306e-06,0.0062548866301799,2.2850906907393157e-05,0.0070367474589523,5.149464448286797e-05,0.0078186082877249,6.656057053150613e-05,1,1,1,0,1
249,3,13:22:30,4,0.0046911649726348,3855.0,0.0043002345582485,0.0039093041438624,1.609818335897638e-05,0.00312744331509,2.1322353439413424e-05,0.0023455824863174,2.416217359758285e-05,0.001563721657545,6.346399208827226e-06,0.0007818608287726,1.064182794163102e-05,0.0046911649726348,5.978772425389064e-06,0.0054730258014072,3.192548382489306e-06,0.0062548866301799,2.571452606259568e-05,0.0070367474589523,5.149464448286797e-05,0.0078186082877249,6.656057053150613e-05,1,1,1,0,1
250,3,13:22:33,4,0.0039093041438624,46239.0,0.0043002345582485,0.0039093041438624,1.646581014241454e-05,0.00312744331509,2.1322353439413424e-05,0.0023455824863174,2.416217359758285e-05,0.001563721657545,6.346399208827226e-06,0.0007818608287726,1.064182794163102e-05,0.0046911649726348,5.688540754253672e-06,0.0054730258014072,2.167063144477589e-06,0.0062548866301799,2.584996750912553e-05,0.0070367474589523,5.149464448286797e-05,0.0078186082877249,6.656057053150613e-05,1,0,1,0,1
251,3,13:22:36,4,0.0046911649726348,2570.0,0.0043002345582485,0.0039093041438624,1.6078834580900686e-05,0.00312744331509,2.1322353439413424e-05,0.0023455824863174,2.416217359758285e-05,0.001563721657545,6.346399208827226e-06,0.0007818608287726,1.064182794163102e-05,0.0046911649726348,5.649843198102287e-06,0.0054730258014072,2.457294815612981e-06,0.0062548866301799,3.1074137589562574e-05,0.0070367474589523,5.149464448286797e-05,0.0078186082877249,6.675405831226306e-05,1,0,1,0,1
252,3,13:22:39,4,0.0039093041438624,88621.0,0.0043002345582485,0.0039093041438624,1.5246837123645898e-05,0.00312744331509,2.1322353439413424e-05,0.0023455824863174,2.416217359758285e-05,0.001563721657545,6.346399208827226e-06,0.0007818608287726,1.0603130385479636e-05,0.0046911649726348,5.32091397081551e-06,0.0054730258014072,2.341202147158824e-06,0.0062548866301799,3.1074137589562574e-05,0.0070367474589523,5.149464448286797e-05,0.0078186082877249,6.675405831226306e-05,1,0,1,0,1
253,3,13:22:42,4,0.0039093041438624,190032.0,0.0043002345582485,0.0039093041438624,1.2383217968443369e-05,0.00312744331509,2.1322353439413424e-05,0.0023455824863174,2.416217359758285e-05,0.001563721657545,6.346399208827226e-06,0.0007818608287726,1.0603130385479636e-05,0.0046911649726348,5.32091397081551e-06,0.0054730258014072,2.341202147158824e-06,0.0062548866301799,3.2235064274104145e-05,0.0070367474589523,5.149464448286797e-05,0.0078186082877249,6.675405831226306e-05,1,0,0,0,1
254,3,13:22:45,4,0.0046911649726348,3855.0,0.0043002345582485,0.0039093041438624,1.2402566746519062e-05,0.00312744331509,2.1322353439413424e-05,0.0023455824863174,2.416217359758285e-05,0.001563721657545,6.346399208827226e-06,0.0007818608287726,1.0603130385479636e-05,0.0046911649726348,5.32091397081551e-06,0.0054730258014072,2.341202147158824e-06,0.0062548866301799,3.2680086169845075e-05,0.0070367474589523,5.1726829819776274e-05,0.0078186082877249,6.675405831226306e-05,1,0,0,0,1
255,3,13:22:48,4,0.0039093041438624,25680.0,0.0043002345582485,0.0039093041438624,1.2209078965762133e-05,0.00312744331509,2.1322353439413424e-05,0.0023455824863174,2.416217359758285e-05,0.001563721657545,6.346399208827226e-06,0.0007818608287726,1.0603130385479636e-05,0.0046911649726348,5.785284644632136e-06,0.0054730258014072,1.9348778075692764e-06,0.0062548866301799,3.2680086169845075e-05,0.0070367474589523,5.1726829819776274e-05,0.0078186082877249,6.675405831226306e-05,0,0,0,0,1
256,3,13:22:51,4,0.0046911649726348,35962.0,0.0043002345582485,0.0039093041438624,1.1938196072702436e-05,0.00312744331509,2.1322353439413424e-05,0.0023455824863174,2.416217359758285e-05,0.001563721657545,6.346399208827226e-06,0.0007818608287726,1.0603130385479636e-05,0.0046911649726348,5.765935866556444e-06,0.0054730258014072,2.3218533690831315e-06,0.0062548866301799,3.318315439981309e-05,0.0070367474589523,5.1726829819776274e-05,0.0078186082877249,6.675405831226306e-05,0,0,0,0,1
257,3,13:22:54,4,0.0039093041438624,47508.0,0.0043002345582485,0.0039093041438624,1.1222291283901805e-05,0.00312744331509,2.2850906907393157e-05,0.0023455824863174,2.416217359758285e-05,0.001563721657545,6.346399208827226e-06,0.0007818608287726,1.0603130385479636e-05,0.0046911649726348,6.152911428070298e-06,0.0054730258014072,2.37989970331021e-06,0.0062548866301799,3.347338607094848e-05,0.0070367474589523,5.1726829819776274e-05,0.0078186082877249,6.675405831226306e-05,0,0,0,0,1
258,3,13:22:57,4,0.0039093041438624,75757.0,0.0043002345582485,0.0039093041438624,1.4608327447148036e-05,0.00312744331509,2.345071902773963e-05,0.0023455824863174,2.416217359758285e-05,0.001563721657545,6.346399208827226e-06,0.0007818608287726,1.0603130385479636e-05,0.0046911649726348,6.2109577622973765e-06,0.0054730258014072,2.37989970331021e-06,0.0062548866301799,2.6430430851396314e-05,0.0070367474589523,5.1726829819776274e-05,0.0078186082877249,6.675405831226306e-05,0,0,0,0,0
259,3,13:23:00,4,0.0039093041438624,83332.0,0.0043002345582485,0.0039093041438624,1.3933055092306358e-05,0.00312744331509,2.345071902773963e-05,0.0023455824863174,2.416217359758285e-05,0.001563721657545,6.346399208827226e-06,0.0007818608287726,1.064182794163102e-05,0.0046911649726348,6.269004096524455e-06,0.0054730258014072,2.070319254099126e-06,0.0062548866301799,2.6062804067958156e-05,0.0070367474589523,5.207510782513874e-05,0.0078186082877249,6.675405831226306e-05,0,0,0,0,0
260,3,13:23:03,4,0.00312744331509,1147722.0,0.0035183737294763,0.00312744331509,2.0085966520376657e-05,0.0023455824863174,2.416217359758285e-05,0.001563721657545,6.346399208827226e-06,0.0007818608287726,1.064182794163102e-05,0.0,1.7123668596988095e-05,0.0039093041438624,5.998121203464756e-07,0.0046911649726348,6.30770165267584e-06,0.0054730258014072,6.327050430751533e-06,0.0062548866301799,2.6062804067958156e-05,0.0070367474589523,5.168813226362489e-05,1,1,0,1,1
261,3,13:23:06,4,0.0039093041438624,15408.0,0.0035183737294763,0.00312744331509,2.0085966520376657e-05,0.0023455824863174,2.416217359758285e-05,0.001563721657545,6.346399208827226e-06,0.0007818608287726,1.064182794163102e-05,0.0,1.7123668596988095e-05,0.0039093041438624,6.075516315767528e-06,0.0046911649726348,6.44314309920569e-06,0.0054730258014072,6.520538211508461e-06,0.0062548866301799,2.6062804067958156e-05,0.0070367474589523,5.168813226362489e-05,1,1,0,1,0
262,3,13:23:09,4,0.0039093041438624,165636.0,0.0035183737294763,0.00312744331509,2.13049395391453e-05,0.0023455824863174,2.416217359758285e-05,0.001563721657545,6.346399208827226e-06,0.0007818608287726,1.064182794163102e-05,0.0,1.7123668596988095e-05,0.0039093041438624,6.327050430751533e-06,0.0046911649726348,6.249655318448763e-06,0.0054730258014072,7.487977115293099e-06,0.0062548866301799,2.6062804067958156e-05,0.0070367474589523,5.188162004438182e-05,1,1,0,1,0
263,3,13:23:12,4,0.0039093041438624,0.0,0.0035183737294763,0.00312744331509,2.1382334651448076e-05,0.0023455824863174,2.416217359758285e-05,0.001563721657545,6.346399208827226e-06,0.0007818608287726,1.064182794163102e-05,0.0,1.751064415850195e-05,0.0039093041438624,7.468628337217407e-06,0.0046911649726348,6.249655318448763e-06,0.0054730258014072,7.487977115293099e-06,0.0062548866301799,2.6062804067958156e-05,0.0070367474589523,5.188162004438182e-05,1,0,0,1,0
264,3,13:23:15,4,0.0039093041438624,28228.0,0.0035183737294763,0.00312744331509,2.0995359089934215e-05,0.0023455824863174,2.416217359758285e-05,0.001563721657545,6.346399208827226e-06,0.0007818608287726,1.1183593727750417e-05,0.0,1.751064415850195e-05,0.0039093041438624,1.1454476620810116e-05,0.0046911649726348,6.249655318448763e-06,0.0054730258014072,7.487977115293099e-06,0.0062548866301799,2.6062804067958156e-05,0.0070367474589523,5.188162004438182e-05,1,0,0,1,0
265,3,13:23:18,4,0.00312744331509,106492.0,0.0035183737294763,0.00312744331509,1.94474568438788e-05,0.0023455824863174,2.416217359758285e-05,0.001563721657545,6.346399208827226e-06,0.0007818608287726,1.1183593727750417e-05,0.0,1.751064415850195e-05,0.0039093041438624,9.46155247901376e-06,0.0046911649726348,6.2109577622973765e-06,0.0054730258014072,7.487977115293099e-06,0.0062548866301799,2.561778217221722e-05,0.0070367474589523,5.188162004438182e-05,1,0,0,1,0
266,3,13:23:21,4,0.00312744331509,38490.0,0.0035183737294763,0.00312744331509,1.886699350160801e-05,0.0023455824863174,2.416217359758285e-05,0.001563721657545,6.346399208827226e-06,0.0007818608287726,1.1183593727750417e-05,0.0,1.751064415850195e-05,0.0039093041438624,9.480901257089452e-06,0.0046911649726348,6.2109577622973765e-06,0.0054730258014072,7.487977115293099e-06,0.0062548866301799,2.561778217221722e-05,0.0070367474589523,5.201706149091167e-05,1,0,0,1,0
267,3,13:23:24,4,0.0039093041438624,19247.0,0.0035183737294763,0.00312744331509,1.8615459386624007e-05,0.0023455824863174,2.416217359758285e-05,0.001563721657545,6.346399208827226e-06,0.0007818608287726,1.1183593727750417e-05,0.0,1.751064415850195e-05,0.0039093041438624,1.1396430286583035e-05,0.0046911649726348,6.2109577622973765e-06,0.0054730258014072,7.487977115293099e-06,0.0062548866301799,2.5637130950292912e-05,0.0070367474589523,5.240403705242552e-05,1,0,0,1,0
268,3,13:23:27,4,0.0039093041438624,21825.0,0.0035183737294763,0.00312744331509,1.8750900833153852e-05,0.0023455824863174,2.416217359758285e-05,0.001563721657545,6.346399208827226e-06,0.0007818608287726,1.1183593727750417e-05,0.0,1.7897619720015805e-05,0.0039093041438624,1.112554739352334e-05,0.0046911649726348,6.2109577622973765e-06,0.0054730258014072,7.487977115293099e-06,0.0062548866301799,2.573387484067137e-05,0.0070367474589523,5.240403705242552e-05,0,0,0,1,0
269,3,13:23:30,4,0.00312744331509,818554.0,0.0035183737294763,0.00312744331509,6.406380420861874e-06,0.0023455824863174,2.416217359758285e-05,0.001563721657545,6.346399208827226e-06,0.0007818608287726,1.1183593727750417e-05,0.0,1.7897619720015805e-05,0.0039093041438624,1.1241640061977496e-05,0.0046911649726348,6.2109577622973765e-06,0.0054730258014072,9.364808588635297e-06,0.0062548866301799,2.573387484067137e-05,0.0070367474589523,5.2500780942803984e-05,0,0,0,1,0
270,3,13:23:33,4,0.00312744331509,6417.0,0.0035183737294763,0.00312744331509,6.464426755088952e-06,0.0023455824863174,2.416217359758285e-05,0.001563721657545,6.346399208827226e-06,0.0007818608287726,1.1183593727750417e-05,0.0,1.7897619720015805e-05,0.0039093041438624,9.51959881324084e-06,0.0046911649726348,6.2109577622973765e-06,0.0054730258014072,5.301565192739817e-06,0.0062548866301799,2.573387484067137e-05,0.0070367474589523,5.395193929848094e-05,0,0,0,1,0
271,3,13:23:36,4,0.0039093041438624,26944.0,0.0035183737294763,0.00312744331509,7.277075434268048e-06,0.0023455824863174,2.416217359758285e-05,0.001563721657545,6.346399208827226e-06,0.0007818608287726,1.099010594699349e-05,0.0,1.7897619720015805e-05,0.0039093041438624,6.172260206145991e-06,0.0046911649726348,6.2109577622973765e-06,0.0054730258014072,5.301565192739817e-06,0.0062548866301799,2.573387484067137e-05,0.0070367474589523,5.395193929848094e-05,0,0,0,1,0
272,3,13:23:39,4,0.00312744331509,234793.0,0.0035183737294763,0.00312744331509,3.8136441587190434e-06,0.0023455824863174,2.416217359758285e-05,0.001563721657545,6.346399208827226e-06,0.0007818608287726,1.099010594699349e-05,0.0,1.7897619720015805e-05,0.0039093041438624,6.44314309920569e-06,0.0046911649726348,6.2109577622973765e-06,0.0054730258014072,5.301565192739817e-06,0.0062548866301799,2.573387484067137e-05,0.0070367474589523,5.395193929848094e-05,0,0,0,1,1
273,3,13:23:42,4,0.00312744331509,306765.0,0.0027365129007037,0.0023455824863174,2.416217359758285e-05,0.001563721657545,6.346399208827226e-06,0.0007818608287726,1.1086849837371951e-05,0.0,1.7897619720015805e-05,-0.0007818608287724,5.113882045405597e-05,0.00312744331509,3.500193953892821e-06,0.0039093041438624,6.44314309920569e-06,0.0046911649726348,6.2109577622973765e-06,0.0054730258014072,5.301565192739817e-06,0.0062548866301799,2.573387484067137e-05,0,0,1,2,1
274,3,13:23:45,4,0.00312744331509,125638.0,0.0027365129007037,0.0023455824863174,2.2304690902316348e-05,0.001563721657545,6.346399208827226e-06,0.0007818608287726,1.1086849837371951e-05,0.0,1.7897619720015805e-05,-0.0007818608287724,5.113882045405597e-05,0.00312744331509,4.2354475207691455e-06,0.0039093041438624,6.501189433432768e-06,0.0046911649726348,6.0561675376918345e-06,0.0054730258014072,5.301565192739817e-06,0.0062548866301799,2.573387484067137e-05,0,0,1,2,1
275,3,13:23:48,4,0.00312744331509,38490.0,0.0027365129007037,0.0023455824863174,2.220794701193788e-05,0.001563721657545,6.346399208827226e-06,0.0007818608287726,1.1086849837371951e-05,0.0,1.7897619720015805e-05,-0.0007818608287724,5.113882045405597e-05,0.00312744331509,4.661120638434386e-06,0.0039093041438624,6.888164994946624e-06,0.0046911649726348,6.0561675376918345e-06,0.0054730258014072,5.301565192739817e-06,0.0062548866301799,2.573387484067137e-05,0,0,1,2,1
276,3,13:23:51,4,0.0023455824863174,148733.0,0.0027365129007037,0.0023455824863174,2.036981309474707e-05,0.001563721657545,6.346399208827226e-06,0.0007818608287726,1.1086849837371951e-05,0.0,1.7897619720015805e-05,-0.0007818608287724,5.162253990594829e-05,0.00312744331509,7.718227574393844e-06,0.0039093041438624,6.888164994946624e-06,0.0046911649726348,6.0561675376918345e-06,0.0054730258014072,5.301565192739817e-06,0.0062548866301799,2.573387484067137e-05,0,0,1,1,1
277,3,13:23:54,4,0.00312744331509,688439.0,0.0027365129007037,0.0023455824863174,9.882775377721591e-06,0.001563721657545,8.029742901412497e-06,0.0007818608287726,1.1086849837371951e-05,0.0,1.7897619720015805e-05,-0.0007818608287724,5.162253990594829e-05,0.00312744331509,7.989110467453542e-06,0.0039093041438624,6.888164994946624e-06,0.0046911649726348,6.0561675376918345e-06,0.0054730258014072,5.301565192739817e-06,0.0062548866301799,2.445685548767565e-05,0,0,0,1,1
278,3,13:23:57,4,0.0023455824863174,734292.0,0.0019546520719313,0.001563721657545,8.029742901412497e-06,0.0007818608287726,1.1086849837371951e-05,0.0,1.7897619720015805e-05,-0.0007818608287724,5.162253990594829e-05,-0.0015637216575449,2.7436567311332337e-05,0.0023455824863174,1.1460281254232822e-06,0.00312744331509,1.0581846729596373e-05,0.0039093041438624,6.888164994946624e-06,0.0046911649726348,6.44314309920569e-06,0.0054730258014072,5.74658708848075e-06,1,1,1,0,1
279,3,13:24:00,4,0.0023455824863174,202454.0,0.0019546520719313,0.001563721657545,6.249655318448763e-06,0.0007818608287726,1.1086849837371951e-05,0.0,1.81878513911512e-05,-0.0007818608287724,5.113882045405597e-05,-0.0015637216575449,2.7436567311332337e-05,0.0023455824863174,7.010062296823488e-07,0.00312744331509,1.0620544285747755e-05,0.0039093041438624,6.888164994946624e-06,0.0046911649726348,6.44314309920569e-06,0.0054730258014072,5.74658708848075e-06,1,1,1,1,1
280,3,13:24:03,4,0.00312744331509,155050.0,0.0019546520719313,0.001563721657545,5.862679756934907e-06,0.0007818608287726,1.1086849837371951e-05,0.0,1.81878513911512e-05,-0.0007818608287724,5.123556434443444e-05,-0.0015637216575449,2.7436567311332337e-05,0.0023455824863174,7.739511230277106e-08,0.00312744331509,1.0992621288143329e-05,0.0039093041438624,6.888164994946624e-06,0.0046911649726348,7.023606441476473e-06,0.0054730258014072,5.823982200783522e-06,1,1,2,1,1
281,3,13:24:06,4,0.001563721657545,155105.0,0.0019546520719313,0.001563721657545,9.94527193090608e-06,0.0007818608287726,1.1086849837371951e-05,0.0,1.81878513911512e-05,-0.0007818608287724,5.123556434443444e-05,-0.0015637216575449,2.7436567311332337e-05,0.0023455824863174,1.1028803503144874e-06,0.00312744331509,1.197940897000366e-05,0.0039093041438624,7.023606441476473e-06,0.0046911649726348,7.028250148214639e-06,0.0054730258014072,5.823982200783522e-06,1,1,1,1,1
282,3,13:24:09,4,0.0023455824863174,368946.0,0.0019546520719313,0.001563721657545,4.7211018504690345e-06,0.0007818608287726,2.172867777900297e-05,0.0,1.932942929761707e-05,-0.0007818608287724,5.0945332673299045e-05,-0.0015637216575449,2.7436567311332337e-05,0.0023455824863174,1.4511583556769572e-06,0.00312744331509,1.197940897000366e-05,0.0039093041438624,7.023606441476473e-06,0.0046911649726348,7.318481819350031e-06,0.0054730258014072,5.823982200783522e-06,1,1,1,1,1
283,3,13:24:12,4,0.001563721657545,65331.0,0.0019546520719313,0.001563721657545,4.430870179333643e-06,0.0007818608287726,2.19221655597599e-05,0.0,1.932942929761707e-05,-0.0007818608287724,5.0945332673299045e-05,-0.0015637216575449,2.7436567311332337e-05,0.0023455824863174,1.47050713375265e-06,0.00312744331509,1.1998757748079352e-05,0.0039093041438624,6.907513773022316e-06,0.0046911649726348,7.318481819350031e-06,0.0054730258014072,6.017469981540449e-06,1,1,1,1,1
284,3,13:24:15,4,0.0023455824863174,71754.0,0.0019546520719313,0.001563721657545,5.630494420026594e-06,0.0007818608287726,2.19221655597599e-05,0.0,1.932942929761707e-05,-0.0007818608287724,5.0945332673299045e-05,-0.0015637216575449,2.7533311201710803e-05,0.0023455824863174,1.4318095776012643e-06,0.00312744331509,1.1998757748079352e-05,0.0039093041438624,6.907513773022316e-06,0.0046911649726348,7.318481819350031e-06,0.0054730258014072,6.114213871918913e-06,1,1,1,1,1
285,3,13:24:18,4,0.001563721657545,71772.0,0.0019546520719313,0.001563721657545,8.107138013715267e-06,0.0007818608287726,2.19221655597599e-05,0.0,1.981314874950939e-05,-0.0007818608287724,5.0945332673299045e-05,-0.0015637216575449,2.7533311201710803e-05,0.0023455824863174,1.876831473342198e-06,0.00312744331509,1.1379596849657183e-05,0.0039093041438624,6.888164994946624e-06,0.0046911649726348,7.2410867070472595e-06,0.0054730258014072,6.114213871918913e-06,1,1,2,1,1
286,3,13:24:21,4,0.001563721657545,7686.0,0.0019546520719313,0.001563721657545,7.99104534526111e-06,0.0007818608287726,2.1689980222851583e-05,0.0,1.981314874950939e-05,-0.0007818608287724,5.038421810910396e-05,-0.0015637216575449,2.7533311201710803e-05,0.0023455824863174,1.876831473342198e-06,0.00312744331509,1.1186109068900256e-05,0.0039093041438624,6.868816216870931e-06,0.0046911649726348,7.2410867070472595e-06,0.0054730258014072,6.114213871918913e-06,1,1,2,1,1
287,3,13:24:24,4,0.001563721657545,10255.0,0.0019546520719313,0.001563721657545,8.726298912137435e-06,0.0007818608287726,2.1689980222851583e-05,0.0,1.981314874950939e-05,-0.0007818608287724,5.413788105578835e-05,-0.0015637216575449,2.7533311201710803e-05,0.0023455824863174,1.9348778075692764e-06,0.00312744331509,1.1186109068900256e-05,0.0039093041438624,6.481840655357075e-06,0.0046911649726348,7.2410867070472595e-06,0.0054730258014072,6.114213871918913e-06,1,0,1,1,1
288,3,13:24:27,4,0.0023455824863174,2564.0,0.0019546520719313,0.001563721657545,9.422854922862376e-06,0.0007818608287726,2.207695578436544e-05,0.0,2.3682904364647946e-05,-0.0007818608287724,5.413788105578835e-05,-0.0015637216575449,2.7533311201710803e-05,0.0023455824863174,1.8961802514178909e-06,0.00312744331509,1.1186109068900256e-05,0.0039093041438624,6.481840655357075e-06,0.0046911649726348,7.2410867070472595e-06,0.0054730258014072,6.114213871918913e-06,1,2,2,1,1
289,3,13:24:30,4,0.001563721657545,51240.0,0.0019546520719313,0.001563721657545,8.648903799834665e-06,0.0007818608287726,2.1941514337835596e-05,0.0,2.3682904364647946e-05,-0.0007818608287724,5.413788105578835e-05,-0.0015637216575449,2.7533311201710803e-05,0.0023455824863174,1.8961802514178909e-06,0.00312744331509,1.1186109068900256e-05,0.0039093041438624,6.481840655357075e-06,0.0046911649726348,7.2410867070472595e-06,0.0054730258014072,8.300625794472195e-06,1,2,2,1,1
290,3,13:24:33,4,0.001563721657545,20496.0,0.0019546520719313,0.001563721657545,8.629555021758972e-06,0.0007818608287726,2.213500211859252e-05,0.0,2.3682904364647946e-05,-0.0007818608287724,5.413788105578835e-05,-0.0015637216575449,2.772679898246773e-05,0.0023455824863174,8.513462353304816e-07,0.00312744331509,1.0683040838932245e-05,0.0039093041438624,4.121289730122559e-06,0.0046911649726348,7.434574487804187e-06,0.0054730258014072,8.300625794472195e-06,1,2,2,1,1
291,3,13:24:36,4,0.0023455824863174,220450.0,0.0019546520719313,0.001563721657545,8.010394123336804e-06,0.0007818608287726,2.213500211859252e-05,0.0,2.5037318829946437e-05,-0.0007818608287724,5.413788105578835e-05,-0.0015637216575449,2.772679898246773e-05,0.0023455824863174,4.4502189574093364e-07,0.00312744331509,1.0683040838932245e-05,0.0039093041438624,4.121289730122559e-06,0.0046911649726348,7.570015934334037e-06,0.0054730258014072,8.300625794472195e-06,1,2,2,1,1
292,3,13:24:39,4,0.0023455824863174,23066.0,0.0019546520719313,0.001563721657545,8.300625794472195e-06,0.0007818608287726,2.213500211859252e-05,0.0,2.5037318829946437e-05,-0.0007818608287724,5.413788105578835e-05,-0.0015637216575449,2.788158920707327e-05,0.0023455824863174,2.9023167113539144e-07,0.00312744331509,1.1302201737354413e-05,0.0039093041438624,4.121289730122559e-06,0.0046911649726348,7.570015934334037e-06,0.0054730258014072,8.300625794472195e-06,0,2,2,1,1
293,3,13:24:42,4,0.001563721657545,237025.0,0.0019546520719313,0.001563721657545,5.727238310405057e-06,0.0007818608287726,2.234783867742514e-05,0.0,2.5037318829946437e-05,-0.0007818608287724,5.413788105578835e-05,-0.0015637216575449,2.9816467014642548e-05,0.0023455824863174,7.739511230277106e-08,0.00312744331509,9.367323929785138e-06,0.0039093041438624,4.140638508198252e-06,0.0046911649726348,8.866384065405451e-06,0.0054730258014072,8.300625794472195e-06,2,2,2,1,1
294,3,13:24:45,4,0.0023455824863174,53804.0,0.0019546520719313,0.001563721657545,5.0113335216044255e-06,0.0007818608287726,2.290895324162023e-05,0.0,2.561778217221722e-05,-0.0007818608287724,5.413788105578835e-05,-0.0015637216575449,2.9816467014642548e-05,0.0023455824863174,2.109016810250511e-06,0.00312744331509,9.367323929785138e-06,0.0039093041438624,4.140638508198252e-06,0.0046911649726348,8.866384065405451e-06,0.0054730258014072,8.300625794472195e-06,2,2,2,1,1
295,3,13:24:48,4,0.001563721657545,125538.0,0.0019546520719313,0.001563721657545,4.8565432969988834e-06,0.0007818608287726,2.4476204265751345e-05,0.0,2.577257239682276e-05,-0.0007818608287724,5.558903941146531e-05,-0.0015637216575449,2.9816467014642548e-05,0.0023455824863174,2.418597259461595e-06,0.00312744331509,9.367323929785138e-06,0.0039093041438624,4.140638508198252e-06,0.0046911649726348,9.117918180389458e-06,0.0054730258014072,8.203881904093731e-06,2,2,2,1,1
296,3,13:24:51,4,0.001563721657545,243412.0,0.0019546520719313,0.001563721657545,3.3666873851705405e-06,0.0007818608287726,2.4476204265751345e-05,0.0,2.6449779629472008e-05,-0.0007818608287724,5.638233931256871e-05,-0.0015637216575449,2.9816467014642548e-05,0.0023455824863174,1.9929241417963544e-06,0.00312744331509,9.367323929785138e-06,0.0039093041438624,4.043894617819787e-06,0.0046911649726348,9.117918180389458e-06,0.0054730258014072,8.300625794472195e-06,2,2,2,1,1
297,3,13:24:54,4,0.0007818608287726,816816.0,0.0011727912431587,0.0007818608287726,1.5537068794781287e-05,0.0,2.6449779629472008e-05,-0.0007818608287724,5.638233931256871e-05,-0.0015637216575449,2.9661676790037007e-05,-0.0023455824863173,1.8787663511497676e-05,0.001563721657545,3.869755615138552e-08,0.0023455824863174,3.250594716716384e-06,0.00312744331509,9.367323929785138e-06,0.0039093041438624,4.043894617819787e-06,0.0046911649726348,9.156615736540842e-06,2,2,2,2,1
298,3,13:24:57,4,0.0023455824863174,332447.0,0.0027365129007037,0.0023455824863174,2.8404006215116977e-07,0.001563721657545,9.093925695575598e-07,0.0007818608287726,1.5537068794781287e-05,0.0,2.6449779629472008e-05,-0.0007818608287724,5.657582709332564e-05,0.00312744331509,9.367323929785138e-06,0.0039093041438624,4.043894617819787e-06,0.0046911649726348,9.156615736540842e-06,0.0054730258014072,8.203881904093731e-06,0.0062548866301799,2.6294989404866463e-05,1,2,0,1,1
299,3,13:25:00,4,0.0039093041438624,660331.0,0.0027365129007037,0.001563721657545,1.224777652191352e-05,0.0007818608287726,1.6407763808187462e-05,0.0,2.6449779629472008e-05,-0.0007818608287724,5.6479083202947176e-05,-0.0015637216575449,2.9816467014642548e-05,0.0039093041438624,3.684974784515687e-06,0.0046911649726348,9.156615736540842e-06,0.0054730258014072,8.203881904093731e-06,0.0062548866301799,2.6294989404866463e-05,0.0070367474589523,5.6060956108731455e-05,1,2,1,1,1
300,3,13:25:03,4,0.001563721657545,297205.0,0.00312744331509,0.0023455824863174,2.7862240428997576e-06,0.001563721657545,7.971696567185417e-06,0.0007818608287726,1.6175578471279148e-05,0.0,2.6449779629472008e-05,-0.0007818608287724,5.6479083202947176e-05,0.0039093041438624,3.7043235625913793e-06,0.0046911649726348,9.156615736540842e-06,0.0054730258014072,8.203881904093731e-06,0.0062548866301799,2.6294989404866463e-05,0.0070367474589523,5.6060956108731455e-05,1,1,1,1,0
301,3,13:25:06,4,0.0023455824863174,12820.0,0.0027365129007037,0.0023455824863174,2.631433818294216e-06,0.001563721657545,8.939135470970056e-06,0.0007818608287726,1.6175578471279148e-05,0.0,2.6585221076001856e-05,-0.0007818608287724,5.6479083202947176e-05,0.00312744331509,3.482780053624697e-07,0.0039093041438624,3.743021118742765e-06,0.0046911649726348,9.156615736540842e-06,0.0054730258014072,8.203881904093731e-06,0.0062548866301799,2.6294989404866463e-05,2,2,1,1,1
302,3,13:25:09,4,0.0023455824863174,129482.0,0.0027365129007037,0.0023455824863174,2.0122729198720474e-06,0.001563721657545,8.223230682169424e-06,0.0007818608287726,1.6175578471279148e-05,0.0,2.6662616188304628e-05,-0.0007818608287724,5.317044215200371e-05,0.00312744331509,9.867876818603309e-07,0.0039093041438624,3.5495333379858373e-06,0.0046911649726348,9.311405961146384e-06,0.0054730258014072,8.203881904093731e-06,0.0062548866301799,2.6294989404866463e-05,1,2,1,1,1
303,3,13:25:12,4,0.0023455824863174,64100.0,0.0027365129007037,0.0023455824863174,3.2118971605649985e-06,0.001563721657545,1.638841503011177e-05,0.0007818608287726,1.478246644982927e-05,0.0,2.6952847859440017e-05,-0.0007818608287724,5.317044215200371e-05,0.00312744331509,1.0835315722387947e-06,0.0039093041438624,4.516972241770475e-06,0.0046911649726348,9.311405961146384e-06,0.0054730258014072,8.203881904093731e-06,0.0062548866301799,2.6294989404866463e-05,2,2,1,1,1
304,3,13:25:15,4,0.00312744331509,2566.0,0.0027365129007037,0.0023455824863174,5.9013773130862925e-06,0.001563721657545,1.646581014241454e-05,0.0007818608287726,1.5111395677116048e-05,0.0,2.6952847859440017e-05,-0.0007818608287724,5.317044215200371e-05,0.00312744331509,1.0448340160874092e-06,0.0039093041438624,4.516972241770475e-06,0.0046911649726348,9.69838152266024e-06,0.0054730258014072,8.203881904093731e-06,0.0062548866301799,2.668196496638032e-05,2,2,1,1,1
305,3,13:25:18,4,0.0039093041438624,100098.0,0.0035183737294763,0.00312744331509,7.739511230277106e-08,0.0023455824863174,5.978772425389064e-06,0.001563721657545,1.6562554032793006e-05,0.0007818608287726,1.6214276027430534e-05,0.0,2.6952847859440017e-05,0.0039093041438624,4.2654381267864695e-06,0.0046911649726348,9.69838152266024e-06,0.0054730258014072,8.203881904093731e-06,0.0062548866301799,2.668196496638032e-05,0.0070367474589523,5.625444388948838e-05,1,2,0,1,0
306,3,13:25:21,4,0.0023455824863174,130772.0,0.0035183737294763,0.00312744331509,9.674389037846382e-07,0.0023455824863174,4.159987286273944e-06,0.001563721657545,1.6756041813549934e-05,0.0007818608287726,1.6504507698565927e-05,0.0,2.6836755190985866e-05,0.0039093041438624,4.2654381267864695e-06,0.0046911649726348,9.69838152266024e-06,0.0054730258014072,8.416718462926351e-06,0.0062548866301799,2.745591608940803e-05,0.0070367474589523,5.635118777986685e-05,1,1,0,0,0
307,3,13:25:24,4,0.00312744331509,171839.0,0.0027365129007037,0.0023455824863174,2.554038705991445e-06,0.001563721657545,1.6756041813549934e-05,0.0007818608287726,1.7607388048880415e-05,0.0,2.6836755190985866e-05,-0.0007818608287724,5.317044215200371e-05,0.00312744331509,2.9023167113539144e-07,0.0039093041438624,4.2654381267864695e-06,0.0046911649726348,9.69838152266024e-06,0.0054730258014072,8.416718462926351e-06,0.0062548866301799,2.745591608940803e-05,2,2,1,0,1
308,3,13:25:27,4,0.00312744331509,128221.0,0.0035183737294763,0.00312744331509,1.547902246055421e-07,0.0023455824863174,1.218973018768644e-06,0.001563721657545,2.066449498483987e-05,0.0007818608287726,1.7607388048880415e-05,0.0,2.6836755190985866e-05,0.0039093041438624,4.2654381267864695e-06,0.0046911649726348,9.988613193795633e-06,0.0054730258014072,8.900437914818671e-06,0.0062548866301799,2.745591608940803e-05,0.0070367474589523,5.635118777986685e-05,2,0,0,0,0
309,3,13:25:30,4,0.0039093041438624,14118.0,0.0035183737294763,0.00312744331509,2.3218533690831317e-07,0.0023455824863174,1.218973018768644e-06,0.001563721657545,2.08579827655968e-05,0.0007818608287726,1.7820224607713036e-05,0.0,2.681740641291017e-05,0.0039093041438624,4.942645359435716e-06,0.0046911649726348,9.988613193795633e-06,0.0054730258014072,8.900437914818671e-06,0.0062548866301799,2.745591608940803e-05,0.0070367474589523,5.635118777986685e-05,2,0,0,0,0
310,3,13:25:33,4,0.00312744331509,51319.0,0.0035183737294763,0.00312744331509,5.998121203464756e-07,0.0023455824863174,1.1802754626172586e-06,0.001563721657545,2.08579827655968e-05,0.0007818608287726,1.7820224607713036e-05,0.0,2.7010894193667096e-05,0.0039093041438624,5.194179474419722e-06,0.0046911649726348,9.988613193795633e-06,0.0054730258014072,8.900437914818671e-06,0.0062548866301799,2.759135753593788e-05,0.0070367474589523,5.642858289216961e-05,2,0,0,0,1
311,3,13:25:36,4,0.00312744331509,697389.0,0.0039093041438624,0.00312744331509,1.934877807569276e-08,0.0023455824863174,1.5672510241311135e-06,0.001563721657545,1.2692798417654453e-05,0.0007818608287726,1.7820224607713036e-05,0.0,2.7010894193667096e-05,0.0046911649726348,5.740588967277286e-06,0.0054730258014072,8.900437914818671e-06,0.0062548866301799,2.759135753593788e-05,0.0070367474589523,5.642858289216961e-05,0.0078186082877249,6.762475332566923e-05,1,0,0,0,1
312,3,13:25:39,4,0.0046911649726348,128500.0,0.0035183737294763,0.00312744331509,9.867876818603309e-07,0.0023455824863174,1.5672510241311135e-06,0.001563721657545,1.3079773979168307e-05,0.0007818608287726,1.7820224607713036e-05,0.0,2.7204381974424024e-05,0.0039093041438624,3.869755615138552e-08,0.0046911649726348,3.902455050086473e-06,0.0054730258014072,9.0939256955756e-06,0.0062548866301799,2.759135753593788e-05,0.0070367474589523,5.642858289216961e-05,1,0,1,0,1
313,3,13:25:42,4,0.0039093041438624,162927.0,0.0043002345582485,0.0039093041438624,1.9155290294935838e-06,0.00312744331509,9.867876818603309e-07,0.0023455824863174,6.578584545735539e-07,0.001563721657545,1.3079773979168307e-05,0.0007818608287726,1.7820224607713036e-05,0.0046911649726348,4.095942830843401e-06,0.0054730258014072,1.197689362885382e-05,0.0062548866301799,2.759135753593788e-05,0.0070367474589523,5.739602179595425e-05,0.0078186082877249,6.777954355027478e-05,0,0,0,0,0
314,3,13:25:45,4,0.0039093041438624,115560.0,0.0043002345582485,0.0039093041438624,2.128365588326204e-07,0.00312744331509,1.5865998022068066e-06,0.0023455824863174,6.578584545735539e-07,0.001563721657545,1.3079773979168307e-05,0.0007818608287726,1.8748965955346286e-05,0.0046911649726348,5.063381734628039e-06,0.0054730258014072,1.197689362885382e-05,0.0062548866301799,2.759135753593788e-05,0.0070367474589523,5.681555845368348e-05,0.0078186082877249,6.777954355027478e-05,0,0,0,0,0
315,3,13:25:48,4,0.0039093041438624,12840.0,0.0043002345582485,0.0039093041438624,1.934877807569276e-08,0.00312744331509,2.5927362621428303e-06,0.0023455824863174,6.578584545735539e-07,0.001563721657545,1.3079773979168307e-05,0.0007818608287726,1.8748965955346286e-05,0.0046911649726348,5.082730512703732e-06,0.0054730258014072,1.197689362885382e-05,0.0062548866301799,2.759135753593788e-05,0.0070367474589523,5.681555845368348e-05,0.0078186082877249,6.777954355027478e-05,0,0,0,0,0
316,3,13:25:51,4,0.00312744331509,17963.0,0.0035183737294763,0.00312744331509,8.532811131380508e-06,0.0023455824863174,1.625297358358192e-06,0.001563721657545,1.3079773979168307e-05,0.0007818608287726,1.8748965955346286e-05,0.0,2.7204381974424024e-05,0.0039093041438624,4.643706738166263e-07,0.0046911649726348,5.1407768469308105e-06,0.0054730258014072,1.197689362885382e-05,0.0062548866301799,2.759135753593788e-05,0.0070367474589523,5.681555845368348e-05,0,0,0,0,0
317,3,13:25:54,4,0.00312744331509,15400.0,0.0035183737294763,0.00312744331509,1.0022667043208853e-05,0.0023455824863174,1.625297358358192e-06,0.001563721657545,1.3273261759925236e-05,0.0007818608287726,1.8845709845724752e-05,0.0,2.7204381974424024e-05,0.0039093041438624,1.876831473342198e-06,0.0046911649726348,5.817984079580057e-06,0.0054730258014072,1.197689362885382e-05,0.0062548866301799,2.770745020439204e-05,0.0070367474589523,5.681555845368348e-05,0,0,1,0,1
318,3,13:25:57,4,0.0007818608287726,3476328.0,0.0003909304143863,0.0,2.7204381974424024e-05,-0.0007818608287724,5.297695437124679e-05,-0.0015637216575449,2.991321090502101e-05,-0.0023455824863173,2.0471007204082943e-05,-0.0031274433150898,3.651114422883224e-05,0.0007818608287726,2.654652351985047e-06,0.0039093041438624,1.876831473342198e-06,0.0046911649726348,8.604208122479814e-06,0.0054730258014072,1.1880149738475356e-05,0.0062548866301799,2.770745020439204e-05,2,2,2,2,2
319,3,13:26:00,4,0.0039093041438624,188456.0,0.0023455824863174,0.0007818608287726,2.1051470546353727e-06,0.0,2.7204381974424024e-05,-0.0007818608287724,5.297695437124679e-05,-0.0015637216575449,2.991321090502101e-05,-0.0023455824863173,2.0471007204082943e-05,0.0039093041438624,1.6833436925852705e-06,0.0046911649726348,1.3576844087932854e-05,0.0054730258014072,1.304107642301692e-05,0.0062548866301799,2.78041940947705e-05,0.0070367474589523,5.681555845368348e-05,1,1,1,1,1
320,3,13:26:03,4,0.001563721657545,61488.0,0.0027365129007037,0.001563721657545,5.8046334227078287e-08,0.0007818608287726,3.827188303372029e-06,0.0,2.9526235343507155e-05,-0.0007818608287724,5.297695437124679e-05,-0.0015637216575449,2.991321090502101e-05,0.0039093041438624,2.824921599051144e-06,0.0046911649726348,1.3576844087932854e-05,0.0054730258014072,1.3950468992574482e-05,0.0062548866301799,2.78041940947705e-05,0.0070367474589523,5.681555845368348e-05,0,0,1,1,1
321,3,13:26:06,4,0.0007818608287726,113925.0,0.0019546520719313,0.0007818608287726,2.414727503846457e-06,0.0,2.9526235343507155e-05,-0.0007818608287724,5.297695437124679e-05,-0.0015637216575449,2.991321090502101e-05,-0.0023455824863173,2.0471007204082943e-05,0.00312744331509,1.934877807569276e-08,0.0039093041438624,6.752723548416774e-06,0.0046911649726348,1.7640087483828335e-05,0.0054730258014072,1.3950468992574482e-05,0.0062548866301799,2.78041940947705e-05,1,1,1,1,1
322,3,13:26:09,4,0.00312744331509,327698.0,0.0019546520719313,0.0007818608287726,4.798496962771805e-07,0.0,3.0493674247291795e-05,-0.0007818608287724,5.297695437124679e-05,-0.0015637216575449,2.991321090502101e-05,-0.0023455824863173,2.0471007204082943e-05,0.00312744331509,9.674389037846383e-08,0.0039093041438624,1.323456420377385e-05,0.0046911649726348,1.7640087483828335e-05,0.0054730258014072,1.3950468992574482e-05,0.0062548866301799,2.78041940947705e-05,1,2,1,1,1
323,3,13:26:12,4,0.00312744331509,26958.0,0.0023455824863174,0.001563721657545,1.1028803503144874e-06,0.0007818608287726,1.253800819304891e-06,0.0,3.0629115693821644e-05,-0.0007818608287724,5.297695437124679e-05,-0.0015637216575449,2.991321090502101e-05,0.00312744331509,3.0571069359594564e-06,0.0039093041438624,1.6852785703928396e-05,0.0046911649726348,1.7910970376888035e-05,0.0054730258014072,1.4627676225223728e-05,0.0062548866301799,2.78041940947705e-05,1,1,1,1,1
324,3,13:26:15,4,0.00312744331509,197373.0,0.0023455824863174,0.001563721657545,1.934877807569276e-08,0.0007818608287726,1.7762178273485956e-06,0.0,3.0629115693821644e-05,-0.0007818608287724,5.297695437124679e-05,-0.0015637216575449,2.991321090502101e-05,0.00312744331509,2.824921599051144e-06,0.0039093041438624,1.6852785703928396e-05,0.0046911649726348,1.823989960417481e-05,0.0054730258014072,1.4627676225223728e-05,0.0062548866301799,2.78041940947705e-05,1,1,1,1,1
325,3,13:26:18,4,0.0007818608287726,807420.0,0.0019546520719313,0.0007818608287726,2.337332391543686e-06,0.0,3.0629115693821644e-05,-0.0007818608287724,5.37509054942745e-05,-0.0015637216575449,2.991321090502101e-05,-0.0023455824863173,2.0471007204082943e-05,0.00312744331509,1.1609266845415657e-07,0.0039093041438624,8.590857465607587e-06,0.0046911649726348,1.8336643494553275e-05,0.0054730258014072,1.4627676225223728e-05,0.0062548866301799,2.78041940947705e-05,1,2,1,1,1
326,3,13:26:21,4,0.001563721657545,57620.0,0.0019546520719313,0.001563721657545,4.4502189574093364e-07,0.0007818608287726,3.285422517252631e-06,0.0,3.0629115693821644e-05,-0.0007818608287724,5.386699816272865e-05,-0.0015637216575449,2.991321090502101e-05,0.0023455824863174,1.3544144652984934e-07,0.00312744331509,1.2963681310714152e-06,0.0039093041438624,1.352479587490924e-05,0.0046911649726348,1.5743907232410444e-05,0.0054730258014072,1.4724420115602192e-05,1,1,1,1,1
327,3,13:26:24,4,0.0023455824863174,53803.0,0.0019546520719313,0.001563721657545,3.869755615138553e-07,0.0007818608287726,4.194815086810191e-06,0.0,3.0493674247291795e-05,-0.0007818608287724,5.386699816272865e-05,-0.0015637216575449,2.991321090502101e-05,0.0023455824863174,1.1609266845415657e-07,0.00312744331509,1.2963681310714152e-06,0.0039093041438624,1.128033761812888e-05,0.0046911649726348,1.5743907232410444e-05,0.0054730258014072,1.540162734825144e-05,2,2,1,1,1
328,3,13:26:27,4,0.0023455824863174,104984.0,0.0019546520719313,0.001563721657545,5.8046334227078287e-08,0.0007818608287726,3.304771295328324e-06,0.0,3.095804492110842e-05,-0.0007818608287724,5.386699816272865e-05,-0.0015637216575449,2.991321090502101e-05,0.0023455824863174,1.3544144652984934e-07,0.00312744331509,2.6701313744456013e-06,0.0039093041438624,1.128033761812888e-05,0.0046911649726348,1.6537207133513847e-05,0.0054730258014072,2.018077553294755e-05,1,2,1,1,1
329,3,13:26:30,4,0.001563721657545,44829.0,0.0019546520719313,0.001563721657545,3.676267834381625e-07,0.0007818608287726,4.891371097535131e-06,0.0,3.095804492110842e-05,-0.0007818608287724,5.367351038197173e-05,-0.0015637216575449,2.991321090502101e-05,0.0023455824863174,2.3218533690831317e-07,0.00312744331509,3.831058058987167e-06,0.0039093041438624,1.128033761812888e-05,0.0046911649726348,1.6537207133513847e-05,0.0054730258014072,2.037426331370448e-05,1,1,1,1,1
330,3,13:26:33,4,0.001563721657545,220364.0,0.0019546520719313,0.001563721657545,8.706950134061744e-06,0.0007818608287726,5.762066110941305e-06,0.0,3.095804492110842e-05,-0.0007818608287724,5.367351038197173e-05,-0.0015637216575449,2.991321090502101e-05,0.0023455824863174,4.256731176652408e-07,0.00312744331509,4.140638508198252e-06,0.0039093041438624,1.4763117671753578e-05,0.0046911649726348,1.6537207133513847e-05,0.0054730258014072,2.037426331370448e-05,2,2,1,1,1
331,3,13:26:36,4,0.0023455824863174,81987.0,0.0019546520719313,0.001563721657545,7.91365023295834e-06,0.0007818608287726,6.400575787439166e-06,0.0,3.095804492110842e-05,-0.0007818608287724,5.3770254272350186e-05,-0.0015637216575449,2.991321090502101e-05,0.0023455824863174,4.643706738166263e-07,0.00312744331509,4.140638508198252e-06,0.0039093041438624,1.4763117671753578e-05,0.0046911649726348,1.6633951023892312e-05,0.0054730258014072,2.037426331370448e-05,1,2,1,2,1
332,3,13:26:39,4,0.0023455824863174,76918.0,0.0027365129007037,0.0023455824863174,2.3218533690831317e-07,0.001563721657545,8.648903799834665e-06,0.0007818608287726,6.884295239331485e-06,0.0,3.095804492110842e-05,-0.0007818608287724,5.367351038197173e-05,0.00312744331509,3.7730117247600887e-06,0.0039093041438624,1.4763117671753578e-05,0.0046911649726348,1.6537207133513847e-05,0.0054730258014072,2.037426331370448e-05,0.0062548866301799,2.822986721243574e-05,1,1,1,1,0
333,3,13:26:42,4,0.001563721657545,121759.0,0.0023455824863174,0.001563721657545,1.04289913827984e-05,0.0007818608287726,6.884295239331485e-06,0.0,3.0822603474578574e-05,-0.0007818608287724,5.34800226012148e-05,-0.0015637216575449,2.991321090502101e-05,0.00312744331509,3.7730117247600887e-06,0.0039093041438624,1.5730556575538214e-05,0.0046911649726348,1.6537207133513847e-05,0.0054730258014072,2.037426331370448e-05,0.0062548866301799,2.822986721243574e-05,1,1,1,1,0
334,3,13:26:45,4,0.001563721657545,221954.0,0.0023455824863174,0.001563721657545,9.825309506836786e-06,0.0007818608287726,7.48410735967796e-06,0.0,2.815247210013297e-05,-0.0007818608287724,5.723368554789919e-05,-0.0015637216575449,2.991321090502101e-05,0.00312744331509,4.314777510879486e-06,0.0039093041438624,1.6214276027430534e-05,0.0046911649726348,1.6537207133513847e-05,0.0054730258014072,2.037426331370448e-05,0.0062548866301799,2.822986721243574e-05,1,1,1,1,1
335,3,13:26:48,4,0.001563721657545,0.0,0.0027365129007037,0.0023455824863174,3.869755615138553e-07,0.001563721657545,9.825309506836786e-06,0.0007818608287726,1.973188388159148e-05,0.0,2.8462052549344053e-05,-0.0007818608287724,5.723368554789919e-05,0.00312744331509,4.314777510879486e-06,0.0039093041438624,1.6214276027430534e-05,0.0046911649726348,1.6537207133513847e-05,0.0054730258014072,2.037426331370448e-05,0.0062548866301799,2.850075010549544e-05,1,1,0,1,0
336,3,13:26:51,4,0.001563721657545,140946.0,0.0023455824863174,0.001563721657545,9.767263172609706e-06,0.0007818608287726,2.9831946037103103e-05,0.0,2.8462052549344053e-05,-0.0007818608287724,5.723368554789919e-05,-0.0015637216575449,2.991321090502101e-05,0.00312744331509,4.353475067030872e-06,0.0039093041438624,1.6214276027430534e-05,0.0046911649726348,1.6537207133513847e-05,0.0054730258014072,2.037426331370448e-05,0.0062548866301799,2.850075010549544e-05,1,1,1,1,1
337,3,13:26:54,4,0.0023455824863174,1282.0,0.0027365129007037,0.0023455824863174,3.037758157883764e-06,0.001563721657545,9.767263172609706e-06,0.0007818608287726,3.503676733946445e-05,0.0,2.8055728209754506e-05,-0.0007818608287724,5.644038564679579e-05,0.00312744331509,8.068440457563883e-06,0.0039093041438624,1.735585393389641e-05,0.0046911649726348,1.69241826950277e-05,0.0054730258014072,2.037426331370448e-05,0.0062548866301799,2.946818900928008e-05,1,0,1,1,1
338,3,13:26:57,4,0.0023455824863174,124354.0,0.0027365129007037,0.0023455824863174,3.6182215001545462e-06,0.001563721657545,9.980099731442329e-06,0.0007818608287726,3.59848574651734e-05,0.0,2.8055728209754506e-05,-0.0007818608287724,5.644038564679579e-05,0.00312744331509,8.087789235639574e-06,0.0039093041438624,1.735585393389641e-05,0.0046911649726348,1.69241826950277e-05,0.0054730258014072,2.037426331370448e-05,0.0062548866301799,2.946818900928008e-05,1,0,1,1,1
339,3,13:27:00,4,0.001563721657545,241015.0,0.0023455824863174,0.001563721657545,9.670519282231244e-06,0.0007818608287726,3.612029891170325e-05,0.0,2.8055728209754506e-05,-0.0007818608287724,5.644038564679579e-05,-0.0015637216575449,2.991321090502101e-05,0.00312744331509,7.70081367412572e-06,0.0039093041438624,1.735585393389641e-05,0.0046911649726348,1.69241826950277e-05,0.0054730258014072,2.037426331370448e-05,0.0062548866301799,2.946818900928008e-05,1,0,1,1,1
340,3,13:27:03,4,0.00312744331509,42311.0,0.0027365129007037,0.0023455824863174,1.3931120214498788e-06,0.001563721657545,9.670519282231244e-06,0.0007818608287726,3.306319197574379e-05,0.0,2.8055728209754506e-05,-0.0007818608287724,5.644038564679579e-05,0.00312744331509,7.623418561822949e-06,0.0039093041438624,1.735585393389641e-05,0.0046911649726348,1.69241826950277e-05,0.0054730258014072,2.037426331370448e-05,0.0062548866301799,2.946818900928008e-05,1,0,1,1,1
341,3,13:27:06,4,0.00312744331509,168057.0,0.0027365129007037,0.0023455824863174,1.5865998022068066e-06,0.001563721657545,1.0754050854470038e-05,0.0007818608287726,3.30438431976681e-05,0.0,2.8055728209754506e-05,-0.0007818608287724,5.450550783922651e-05,0.00312744331509,9.268064698256831e-06,0.0039093041438624,1.735585393389641e-05,0.0046911649726348,1.69241826950277e-05,0.0054730258014072,2.037426331370448e-05,0.0062548866301799,2.946818900928008e-05,0,0,1,1,1
342,3,13:27:09,4,0.00312744331509,19245.0,0.0027365129007037,0.0023455824863174,2.03162169794774e-06,0.001563721657545,1.0754050854470038e-05,0.0007818608287726,3.350821387148473e-05,0.0,2.815247210013297e-05,-0.0007818608287724,5.450550783922651e-05,0.00312744331509,8.977833027121442e-06,0.0039093041438624,1.735585393389641e-05,0.0046911649726348,1.69241826950277e-05,0.0054730258014072,2.037426331370448e-05,0.0062548866301799,2.946818900928008e-05,0,0,1,1,1
343,3,13:27:12,4,0.0023455824863174,64100.0,0.0027365129007037,0.0023455824863174,1.064182794163102e-06,0.001563721657545,1.3811157790429494e-05,0.0007818608287726,3.350821387148473e-05,0.0,2.815247210013297e-05,-0.0007818608287724,5.37315567161988e-05,0.00312744331509,8.977833027121442e-06,0.0039093041438624,1.735585393389641e-05,0.0046911649726348,1.69241826950277e-05,0.0054730258014072,2.037426331370448e-05,0.0062548866301799,2.946818900928008e-05,0,0,1,1,1
344,3,13:27:15,4,0.0023455824863174,73076.0,0.0019546520719313,0.001563721657545,1.3811157790429494e-05,0.0007818608287726,3.350821387148473e-05,0.0,2.815247210013297e-05,-0.0007818608287724,5.37315567161988e-05,-0.0015637216575449,2.991321090502101e-05,0.0023455824863174,2.128365588326204e-07,0.00312744331509,1.0893362056615026e-05,0.0039093041438624,1.7684783161183184e-05,0.0046911649726348,1.69241826950277e-05,0.0054730258014072,2.1109516880580804e-05,1,1,1,1,1
345,3,13:27:18,4,0.0023455824863174,55156.0,0.0027365129007037,0.0023455824863174,3.869755615138552e-08,0.001563721657545,1.3965948015035036e-05,0.0007818608287726,3.350821387148473e-05,0.0,2.815247210013297e-05,-0.0007818608287724,5.37315567161988e-05,0.00312744331509,8.358672128699274e-06,0.0039093041438624,1.7684783161183184e-05,0.0046911649726348,1.711767047578463e-05,0.0054730258014072,2.1109516880580804e-05,0.0062548866301799,2.946818900928008e-05,0,0,1,1,1
346,3,13:27:21,4,0.001563721657545,25632.0,0.0019546520719313,0.001563721657545,1.6965008616767413e-05,0.0007818608287726,3.1805521400823766e-05,0.0,2.815247210013297e-05,-0.0007818608287724,5.37315567161988e-05,-0.0015637216575449,2.991321090502101e-05,0.0023455824863174,1.7607388048880415e-06,0.00312744331509,9.693737815922074e-06,0.0039093041438624,1.735585393389641e-05,0.0046911649726348,1.688548513887632e-05,0.0054730258014072,2.13997485517162e-05,1,1,1,1,1
347,3,13:27:24,4,0.001563721657545,1161611.0,0.0011727912431587,0.0007818608287726,3.0973523943568974e-05,0.0,2.8210518434360047e-05,-0.0007818608287724,5.37315567161988e-05,-0.0015637216575449,2.991321090502101e-05,-0.0023455824863173,2.0703192540991256e-05,0.001563721657545,4.488916513560721e-07,0.0023455824863174,1.780087582963734e-06,0.00312744331509,1.0196806045890084e-05,0.0039093041438624,1.6852785703928396e-05,0.0046911649726348,1.688548513887632e-05,2,2,1,1,1
348,3,13:27:27,4,0.001563721657545,21777.0,0.0011727912431587,0.0007818608287726,3.1186360502401595e-05,0.0,2.898446955738776e-05,-0.0007818608287724,5.37315567161988e-05,-0.0015637216575449,2.991321090502101e-05,-0.0023455824863173,2.0703192540991256e-05,0.001563721657545,1.1996242406929513e-07,0.0023455824863174,1.780087582963734e-06,0.00312744331509,1.0196806045890084e-05,0.0039093041438624,1.6852785703928396e-05,0.0046911649726348,1.711767047578463e-05,2,2,1,1,1
349,3,13:27:30,4,0.0023455824863174,65376.0,0.001563721657545,0.0007818608287726,3.254077496770009e-05,0.0,2.898446955738776e-05,-0.0007818608287724,5.37315567161988e-05,-0.0015637216575449,2.991321090502101e-05,-0.0023455824863173,2.0703192540991256e-05,0.0023455824863174,3.970369261132155e-06,0.00312744331509,1.0196806045890084e-05,0.0039093041438624,1.6852785703928396e-05,0.0046911649726348,1.711767047578463e-05,0.0054730258014072,2.13997485517162e-05,1,1,1,1,1
350,3,13:27:33,4,0.0007818608287726,111360.0,0.0011727912431587,0.0007818608287726,3.176682384467238e-05,0.0,2.898446955738776e-05,-0.0007818608287724,5.315109337392802e-05,-0.0015637216575449,2.991321090502101e-05,-0.0023455824863173,2.0703192540991256e-05,0.001563721657545,3.869755615138552e-08,0.0023455824863174,3.970369261132155e-06,0.00312744331509,8.26192823832081e-06,0.0039093041438624,1.6852785703928396e-05,0.0046911649726348,1.711767047578463e-05,1,2,2,1,1
351,3,13:27:36,4,0.001563721657545,2562.0,0.0019546520719313,0.001563721657545,1.0835315722387947e-06,0.0007818608287726,3.192161406927792e-05,0.0,2.898446955738776e-05,-0.0007818608287724,5.315109337392802e-05,-0.0015637216575449,2.997125723924809e-05,0.0023455824863174,5.305434948354955e-06,0.00312744331509,8.26192823832081e-06,0.0039093041438624,1.6852785703928396e-05,0.0046911649726348,1.711767047578463e-05,0.0054730258014072,2.13997485517162e-05,1,1,2,1,1
352,3,13:27:39,4,0.0023455824863174,75638.0,0.0019546520719313,0.001563721657545,1.0835315722387947e-06,0.0007818608287726,3.308254075381949e-05,0.0,2.898446955738776e-05,-0.0007818608287724,5.315109337392802e-05,-0.0015637216575449,2.997125723924809e-05,0.0023455824863174,4.163857041889083e-06,0.00312744331509,8.745647690213128e-06,0.0039093041438624,1.6852785703928396e-05,0.0046911649726348,1.711767047578463e-05,0.0054730258014072,2.13997485517162e-05,1,1,2,1,1
353,3,13:27:42,4,0.0023455824863174,20512.0,0.0019546520719313,0.001563721657545,1.47050713375265e-06,0.0007818608287726,3.3372772424954875e-05,0.0,2.898446955738776e-05,-0.0007818608287724,5.315109337392802e-05,-0.0015637216575449,2.997125723924809e-05,0.0023455824863174,3.854276592677999e-06,0.00312744331509,8.842391580591592e-06,0.0039093041438624,1.6852785703928396e-05,0.0046911649726348,1.711767047578463e-05,0.0054730258014072,2.13997485517162e-05,1,1,1,1,1
354,3,13:27:45,4,0.0023455824863174,2564.0,0.0019546520719313,0.001563721657545,1.5092046899040356e-06,0.0007818608287726,3.3372772424954875e-05,0.0,2.9003818335463453e-05,-0.0007818608287724,5.315109337392802e-05,-0.0015637216575449,2.997125723924809e-05,0.0023455824863174,4.396042378797396e-06,0.00312744331509,8.513462353304815e-06,0.0039093041438624,1.6852785703928396e-05,0.0046911649726348,1.711767047578463e-05,0.0054730258014072,2.13997485517162e-05,1,1,1,1,1
355,3,13:27:48,4,0.0007818608287726,157518.0,0.001563721657545,0.0007818608287726,3.2598821301927165e-05,0.0,2.9003818335463453e-05,-0.0007818608287724,5.315109337392802e-05,-0.0015637216575449,2.997125723924809e-05,-0.0023455824863173,1.9522917078374e-05,0.0023455824863174,4.5895301595543234e-06,0.00312744331509,8.610206243683279e-06,0.0039093041438624,1.6852785703928396e-05,0.0046911649726348,1.711767047578463e-05,0.0054730258014072,2.13997485517162e-05,1,1,1,1,1
356,3,13:27:51,4,0.0023455824863174,7690.0,0.001563721657545,0.0007818608287726,3.2598821301927165e-05,0.0,2.9003818335463453e-05,-0.0007818608287724,5.315109337392802e-05,-0.0015637216575449,2.997125723924809e-05,-0.0023455824863173,1.9522917078374e-05,0.0023455824863174,4.531483825327245e-06,0.00312744331509,8.610206243683279e-06,0.0039093041438624,1.6852785703928396e-05,0.0046911649726348,1.711767047578463e-05,0.0054730258014072,2.13997485517162e-05,1,1,1,1,1
357,3,13:27:54,4,0.001563721657545,143472.0,0.0019546520719313,0.001563721657545,1.0835315722387946e-05,0.0007818608287726,3.2598821301927165e-05,0.0,2.997125723924809e-05,-0.0007818608287724,5.315109337392802e-05,-0.0015637216575449,2.997125723924809e-05,0.0023455824863174,6.408315298669443e-06,0.00312744331509,8.610206243683279e-06,0.0039093041438624,1.6852785703928396e-05,0.0046911649726348,1.7311158256541556e-05,0.0054730258014072,2.13997485517162e-05,1,1,2,1,1
358,3,13:27:57,4,0.001563721657545,132002.0,0.0019546520719313,0.001563721657545,1.0022667043208853e-05,0.0007818608287726,3.308254075381949e-05,0.0,3.055172058151887e-05,-0.0007818608287724,5.315109337392802e-05,-0.0015637216575449,2.997125723924809e-05,0.0023455824863174,5.26673739220357e-06,0.00312744331509,8.610206243683279e-06,0.0039093041438624,1.6852785703928396e-05,0.0046911649726348,1.740790214692002e-05,0.0054730258014072,2.13997485517162e-05,1,1,2,1,1
359,3,13:28:00,4,0.001563721657545,417607.0,0.0019546520719313,0.001563721657545,3.734314168608704e-06,0.0007818608287726,3.366300409609027e-05,0.0,3.055172058151887e-05,-0.0007818608287724,5.315109337392802e-05,-0.0015637216575449,2.997125723924809e-05,0.0023455824863174,5.750456844095889e-06,0.00312744331509,8.610206243683279e-06,0.0039093041438624,1.6852785703928396e-05,0.0046911649726348,1.740790214692002e-05,0.0054730258014072,2.13997485517162e-05,1,1,1,1,0
360,3,13:28:03,4,0.001563721657545,90951.0,0.0019546520719313,0.001563721657545,2.554038705991445e-06,0.0007818608287726,3.5326999010599845e-05,0.0,3.055172058151887e-05,-0.0007818608287724,5.315109337392802e-05,-0.0015637216575449,2.997125723924809e-05,0.0023455824863174,5.750456844095889e-06,0.00312744331509,8.610206243683279e-06,0.0039093041438624,1.6852785703928396e-05,0.0046911649726348,1.7698133818055414e-05,0.0054730258014072,2.13997485517162e-05,1,2,1,1,0
361,3,13:28:06,4,0.0023455824863174,70502.0,0.0019546520719313,0.001563721657545,3.2118971605649985e-06,0.0007818608287726,3.5326999010599845e-05,0.0,3.055172058151887e-05,-0.0007818608287724,5.315109337392802e-05,-0.0015637216575449,2.997125723924809e-05,0.0023455824863174,5.169993501825106e-06,0.00312744331509,8.610206243683279e-06,0.0039093041438624,1.6852785703928396e-05,0.0046911649726348,1.789162159881234e-05,0.0054730258014072,2.13997485517162e-05,1,2,1,1,0
362,3,13:28:09,4,0.001563721657545,19218.0,0.0019546520719313,0.001563721657545,2.979711823656685e-06,0.0007818608287726,3.639118180476295e-05,0.0,2.764940387016496e-05,-0.0007818608287724,5.315109337392802e-05,-0.0015637216575449,2.997125723924809e-05,0.0023455824863174,5.402178838733419e-06,0.00312744331509,8.610206243683279e-06,0.0039093041438624,1.6852785703928396e-05,0.0046911649726348,1.789162159881234e-05,0.0054730258014072,2.13997485517162e-05,1,2,1,1,0
363,3,13:28:12,4,0.001563721657545,0.0,0.0019546520719313,0.001563721657545,3.269943494792077e-06,0.0007818608287726,3.639118180476295e-05,0.0,2.764940387016496e-05,-0.0007818608287724,5.318979093007941e-05,-0.0015637216575449,2.997125723924809e-05,0.0023455824863174,4.57018138147863e-06,0.00312744331509,8.610206243683279e-06,0.0039093041438624,1.6852785703928396e-05,0.0046911649726348,2.185812110432936e-05,0.0054730258014072,2.13997485517162e-05,1,1,1,1,1
364,3,13:28:15,4,0.0023455824863174,29464.0,0.0019546520719313,0.001563721657545,3.231245938640692e-06,0.0007818608287726,3.78423401604399e-05,0.0,2.764940387016496e-05,-0.0007818608287724,5.318979093007941e-05,-0.0015637216575449,2.997125723924809e-05,0.0023455824863174,4.550832603402938e-06,0.00312744331509,8.165184347942346e-06,0.0039093041438624,1.6272322361657614e-05,0.0046911649726348,2.185812110432936e-05,0.0054730258014072,2.13997485517162e-05,1,1,1,1,1
365,3,13:28:18,4,0.001563721657545,161413.0,0.0019546520719313,0.001563721657545,1.0254852380117164e-06,0.0007818608287726,3.78616889385156e-05,0.0,2.764940387016496e-05,-0.0007818608287724,5.318979093007941e-05,-0.0015637216575449,2.997125723924809e-05,0.0023455824863174,4.434739934948781e-06,0.00312744331509,8.165184347942346e-06,0.0039093041438624,1.6272322361657614e-05,0.0046911649726348,2.185812110432936e-05,0.0054730258014072,2.13997485517162e-05,2,1,1,1,1
366,3,13:28:21,4,0.001563721657545,16653.0,0.0019546520719313,0.001563721657545,2.3218533690831315e-06,0.0007818608287726,3.776494504813713e-05,0.0,2.764940387016496e-05,-0.0007818608287724,5.315109337392802e-05,-0.0015637216575449,2.997125723924809e-05,0.0023455824863174,4.724971606084172e-06,0.00312744331509,8.165184347942346e-06,0.0039093041438624,1.6272322361657614e-05,0.0046911649726348,2.185812110432936e-05,0.0054730258014072,2.13997485517162e-05,2,1,1,1,1
367,3,13:28:24,4,0.001563721657545,15372.0,0.0019546520719313,0.001563721657545,2.0896680321748184e-06,0.0007818608287726,3.776494504813713e-05,0.0,2.764940387016496e-05,-0.0007818608287724,5.315109337392802e-05,-0.0015637216575449,2.997125723924809e-05,0.0023455824863174,4.724971606084172e-06,0.00312744331509,8.552159909456201e-06,0.0039093041438624,1.6272322361657614e-05,0.0046911649726348,1.7794877708433876e-05,0.0054730258014072,2.13997485517162e-05,2,2,1,1,1
368,3,13:28:27,4,0.001563721657545,112812.0,0.0019546520719313,0.001563721657545,3.173199604413613e-06,0.0007818608287726,3.834540839040792e-05,0.0,2.764940387016496e-05,-0.0007818608287724,5.315109337392802e-05,-0.0015637216575449,2.997125723924809e-05,0.0023455824863174,3.0996742477259805e-06,0.00312744331509,8.552159909456201e-06,0.0039093041438624,1.6272322361657614e-05,0.0046911649726348,1.7794877708433876e-05,0.0054730258014072,2.13997485517162e-05,1,2,1,1,1
369,3,13:28:30,4,0.0023455824863174,93574.0,0.0019546520719313,0.001563721657545,4.043894617819787e-06,0.0007818608287726,3.834540839040792e-05,0.0,2.764940387016496e-05,-0.0007818608287724,5.315109337392802e-05,-0.0015637216575449,2.997125723924809e-05,0.0023455824863174,1.919398785108722e-06,0.00312744331509,8.552159909456201e-06,0.0039093041438624,1.2944332532638458e-05,0.0046911649726348,1.7523994815374177e-05,0.0054730258014072,2.2367187455500837e-05,1,1,1,1,1
370,3,13:28:33,4,0.001563721657545,841465.0,0.0027365129007037,0.001563721657545,1.1319035174280268e-05,0.0007818608287726,3.834540839040792e-05,0.0,2.764940387016496e-05,-0.0007818608287724,5.315109337392802e-05,-0.0015637216575449,2.997125723924809e-05,0.0039093041438624,1.2116204830998809e-05,0.0046911649726348,1.7523994815374177e-05,0.0054730258014072,2.2367187455500837e-05,0.0062548866301799,3.0009954795399475e-05,0.0070367474589523,5.579007321567175e-05,0,0,0,0,0
371,3,13:28:36,4,0.0023455824863174,41024.0,0.00312744331509,0.0023455824863174,1.4318095776012643e-06,0.001563721657545,1.1319035174280268e-05,0.0007818608287726,3.853889617116485e-05,0.0,2.764940387016496e-05,-0.0007818608287724,5.315109337392802e-05,0.0039093041438624,1.2116204830998809e-05,0.0046911649726348,1.7523994815374177e-05,0.0054730258014072,2.2367187455500837e-05,0.0062548866301799,3.0009954795399475e-05,0.0070367474589523,5.579007321567175e-05,0,0,0,0,0
372,3,13:28:39,4,0.0023455824863174,2564.0,0.00312744331509,0.0023455824863174,1.3931120214498788e-06,0.001563721657545,1.275084475188153e-05,0.0007818608287726,3.853889617116485e-05,0.0,2.764940387016496e-05,-0.0007818608287724,5.315109337392802e-05,0.0039093041438624,1.21355536090745e-05,0.0046911649726348,1.7523994815374177e-05,0.0054730258014072,2.2367187455500837e-05,0.0062548866301799,3.0009954795399475e-05,0.0070367474589523,5.579007321567175e-05,1,0,0,0,0
373,3,13:28:42,4,0.00312744331509,137141.0,0.0023455824863174,0.001563721657545,1.2092986297307976e-05,0.0007818608287726,3.853889617116485e-05,0.0,2.764940387016496e-05,-0.0007818608287724,5.315109337392802e-05,-0.0015637216575449,2.997125723924809e-05,0.00312744331509,2.51534114984006e-07,0.0039093041438624,1.2116204830998809e-05,0.0046911649726348,1.7523994815374177e-05,0.0054730258014072,2.1457794885943276e-05,0.0062548866301799,3.0009954795399475e-05,2,1,0,0,0
374,3,13:28:45,4,0.001563721657545,155025.0,0.0023455824863174,0.001563721657545,1.0177457267814394e-05,0.0007818608287726,3.869368639577039e-05,0.0,2.764940387016496e-05,-0.0007818608287724,5.315109337392802e-05,-0.0015637216575449,2.997125723924809e-05,0.00312744331509,2.128365588326204e-07,0.0039093041438624,1.2116204830998809e-05,0.0046911649726348,1.7523994815374177e-05,0.0054730258014072,2.1457794885943276e-05,0.0062548866301799,3.0009954795399475e-05,1,1,1,0,0
375,3,13:28:48,4,0.001563721657545,81984.0,0.0019546520719313,0.001563721657545,1.071922305393379e-05,0.0007818608287726,3.702969148126081e-05,0.0,2.764940387016496e-05,-0.0007818608287724,5.315109337392802e-05,-0.0015637216575449,2.997125723924809e-05,0.0023455824863174,9.674389037846383e-08,0.00312744331509,4.06324339589548e-07,0.0039093041438624,1.2174251165225886e-05,0.0046911649726348,1.7523994815374177e-05,0.0054730258014072,2.1264307105186345e-05,1,1,1,1,0
376,3,13:28:51,4,0.0023455824863174,230600.0,0.0019546520719313,0.001563721657545,8.203881904093731e-06,0.0007818608287726,3.702969148126081e-05,0.0,2.7842891650921885e-05,-0.0007818608287724,5.315109337392802e-05,-0.0015637216575449,2.997125723924809e-05,0.0023455824863174,3.482780053624697e-07,0.00312744331509,5.611145641950901e-07,0.0039093041438624,1.3141690069010525e-05,0.0046911649726348,1.7523994815374177e-05,0.0054730258014072,2.1264307105186345e-05,1,1,1,1,1
377,3,13:28:54,4,0.00312744331509,267871.0,0.0035183737294763,0.00312744331509,8.12648679179096e-07,0.001563721657545,5.959423647313371e-06,0.0007818608287726,3.722317926201774e-05,0.0,2.803637943167881e-05,-0.0007818608287724,5.315109337392802e-05,0.0039093041438624,1.3664107077054227e-05,0.0046911649726348,1.7523994815374177e-05,0.0054730258014072,2.1264307105186345e-05,0.0062548866301799,3.0009954795399475e-05,0.0070367474589523,5.555788787876344e-05,0,0,0,0,0
378,3,13:28:57,4,0.0023455824863174,216632.0,0.00312744331509,0.0023455824863174,2.7475264867483723e-06,0.001563721657545,4.643706738166263e-06,0.0007818608287726,3.722317926201774e-05,0.0,2.803637943167881e-05,-0.0007818608287724,5.315109337392802e-05,0.0039093041438624,1.3664107077054227e-05,0.0046911649726348,1.74659484811471e-05,0.0054730258014072,2.128365588326204e-05,0.0062548866301799,3.0009954795399475e-05,0.0070367474589523,5.579007321567175e-05,0,0,0,0,0
379,3,13:29:00,4,0.001563721657545,494623.0,0.0019546520719313,0.001563721657545,2.128365588326204e-07,0.0007818608287726,3.735862070854759e-05,0.0,2.803637943167881e-05,-0.0007818608287724,5.315109337392802e-05,-0.0015637216575449,2.997125723924809e-05,0.0023455824863174,6.269004096524455e-06,0.00312744331509,6.075516315767528e-06,0.0039093041438624,1.3664107077054227e-05,0.0046911649726348,1.8046411823417883e-05,0.0054730258014072,2.128365588326204e-05,1,0,1,0,1
380,3,13:29:03,4,0.001563721657545,179378.0,0.0019546520719313,0.001563721657545,6.675328436114004e-06,0.0007818608287726,3.735862070854759e-05,0.0,2.7068940527894176e-05,-0.0007818608287724,5.315109337392802e-05,-0.0015637216575449,2.997125723924809e-05,0.0023455824863174,7.236443000309093e-06,0.00312744331509,8.513462353304815e-06,0.0039093041438624,1.3664107077054227e-05,0.0046911649726348,1.8046411823417883e-05,0.0054730258014072,2.128365588326204e-05,1,1,1,0,1
381,3,13:29:06,4,0.001563721657545,116573.0,0.0019546520719313,0.001563721657545,5.340262748891203e-06,0.0007818608287726,3.735862070854759e-05,0.0,2.7068940527894176e-05,-0.0007818608287724,5.324783726430648e-05,-0.0015637216575449,2.997125723924809e-05,0.0023455824863174,7.255791778384786e-06,0.00312744331509,7.120350331854937e-06,0.0039093041438624,1.3664107077054227e-05,0.0046911649726348,1.8143155713796348e-05,0.0054730258014072,2.128365588326204e-05,1,0,1,0,1
382,3,13:29:09,4,0.001563721657545,169107.0,0.0019546520719313,0.001563721657545,3.50212883170039e-06,0.0007818608287726,3.832605961233223e-05,0.0,2.7068940527894176e-05,-0.0007818608287724,5.344132504506341e-05,-0.0015637216575449,2.997125723924809e-05,0.0023455824863174,6.9655601072493945e-06,0.00312744331509,7.275140556460479e-06,0.0039093041438624,1.3664107077054227e-05,0.0046911649726348,1.8143155713796348e-05,0.0054730258014072,2.128365588326204e-05,0,0,1,0,1
383,3,13:29:12,4,0.001563721657545,41010.0,0.0019546520719313,0.001563721657545,3.347338607094848e-06,0.0007818608287726,3.822931572195376e-05,0.0,2.668196496638032e-05,-0.0007818608287724,5.344132504506341e-05,-0.0015637216575449,3.0164745020005017e-05,0.0023455824863174,6.617282101886925e-06,0.00312744331509,8.939135470970056e-06,0.0039093041438624,1.3702804633205615e-05,0.0046911649726348,1.8143155713796348e-05,0.0054730258014072,2.128365588326204e-05,1,0,1,1,1
384,3,13:29:15,4,0.0023455824863174,2564.0,0.0019546520719313,0.001563721657545,4.256731176652408e-06,0.0007818608287726,3.793908405081837e-05,0.0,2.668196496638032e-05,-0.0007818608287724,5.344132504506341e-05,-0.0015637216575449,3.140306681684935e-05,0.0023455824863174,6.849467438795238e-06,0.00312744331509,9.03587936134852e-06,0.0039093041438624,1.3702804633205615e-05,0.0046911649726348,1.8143155713796348e-05,0.0054730258014072,2.128365588326204e-05,0,1,1,1,1
385,3,13:29:18,4,0.001563721657545,279267.0,0.0019546520719313,0.001563721657545,2.128365588326204e-07,0.0007818608287726,3.793908405081837e-05,0.0,2.668196496638032e-05,-0.0007818608287724,5.37315567161988e-05,-0.0015637216575449,3.140306681684935e-05,0.0023455824863174,8.648903799834665e-06,0.00312744331509,9.03587936134852e-06,0.0039093041438624,1.3702804633205615e-05,0.0046911649726348,1.8859060502596975e-05,0.0054730258014072,2.128365588326204e-05,1,1,1,1,1
386,3,13:29:21,4,0.001563721657545,16659.0,0.0019546520719313,0.001563721657545,1.722041248736656e-06,0.0007818608287726,3.793908405081837e-05,0.0,2.6488477185623397e-05,-0.0007818608287724,5.37315567161988e-05,-0.0015637216575449,3.140306681684935e-05,0.0023455824863174,8.532811131380508e-06,0.00312744331509,1.1028803503144876e-05,0.0039093041438624,1.3915641192038236e-05,0.0046911649726348,1.8859060502596975e-05,0.0054730258014072,2.128365588326204e-05,0,1,1,1,1
387,3,13:29:24,4,0.001563721657545,116573.0,0.0011727912431587,0.0007818608287726,3.780364260428852e-05,0.0,2.6488477185623397e-05,-0.0007818608287724,5.37315567161988e-05,-0.0015637216575449,3.140306681684935e-05,-0.0023455824863173,1.9522917078374e-05,0.001563721657545,2.3218533690831317e-07,0.0023455824863174,8.494113575229124e-06,0.00312744331509,1.093205961276641e-05,0.0039093041438624,1.3915641192038236e-05,0.0046911649726348,1.8859060502596975e-05,1,2,1,1,1
388,3,13:29:27,4,0.0007818608287726,17934.0,0.001563721657545,0.0007818608287726,4.165404944135138e-05,0.0,2.6488477185623397e-05,-0.0007818608287724,5.37315567161988e-05,-0.0015637216575449,3.140306681684935e-05,-0.0023455824863173,1.9522917078374e-05,0.0023455824863174,8.47476479715343e-06,0.00312744331509,1.1667313179642737e-05,0.0039093041438624,1.3915641192038236e-05,0.0046911649726348,1.8859060502596975e-05,0.0054730258014072,2.128365588326204e-05,1,1,1,1,1
389,3,13:29:30,4,0.001563721657545,5124.0,0.0011727912431587,0.0007818608287726,4.165404944135138e-05,0.0,2.687545274713725e-05,-0.0007818608287724,5.37315567161988e-05,-0.0015637216575449,3.140306681684935e-05,-0.0023455824863173,1.9522917078374e-05,0.001563721657545,1.9348778075692766e-07,0.0023455824863174,8.47476479715343e-06,0.00312744331509,1.1667313179642737e-05,0.0039093041438624,1.3915641192038236e-05,0.0046911649726348,1.8859060502596975e-05,2,2,1,1,1
390,3,13:29:33,4,0.0023455824863174,84562.0,0.001563721657545,0.0007818608287726,4.134446899214029e-05,0.0,2.668196496638032e-05,-0.0007818608287724,5.37315567161988e-05,-0.0015637216575449,3.140306681684935e-05,-0.0023455824863173,1.9522917078374e-05,0.0023455824863174,8.532811131380508e-06,0.00312744331509,1.1667313179642737e-05,0.0039093041438624,1.3915641192038236e-05,0.0046911649726348,1.893645561489975e-05,0.0054730258014072,2.1593236332473124e-05,1,1,1,1,1
391,3,13:29:36,4,0.0007818608287726,24321.0,0.0011727912431587,0.0007818608287726,4.0996190986777823e-05,0.0,2.668196496638032e-05,-0.0007818608287724,5.37315567161988e-05,-0.0015637216575449,3.140306681684935e-05,-0.0023455824863173,1.9522917078374e-05,0.001563721657545,2.708828930596987e-07,0.0023455824863174,8.532811131380508e-06,0.00312744331509,1.1667313179642737e-05,0.0039093041438624,1.3915641192038236e-05,0.0046911649726348,1.893645561489975e-05,2,2,1,1,1
392,3,13:29:39,4,0.0007818608287726,7680.0,0.0011727912431587,0.0007818608287726,4.088009831832367e-05,0.0,2.668196496638032e-05,-0.0007818608287724,5.37315567161988e-05,-0.0015637216575449,3.140306681684935e-05,-0.0023455824863173,1.9522917078374e-05,0.001563721657545,3.482780053624697e-07,0.0023455824863174,8.532811131380508e-06,0.00312744331509,1.1667313179642737e-05,0.0039093041438624,1.3915641192038236e-05,0.0046911649726348,1.893645561489975e-05,2,2,1,1,1
393,3,13:29:42,4,0.001563721657545,14091.0,0.0011727912431587,0.0007818608287726,4.10735860990806e-05,0.0,2.668196496638032e-05,-0.0007818608287724,5.361546404774465e-05,-0.0015637216575449,3.140306681684935e-05,-0.0023455824863173,1.9522917078374e-05,0.001563721657545,2.3218533690831317e-07,0.0023455824863174,8.532811131380508e-06,0.00312744331509,1.1667313179642737e-05,0.0039093041438624,1.3915641192038236e-05,0.0046911649726348,1.893645561489975e-05,2,2,1,1,1
394,3,13:29:45,4,0.001563721657545,65361.0,0.0019546520719313,0.001563721657545,9.093925695575598e-07,0.0007818608287726,4.117032998945906e-05,0.0,2.668196496638032e-05,-0.0007818608287724,5.361546404774465e-05,-0.0015637216575449,3.140306681684935e-05,0.0023455824863174,7.894301454882647e-06,0.00312744331509,1.1667313179642737e-05,0.0039093041438624,1.3915641192038236e-05,0.0046911649726348,1.893645561489975e-05,0.0054730258014072,2.1593236332473124e-05,1,1,1,0,1
395,3,13:29:48,4,0.0007818608287726,256071.0,0.001563721657545,0.0007818608287726,3.8674337617694695e-05,0.0,2.668196496638032e-05,-0.0007818608287724,5.361546404774465e-05,-0.0015637216575449,3.140306681684935e-05,-0.0023455824863173,1.9522917078374e-05,0.0023455824863174,7.91365023295834e-06,0.00312744331509,1.1667313179642737e-05,0.0039093041438624,1.3915641192038236e-05,0.0046911649726348,1.893645561489975e-05,0.0054730258014072,2.1051470546353725e-05,1,1,1,0,1
396,3,13:29:51,4,0.0007818608287726,148480.0,0.0019546520719313,0.001563721657545,1.7413900268123485e-07,0.0007818608287726,3.8248664500029455e-05,0.0,2.668196496638032e-05,-0.0007818608287724,5.363481282582034e-05,-0.0015637216575449,3.140306681684935e-05,0.0023455824863174,7.91365023295834e-06,0.00312744331509,1.1667313179642737e-05,0.0039093041438624,1.3489968074372996e-05,0.0046911649726348,1.893645561489975e-05,0.0054730258014072,2.1051470546353725e-05,1,1,1,1,1
397,3,13:29:54,4,0.001563721657545,17931.0,0.0019546520719313,0.001563721657545,5.998121203464756e-07,0.0007818608287726,3.942893996264672e-05,0.0,2.6488477185623397e-05,-0.0007818608287724,5.363481282582034e-05,-0.0015637216575449,3.140306681684935e-05,0.0023455824863174,1.01581084897387e-05,0.00312744331509,1.1667313179642737e-05,0.0039093041438624,1.3006248622480676e-05,0.0046911649726348,1.893645561489975e-05,0.0054730258014072,2.1051470546353725e-05,1,0,1,1,1
398,3,13:29:57,4,0.0023455824863174,146047.0,0.0019546520719313,0.001563721657545,5.8046334227078287e-08,0.0007818608287726,4.05318203129612e-05,0.0,2.6488477185623397e-05,-0.0007818608287724,5.363481282582034e-05,-0.0015637216575449,3.140306681684935e-05,0.0023455824863174,9.422854922862376e-06,0.00312744331509,1.1667313179642737e-05,0.0039093041438624,1.3006248622480676e-05,0.0046911649726348,1.893645561489975e-05,0.0054730258014072,2.109016810250511e-05,1,0,1,1,1
399,3,13:30:00,4,0.0023455824863174,15376.0,0.0019546520719313,0.001563721657545,2.708828930596987e-07,0.0007818608287726,4.05318203129612e-05,0.0,2.6488477185623397e-05,-0.0007818608287724,5.363481282582034e-05,-0.0015637216575449,3.140306681684935e-05,0.0023455824863174,9.442203700938067e-06,0.00312744331509,7.70081367412572e-06,0.0039093041438624,1.3006248622480676e-05,0.0046911649726348,1.893645561489975e-05,0.0054730258014072,2.109016810250511e-05,1,0,0,1,1
400,3,13:30:03,4,0.001563721657545,1473410.0,0.0019546520719313,0.001563721657545,9.442203700938067e-06,0.0007818608287726,2.0738020341527504e-05,0.0,2.6488477185623397e-05,-0.0007818608287724,5.363481282582034e-05,-0.0015637216575449,3.140306681684935e-05,0.0023455824863174,9.403506144786684e-06,0.00312744331509,8.726298912137435e-06,0.0039093041438624,1.3006248622480676e-05,0.0046911649726348,1.893645561489975e-05,0.0054730258014072,2.109016810250511e-05,1,0,0,1,1
401,3,13:30:06,4,0.001563721657545,37152.0,0.0019546520719313,0.001563721657545,1.0487037717025478e-05,0.0007818608287726,2.0738020341527504e-05,0.0,2.6488477185623397e-05,-0.0007818608287724,5.363481282582034e-05,-0.0015637216575449,3.140306681684935e-05,0.0023455824863174,9.500250035165146e-06,0.00312744331509,8.726298912137435e-06,0.0039093041438624,1.3006248622480676e-05,0.0046911649726348,1.912994339565668e-05,0.0054730258014072,2.109016810250511e-05,1,0,0,1,1
402,3,13:30:09,4,0.001563721657545,6405.0,0.0019546520719313,0.001563721657545,1.1957544850778128e-05,0.0007818608287726,2.0738020341527504e-05,0.0,2.6488477185623397e-05,-0.0007818608287724,5.363481282582034e-05,-0.0015637216575449,3.140306681684935e-05,0.0023455824863174,1.9174639073011527e-05,0.00312744331509,8.726298912137435e-06,0.0039093041438624,1.3006248622480676e-05,0.0046911649726348,1.912994339565668e-05,0.0054730258014072,2.128365588326204e-05,0,0,0,1,1
403,3,13:30:12,4,0.001563721657545,61488.0,0.0019546520719313,0.001563721657545,1.1028803503144876e-05,0.0007818608287726,2.1357181239949676e-05,0.0,2.687545274713725e-05,-0.0007818608287724,5.363481282582034e-05,-0.0015637216575449,3.140306681684935e-05,0.0023455824863174,1.954226585644969e-05,0.00312744331509,8.33932335062358e-06,0.0039093041438624,1.3548014408600072e-05,0.0046911649726348,1.912994339565668e-05,0.0054730258014072,2.128365588326204e-05,0,0,1,1,1
404,3,13:30:15,4,0.0023455824863174,164015.0,0.0019546520719313,0.001563721657545,9.46155247901376e-06,0.0007818608287726,2.1357181239949676e-05,0.0,2.687545274713725e-05,-0.0007818608287724,5.363481282582034e-05,-0.0015637216575449,3.140306681684935e-05,0.0023455824863174,1.9116592738784448e-05,0.00312744331509,8.397369684850658e-06,0.0039093041438624,1.3548014408600072e-05,0.0046911649726348,1.912994339565668e-05,0.0054730258014072,2.128365588326204e-05,0,0,1,1,1
405,3,13:30:18,4,0.001563721657545,64050.0,0.0019546520719313,0.001563721657545,8.494113575229124e-06,0.0007818608287726,2.15506690207066e-05,0.0,2.675936007868309e-05,-0.0007818608287724,5.363481282582034e-05,-0.0015637216575449,3.140306681684935e-05,0.0023455824863174,2.1070819324429415e-05,0.00312744331509,8.378020906774967e-06,0.0039093041438624,1.3548014408600072e-05,0.0046911649726348,1.922668728603514e-05,0.0054730258014072,2.128365588326204e-05,0,0,1,1,1
406,3,13:30:21,4,0.001563721657545,0.0,0.0019546520719313,0.001563721657545,8.494113575229124e-06,0.0007818608287726,2.15506690207066e-05,0.0,2.675936007868309e-05,-0.0007818608287724,5.363481282582034e-05,-0.0015637216575449,3.140306681684935e-05,0.0023455824863174,2.2154350896668213e-05,0.00312744331509,8.378020906774967e-06,0.0039093041438624,1.3548014408600072e-05,0.0046911649726348,1.9613662847549e-05,0.0054730258014072,2.128365588326204e-05,0,0,1,1,1
407,3,13:30:24,4,0.001563721657545,579012.0,0.0011727912431587,0.0007818608287726,2.2169829919128768e-05,0.0,2.675936007868309e-05,-0.0007818608287724,5.363481282582034e-05,-0.0015637216575449,3.140306681684935e-05,-0.0023455824863173,1.929073174146569e-05,0.001563721657545,2.070319254099126e-06,0.0023455824863174,2.2173699674743903e-05,0.00312744331509,9.151972029802676e-06,0.0039093041438624,1.3509316852448686e-05,0.0046911649726348,1.9613662847549e-05,1,1,1,1,1
408,3,13:30:27,4,0.001563721657545,21777.0,0.0011727912431587,0.0007818608287726,2.2169829919128768e-05,0.0,2.675936007868309e-05,-0.0007818608287724,5.363481282582034e-05,-0.0015637216575449,3.140306681684935e-05,-0.0023455824863173,1.929073174146569e-05,0.001563721657545,7.371884446838942e-06,0.0023455824863174,2.3431370249663936e-05,0.00312744331509,9.151972029802676e-06,0.0039093041438624,1.3509316852448686e-05,0.0046911649726348,1.9613662847549e-05,1,2,1,1,1
409,3,13:30:30,4,0.001563721657545,0.0,0.0011727912431587,0.0007818608287726,2.203438847259892e-05,0.0,2.675936007868309e-05,-0.0007818608287724,5.363481282582034e-05,-0.0015637216575449,3.140306681684935e-05,-0.0023455824863173,1.929073174146569e-05,0.001563721657545,8.12648679179096e-06,0.0023455824863174,2.3798997033102097e-05,0.00312744331509,9.0939256955756e-06,0.0039093041438624,1.3509316852448686e-05,0.0046911649726348,1.9613662847549e-05,1,0,1,1,1
410,3,13:30:33,4,0.001563721657545,0.0,0.0011727912431587,0.0007818608287726,2.240201525603708e-05,0.0,2.6372384517169235e-05,-0.0007818608287724,5.367351038197173e-05,-0.0015637216575449,3.140306681684935e-05,-0.0023455824863173,1.929073174146569e-05,0.001563721657545,8.04909167948819e-06,0.0023455824863174,2.3798997033102097e-05,0.00312744331509,9.0939256955756e-06,0.0039093041438624,1.3509316852448686e-05,0.0046911649726348,1.9613662847549e-05,1,0,1,1,1
411,3,13:30:36,4,0.001563721657545,10242.0,0.0011727912431587,0.0007818608287726,2.2285922587582923e-05,0.0,2.6372384517169235e-05,-0.0007818608287724,5.367351038197173e-05,-0.0015637216575449,3.1499810707227815e-05,-0.0023455824863173,1.929073174146569e-05,0.001563721657545,7.77820878642849e-06,0.0023455824863174,2.1883468003608517e-05,0.00312744331509,9.0939256955756e-06,0.0039093041438624,1.3509316852448686e-05,0.0046911649726348,1.9613662847549e-05,1,0,1,1,1
412,3,13:30:39,4,0.0007818608287726,103681.0,0.0011727912431587,0.0007818608287726,2.466582229089313e-05,0.0,2.639173329524493e-05,-0.0007818608287724,5.380895182850157e-05,-0.0015637216575449,3.1499810707227815e-05,-0.0023455824863173,1.9445521966071227e-05,0.001563721657545,7.758860008352799e-06,0.0023455824863174,2.1883468003608517e-05,0.00312744331509,9.0939256955756e-06,0.0039093041438624,1.2928853510177904e-05,0.0046911649726348,1.9613662847549e-05,1,0,1,1,1
413,3,13:30:42,4,0.001563721657545,5124.0,0.0011727912431587,0.0007818608287726,2.5788051419283315e-05,0.0,2.639173329524493e-05,-0.0007818608287724,5.380895182850157e-05,-0.0015637216575449,3.1499810707227815e-05,-0.0023455824863173,1.9445521966071227e-05,0.001563721657545,8.842391580591592e-06,0.0023455824863174,2.1883468003608517e-05,0.00312744331509,9.0939256955756e-06,0.0039093041438624,1.2928853510177904e-05,0.0046911649726348,1.9613662847549e-05,2,1,1,1,1
414,3,13:30:45,4,0.0007818608287726,14082.0,0.0011727912431587,0.0007818608287726,2.580740019735901e-05,0.0,2.639173329524493e-05,-0.0007818608287724,5.40024396092585e-05,-0.0015637216575449,3.1499810707227815e-05,-0.0023455824863173,1.8865058623800445e-05,0.001563721657545,8.919786692894364e-06,0.0023455824863174,2.1883468003608517e-05,0.00312744331509,9.0939256955756e-06,0.0039093041438624,1.2928853510177904e-05,0.0046911649726348,2.154854065511827e-05,0,1,1,1,1
415,3,13:30:48,4,0.0007818608287726,271383.0,0.0011727912431587,0.0007818608287726,2.2827688373702323e-05,0.0,2.639173329524493e-05,-0.0007818608287724,5.40024396092585e-05,-0.0015637216575449,3.1499810707227815e-05,-0.0023455824863173,1.8865058623800445e-05,0.001563721657545,1.0603130385479636e-05,0.0023455824863174,2.1883468003608517e-05,0.00312744331509,9.0939256955756e-06,0.0039093041438624,1.2928853510177904e-05,0.0046911649726348,2.154854065511827e-05,0,1,1,1,2
416,3,13:30:51,4,0.0007818608287726,1446478.0,0.0011727912431587,0.0007818608287726,2.042843989231642e-05,0.0,2.639173329524493e-05,-0.0007818608287724,5.40024396092585e-05,-0.0015637216575449,3.1499810707227815e-05,-0.0023455824863173,1.8865058623800445e-05,0.001563721657545,5.8046334227078287e-08,0.0023455824863174,1.5053349342888969e-05,0.00312744331509,9.0939256955756e-06,0.0039093041438624,1.2928853510177904e-05,0.0046911649726348,2.154854065511827e-05,0,1,1,1,2
417,3,13:30:54,4,0.0007818608287726,1324800.0,0.0011727912431587,0.0007818608287726,4.0245458397440956e-07,0.0,2.8055728209754506e-05,-0.0007818608287724,5.40024396092585e-05,-0.0015637216575449,3.1499810707227815e-05,-0.0023455824863173,1.8865058623800445e-05,0.001563721657545,7.739511230277106e-08,0.0023455824863174,1.5053349342888969e-05,0.00312744331509,9.0939256955756e-06,0.0039093041438624,1.2928853510177904e-05,0.0046911649726348,2.1683982101648123e-05,0,1,1,1,1
418,3,13:30:57,4,0.001563721657545,10248.0,0.0019546520719313,0.001563721657545,4.4502189574093364e-07,0.0007818608287726,2.627564062679077e-06,0.0,2.8055728209754506e-05,-0.0007818608287724,5.40024396092585e-05,-0.0015637216575449,3.1499810707227815e-05,0.0023455824863174,1.5053349342888969e-05,0.00312744331509,9.0939256955756e-06,0.0039093041438624,1.2928853510177904e-05,0.0046911649726348,2.1683982101648123e-05,0.0054730258014072,2.1612585110548817e-05,0,0,1,1,1
419,3,13:31:00,4,0.0007818608287726,290671.0,0.0003909304143863,0.0,2.9526235343507155e-05,-0.0007818608287724,5.37509054942745e-05,-0.0015637216575449,3.1499810707227815e-05,-0.0023455824863173,1.8865058623800445e-05,-0.0031274433150898,3.656919056305932e-05,0.0007818608287726,1.4898559118283427e-06,0.0023455824863174,1.5053349342888969e-05,0.00312744331509,9.0939256955756e-06,0.0039093041438624,1.2928853510177904e-05,0.0046911649726348,2.1683982101648123e-05,2,2,1,1,2
420,3,13:31:03,4,0.0007818608287726,0.0,0.0003909304143863,0.0,2.9526235343507155e-05,-0.0007818608287724,5.37509054942745e-05,-0.0015637216575449,3.1499810707227815e-05,-0.0023455824863173,1.8865058623800445e-05,-0.0031274433150898,3.656919056305932e-05,0.0007818608287726,1.4898559118283427e-06,0.0023455824863174,1.5053349342888969e-05,0.00312744331509,9.0939256955756e-06,0.0039093041438624,1.2928853510177904e-05,0.0046911649726348,2.1683982101648123e-05,2,2,1,1,2
421,3,13:31:06,4,0.0007818608287726,15360.0,0.0003909304143863,0.0,2.9526235343507155e-05,-0.0007818608287724,5.37509054942745e-05,-0.0015637216575449,3.1499810707227815e-05,-0.0023455824863173,1.8865058623800445e-05,-0.0031274433150898,3.656919056305932e-05,0.0007818608287726,1.547902246055421e-06,0.001563721657545,8.977833027121442e-06,0.0023455824863174,1.5440324904402825e-05,0.00312744331509,9.0939256955756e-06,0.0039093041438624,1.2928853510177904e-05,2,2,1,1,2
422,3,13:31:09,4,0.0,29434.0,0.0003909304143863,0.0,2.9410142675053e-05,-0.0007818608287724,5.3886346940804345e-05,-0.0015637216575449,3.1499810707227815e-05,-0.0023455824863173,1.8865058623800445e-05,-0.0031274433150898,3.672398078766486e-05,0.0007818608287726,1.7026924706609631e-06,0.001563721657545,9.18834773258498e-06,0.0023455824863174,1.8013712388469963e-05,0.00312744331509,9.113274473651292e-06,0.0039093041438624,1.2928853510177904e-05,2,2,1,1,2
423,3,13:31:12,4,0.0007818608287726,151040.0,0.0011727912431587,0.0007818608287726,9.771132928224844e-06,0.0,2.5385596835308905e-05,-0.0007818608287724,5.386699816272865e-05,-0.0015637216575449,3.1499810707227815e-05,-0.0023455824863173,1.8865058623800445e-05,0.001563721657545,9.18834773258498e-06,0.0023455824863174,1.8013712388469963e-05,0.00312744331509,9.113274473651292e-06,0.0039093041438624,1.2928853510177904e-05,0.0046911649726348,2.425736958571526e-05,1,1,1,1,2
424,3,13:31:15,4,0.0007818608287726,316160.0,0.0011727912431587,0.0007818608287726,7.178396666082015e-06,0.0,2.679805763483448e-05,-0.0007818608287724,5.386699816272865e-05,-0.0015637216575449,3.1499810707227815e-05,-0.0023455824863173,1.8865058623800445e-05,0.001563721657545,9.18834773258498e-06,0.0023455824863174,1.8400687949983814e-05,0.00312744331509,9.113274473651292e-06,0.0039093041438624,1.2928853510177904e-05,0.0046911649726348,2.425736958571526e-05,1,0,1,1,2
425,3,13:31:18,4,0.0007818608287726,52020.0,0.0011727912431587,0.0007818608287726,1.4808780788012211e-05,0.0,2.679805763483448e-05,-0.0007818608287724,5.386699816272865e-05,-0.0015637216575449,3.1499810707227815e-05,-0.0023455824863173,1.8865058623800445e-05,0.001563721657545,9.18834773258498e-06,0.0023455824863174,1.8400687949983814e-05,0.00312744331509,9.113274473651292e-06,0.0039093041438624,1.2928853510177904e-05,0.0046911649726348,2.425736958571526e-05,1,0,1,1,2
426,3,13:31:21,4,0.0007818608287726,72960.0,0.0011727912431587,0.0007818608287726,1.471203689763375e-05,0.0,2.6836755190985866e-05,-0.0007818608287724,5.386699816272865e-05,-0.0015637216575449,3.1499810707227815e-05,-0.0023455824863173,1.8865058623800445e-05,0.001563721657545,9.884903743309918e-06,0.0023455824863174,1.8594175730740745e-05,0.00312744331509,9.113274473651292e-06,0.0039093041438624,1.2928853510177904e-05,0.0046911649726348,2.425736958571526e-05,1,1,1,1,2
427,3,13:31:24,4,0.0007818608287726,1280.0,0.0011727912431587,0.0007818608287726,1.500226856876914e-05,0.0,2.6836755190985866e-05,-0.0007818608287724,5.386699816272865e-05,-0.0015637216575449,3.1499810707227815e-05,-0.0023455824863173,1.8865058623800445e-05,0.001563721657545,9.884903743309918e-06,0.0023455824863174,1.89811512922546e-05,0.00312744331509,9.113274473651292e-06,0.0039093041438624,1.2928853510177904e-05,0.0046911649726348,2.425736958571526e-05,1,1,1,1,2
428,3,13:31:27,4,0.001563721657545,122897.0,0.0011727912431587,0.0007818608287726,1.3473715100789411e-05,0.0,2.6836755190985866e-05,-0.0007818608287724,5.367351038197173e-05,-0.0015637216575449,3.1499810707227815e-05,-0.0023455824863173,1.8865058623800445e-05,0.001563721657545,9.55597451602314e-06,0.0023455824863174,1.89811512922546e-05,0.00312744331509,9.113274473651292e-06,0.0039093041438624,1.2928853510177904e-05,0.0046911649726348,2.425736958571526e-05,1,1,1,1,2
429,3,13:31:30,4,0.0007818608287726,200960.0,0.0011727912431587,0.0007818608287726,1.2216044525869382e-05,0.0,2.722373075249972e-05,-0.0007818608287724,5.371220793812311e-05,-0.0015637216575449,3.1499810707227815e-05,-0.0023455824863173,1.8865058623800445e-05,0.001563721657545,1.1065179205927175e-05,0.0023455824863174,1.894245373610321e-05,0.00312744331509,9.113274473651292e-06,0.0039093041438624,1.2928853510177904e-05,0.0046911649726348,2.425736958571526e-05,0,1,1,1,2
430,3,13:31:33,4,0.0007818608287726,263680.0,0.0011727912431587,0.0007818608287726,8.326940132655137e-06,0.0,2.722373075249972e-05,-0.0007818608287724,5.371220793812311e-05,-0.0015637216575449,3.1499810707227815e-05,-0.0023455824863173,1.8865058623800445e-05,0.001563721657545,1.1065179205927175e-05,0.0023455824863174,1.894245373610321e-05,0.00312744331509,9.113274473651292e-06,0.0039093041438624,1.2928853510177904e-05,0.0046911649726348,2.425736958571526e-05,0,1,1,1,2
431,3,13:31:36,4,0.001563721657545,14081.0,0.0011727912431587,0.0007818608287726,8.13345235189821e-06,0.0,2.703024297174279e-05,-0.0007818608287724,4.995854499143872e-05,-0.0015637216575449,3.1499810707227815e-05,-0.0023455824863173,1.8865058623800445e-05,0.001563721657545,1.1123225540154256e-05,0.0023455824863174,1.894245373610321e-05,0.00312744331509,9.113274473651292e-06,0.0039093041438624,1.2928853510177904e-05,0.0046911649726348,2.4741089037607578e-05,1,1,1,1,2
432,3,13:31:39,4,0.0007818608287726,26881.0,0.0011727912431587,0.0007818608287726,1.037791060867857e-05,0.0,2.761070631401357e-05,-0.0007818608287724,4.995854499143872e-05,-0.0015637216575449,3.1499810707227815e-05,-0.0023455824863173,1.8865058623800445e-05,0.001563721657545,1.1200620652457028e-05,0.0023455824863174,1.894245373610321e-05,0.00312744331509,9.113274473651292e-06,0.0039093041438624,1.2928853510177904e-05,0.0046911649726348,2.4741089037607578e-05,1,1,1,1,2
433,3,13:31:42,4,0.0007818608287726,221459.0,0.0011727912431587,0.0007818608287726,7.398198785021885e-06,0.0,2.761070631401357e-05,-0.0007818608287724,4.9184593868411006e-05,-0.0015637216575449,3.1499810707227815e-05,-0.0023455824863173,1.8865058623800445e-05,0.001563721657545,1.0832993869018863e-05,0.0023455824863174,1.894245373610321e-05,0.00312744331509,9.113274473651292e-06,0.0039093041438624,1.2928853510177904e-05,0.0046911649726348,2.454760125685065e-05,1,1,1,1,2
434,3,13:31:45,4,0.0007818608287726,525266.0,0.0003909304143863,0.0,2.761070631401357e-05,-0.0007818608287724,4.9184593868411006e-05,-0.0015637216575449,3.1499810707227815e-05,-0.0023455824863173,1.8865058623800445e-05,-0.0031274433150898,3.653049300690793e-05,0.0007818608287726,2.9533974854737435e-06,0.001563721657545,1.2284152224695822e-05,0.0023455824863174,1.894245373610321e-05,0.00312744331509,9.113274473651292e-06,0.0039093041438624,1.2928853510177904e-05,2,2,1,2,2
435,3,13:31:48,4,0.0007818608287726,12800.0,0.0003909304143863,0.0,2.882967933278221e-05,-0.0007818608287724,4.9184593868411006e-05,-0.0015637216575449,3.1499810707227815e-05,-0.0023455824863173,1.8865058623800445e-05,-0.0031274433150898,3.653049300690793e-05,0.0007818608287726,3.379070603138984e-06,0.001563721657545,1.247764000545275e-05,0.0023455824863174,1.681408814777701e-05,0.00312744331509,9.113274473651292e-06,0.0039093041438624,1.2928853510177904e-05,2,2,1,2,2
436,3,13:31:51,4,0.0007818608287726,244020.0,0.0011727912431587,0.0007818608287726,3.6730946347772114e-05,0.0,2.882967933278221e-05,-0.0007818608287724,4.9184593868411006e-05,-0.0015637216575449,3.151915948530351e-05,-0.0023455824863173,1.8865058623800445e-05,0.001563721657545,1.241959367122567e-05,0.0023455824863174,1.681408814777701e-05,0.00312744331509,9.113274473651292e-06,0.0039093041438624,1.2928853510177904e-05,0.0046911649726348,2.4779786593758964e-05,1,1,1,2,2
437,3,13:31:54,4,0.0007818608287726,47360.0,0.0011727912431587,0.0007818608287726,3.630527323010688e-05,0.0,2.882967933278221e-05,-0.0007818608287724,4.9184593868411006e-05,-0.0015637216575449,3.151915948530351e-05,-0.0023455824863173,1.8865058623800445e-05,0.001563721657545,1.2613081451982596e-05,0.0023455824863174,1.7762178273485957e-05,0.00312744331509,9.113274473651292e-06,0.0039093041438624,1.2928853510177904e-05,0.0046911649726348,2.4779786593758964e-05,1,1,1,1,2
438,3,13:31:57,4,0.0007818608287726,241922.0,0.0011727912431587,0.0007818608287726,3.3654490633736967e-05,0.0,2.882967933278221e-05,-0.0007818608287724,4.9184593868411006e-05,-0.0015637216575449,3.151915948530351e-05,-0.0023455824863173,1.8865058623800445e-05,0.001563721657545,1.5109073823746965e-05,0.0023455824863174,1.7762178273485957e-05,0.00312744331509,9.113274473651292e-06,0.0039093041438624,1.3141690069010525e-05,0.0046911649726348,2.4779786593758964e-05,1,1,1,1,2
439,3,13:32:00,4,0.0007818608287726,158723.0,0.0011727912431587,0.0007818608287726,3.1410032376956604e-05,0.0,2.882967933278221e-05,-0.0007818608287724,4.9184593868411006e-05,-0.0015637216575449,3.151915948530351e-05,-0.0023455824863173,1.8865058623800445e-05,0.001563721657545,1.5051027489519886e-05,0.0023455824863174,1.7762178273485957e-05,0.00312744331509,9.113274473651292e-06,0.0039093041438624,1.3238433959388988e-05,0.0046911649726348,2.4779786593758964e-05,1,1,1,1,2
440,3,13:32:03,4,0.0007818608287726,241920.0,0.0011727912431587,0.0007818608287726,2.775311332065067e-05,0.0,2.8636191552025288e-05,-0.0007818608287724,4.9184593868411006e-05,-0.0015637216575449,3.151915948530351e-05,-0.0023455824863173,1.8865058623800445e-05,0.001563721657545,1.576693227832052e-05,0.0023455824863174,1.7762178273485957e-05,0.00312744331509,9.113274473651292e-06,0.0039093041438624,1.143899759834956e-05,0.0046911649726348,2.4779786593758964e-05,1,1,1,2,2
441,3,13:32:06,4,0.001563721657545,74280.0,0.0011727912431587,0.0007818608287726,2.856576199982977e-05,0.0,2.8636191552025288e-05,-0.0007818608287724,4.914589631225962e-05,-0.0015637216575449,3.151915948530351e-05,-0.0023455824863173,1.8865058623800445e-05,0.001563721657545,1.5612142053714978e-05,0.0023455824863174,1.7762178273485957e-05,0.00312744331509,9.113274473651292e-06,0.0039093041438624,1.143899759834956e-05,0.0046911649726348,2.4779786593758964e-05,1,1,1,2,2
442,3,13:32:09,4,0.0007818608287726,446720.0,0.0011727912431587,0.0007818608287726,2.192913111986715e-05,0.0,2.8539447661646826e-05,-0.0007818608287724,4.914589631225962e-05,-0.0015637216575449,3.151915948530351e-05,-0.0023455824863173,1.8865058623800445e-05,0.001563721657545,1.4567308037627567e-05,0.0023455824863174,1.6117532137052072e-05,0.00312744331509,9.113274473651292e-06,0.0039093041438624,1.143899759834956e-05,0.0046911649726348,2.4779786593758964e-05,1,1,1,2,2
443,3,13:32:12,4,0.0007818608287726,139522.0,0.0011727912431587,0.0007818608287726,2.096169221608251e-05,0.0,2.8539447661646826e-05,-0.0007818608287724,4.9010454865729765e-05,-0.0015637216575449,3.151915948530351e-05,-0.0023455824863173,1.8865058623800445e-05,0.001563721657545,1.4838190930687263e-05,0.0023455824863174,1.6117532137052072e-05,0.00312744331509,9.38415736671099e-06,0.0039093041438624,1.143899759834956e-05,0.0046911649726348,2.3425372128460472e-05,1,1,1,2,2
444,3,13:32:15,4,0.001563721657545,138295.0,0.0011727912431587,0.0007818608287726,2.07295068791742e-05,0.0,2.8732935442403756e-05,-0.0007818608287724,4.9010454865729765e-05,-0.0015637216575449,3.151915948530351e-05,-0.0023455824863173,1.8865058623800445e-05,0.001563721657545,1.3774008136524165e-05,0.0023455824863174,1.6117532137052072e-05,0.00312744331509,9.38415736671099e-06,0.0039093041438624,1.1864670716014802e-05,0.0046911649726348,2.3425372128460472e-05,1,1,1,2,2
445,3,13:32:18,4,0.0007818608287726,128000.0,0.0011727912431587,0.0007818608287726,1.8794629071604924e-05,0.0,2.8345959880889895e-05,-0.0007818608287724,4.9397430427243626e-05,-0.0015637216575449,3.151915948530351e-05,-0.0023455824863173,1.8865058623800445e-05,0.001563721657545,1.431577392264356e-05,0.0023455824863174,1.6117532137052072e-05,0.00312744331509,9.38415736671099e-06,0.0039093041438624,1.1864670716014802e-05,0.0046911649726348,2.3425372128460472e-05,1,1,1,2,2
446,3,13:32:21,4,0.001563721657545,60207.0,0.0011727912431587,0.0007818608287726,1.8794629071604924e-05,0.0,2.8481401327419743e-05,-0.0007818608287724,4.9397430427243626e-05,-0.0015637216575449,3.151915948530351e-05,-0.0023455824863173,1.8961802514178907e-05,0.001563721657545,1.3986844695356784e-05,0.0023455824863174,1.6117532137052072e-05,0.00312744331509,9.38415736671099e-06,0.0039093041438624,1.1864670716014802e-05,0.0046911649726348,2.3425372128460472e-05,1,1,1,2,2
447,3,13:32:24,4,0.001563721657545,43522.0,0.0011727912431587,0.0007818608287726,1.8175468173182752e-05,0.0,2.8481401327419743e-05,-0.0007818608287724,4.9397430427243626e-05,-0.0015637216575449,3.151915948530351e-05,-0.0023455824863173,1.8961802514178907e-05,0.001563721657545,1.3425730131161696e-05,0.0023455824863174,1.609818335897638e-05,0.00312744331509,9.38415736671099e-06,0.0039093041438624,1.1864670716014802e-05,0.0046911649726348,2.3425372128460472e-05,1,1,1,2,2
448,3,13:32:27,4,0.0007818608287726,367561.0,0.0011727912431587,0.0007818608287726,1.6801704929808567e-05,0.0,2.8481401327419743e-05,-0.0007818608287724,4.9397430427243626e-05,-0.0015637216575449,3.151915948530351e-05,-0.0023455824863173,1.9155290294935838e-05,0.001563721657545,9.459230625644676e-06,0.0023455824863174,1.609818335897638e-05,0.00312744331509,9.38415736671099e-06,0.0039093041438624,1.1864670716014802e-05,0.0046911649726348,2.303839656694661e-05,1,1,1,2,2
449,3,13:32:30,4,0.001563721657545,17934.0,0.0011727912431587,0.0007818608287726,1.6937146376338416e-05,0.0,2.8481401327419743e-05,-0.0007818608287724,4.9397430427243626e-05,-0.0015637216575449,3.151915948530351e-05,-0.0023455824863173,1.9155290294935838e-05,0.001563721657545,9.381835513341908e-06,0.0023455824863174,1.609818335897638e-05,0.00312744331509,1.1512522955037194e-05,0.0039093041438624,1.1864670716014802e-05,0.0046911649726348,2.303839656694661e-05,1,1,1,2,2
450,3,13:32:33,4,0.0007818608287726,108810.0,0.0011727912431587,0.0007818608287726,1.9026814408513237e-05,0.0,2.8597493995873905e-05,-0.0007818608287724,4.9203942646486696e-05,-0.0015637216575449,3.151915948530351e-05,-0.0023455824863173,1.9155290294935838e-05,0.001563721657545,9.18834773258498e-06,0.0023455824863174,1.609818335897638e-05,0.00312744331509,1.1512522955037194e-05,0.0039093041438624,1.1864670716014802e-05,0.0046911649726348,2.3231884347703545e-05,1,1,1,2,2
451,3,13:32:36,4,0.0007818608287726,57602.0,0.0011727912431587,0.0007818608287726,1.8214165729334135e-05,0.0,2.8694237886252367e-05,-0.0007818608287724,4.9203942646486696e-05,-0.0015637216575449,3.151915948530351e-05,-0.0023455824863173,1.9155290294935838e-05,0.001563721657545,9.149650176433591e-06,0.0023455824863174,1.609818335897638e-05,0.00312744331509,1.1512522955037194e-05,0.0039093041438624,1.1864670716014802e-05,0.0046911649726348,2.516676215527282e-05,1,1,1,2,2
452,3,13:32:39,4,0.001563721657545,1281.0,0.0011727912431587,0.0007818608287726,1.8214165729334135e-05,0.0,2.8694237886252367e-05,-0.0007818608287724,4.9203942646486696e-05,-0.0015637216575449,3.151915948530351e-05,-0.0023455824863173,1.9155290294935838e-05,0.001563721657545,9.227045288736364e-06,0.0023455824863174,1.609818335897638e-05,0.00312744331509,1.1512522955037194e-05,0.0039093041438624,1.1864670716014802e-05,0.0046911649726348,2.516676215527282e-05,1,1,1,2,2
453,3,13:32:42,4,0.0007818608287726,32000.0,0.0011727912431587,0.0007818608287726,1.773044627744182e-05,0.0,2.8694237886252367e-05,-0.0007818608287724,4.949417431762209e-05,-0.0015637216575449,3.151915948530351e-05,-0.0023455824863173,1.9155290294935838e-05,0.001563721657545,9.227045288736364e-06,0.0023455824863174,1.609818335897638e-05,0.00312744331509,1.1512522955037194e-05,0.0039093041438624,1.1864670716014802e-05,0.0046911649726348,2.5263506045651284e-05,1,1,1,2,2
454,3,13:32:45,4,0.001563721657545,96309.0,0.0011727912431587,0.0007818608287726,1.7919290351460583e-05,0.0,2.898446955738776e-05,-0.0007818608287724,4.949417431762209e-05,-0.0015637216575449,3.151915948530351e-05,-0.0023455824863173,1.9155290294935838e-05,0.001563721657545,9.227045288736364e-06,0.0023455824863174,1.609818335897638e-05,0.00312744331509,1.1512522955037194e-05,0.0039093041438624,1.0897231812230164e-05,0.0046911649726348,2.5360249936029742e-05,1,1,1,2,2
455,3,13:32:48,4,0.001563721657545,0.0,0.0011727912431587,0.0007818608287726,2.0589421725906183e-05,0.0,2.937144511890161e-05,-0.0007818608287724,4.949417431762209e-05,-0.0015637216575449,3.151915948530351e-05,-0.0023455824863173,1.9155290294935838e-05,0.001563721657545,1.2013269331636122e-05,0.0023455824863174,1.609818335897638e-05,0.00312744331509,1.1512522955037194e-05,0.0039093041438624,1.0897231812230164e-05,0.0046911649726348,2.5360249936029742e-05,1,1,2,2,2
456,3,13:32:51,4,0.001563721657545,0.0,0.0011727912431587,0.0007818608287726,2.0589421725906183e-05,0.0,2.937144511890161e-05,-0.0007818608287724,4.949417431762209e-05,-0.0015637216575449,3.151915948530351e-05,-0.0023455824863173,1.9155290294935838e-05,0.001563721657545,1.2013269331636122e-05,0.0023455824863174,1.609818335897638e-05,0.00312744331509,1.1512522955037194e-05,0.0039093041438624,1.0897231812230164e-05,0.0046911649726348,2.5360249936029742e-05,1,1,2,2,2
457,3,13:32:54,4,0.001563721657545,0.0,0.0011727912431587,0.0007818608287726,3.0631437547190725e-05,0.0,2.937144511890161e-05,-0.0007818608287724,4.949417431762209e-05,-0.0015637216575449,3.151915948530351e-05,-0.0023455824863173,1.9155290294935838e-05,0.001563721657545,1.2110013222014586e-05,0.0023455824863174,1.609818335897638e-05,0.00312744331509,1.1512522955037194e-05,0.0039093041438624,1.0897231812230164e-05,0.0046911649726348,2.5360249936029742e-05,1,1,1,2,2
458,3,13:32:57,4,0.001563721657545,32021.0,0.0011727912431587,0.0007818608287726,3.086362288409904e-05,0.0,2.937144511890161e-05,-0.0007818608287724,4.949417431762209e-05,-0.0015637216575449,3.151915948530351e-05,-0.0023455824863173,1.9155290294935838e-05,0.001563721657545,1.1103876762078565e-05,0.0023455824863174,1.609818335897638e-05,0.00312744331509,1.1512522955037194e-05,0.0039093041438624,1.0897231812230164e-05,0.0046911649726348,2.5998759612527607e-05,1,1,1,2,2
459,3,13:33:00,4,0.0007818608287726,51200.0,0.0011727912431587,0.0007818608287726,3.008967176107133e-05,0.0,2.937144511890161e-05,-0.0007818608287724,4.949417431762209e-05,-0.0015637216575449,3.151915948530351e-05,-0.0023455824863173,1.9155290294935838e-05,0.001563721657545,1.220675711239305e-05,0.0023455824863174,1.609818335897638e-05,0.00312744331509,1.1512522955037194e-05,0.0039093041438624,1.0955278146457245e-05,0.0046911649726348,2.5998759612527607e-05,1,1,1,2,2
460,3,13:33:03,4,0.0007818608287726,90880.0,0.0011727912431587,0.0007818608287726,3.008967176107133e-05,0.0,2.937144511890161e-05,-0.0007818608287724,4.949417431762209e-05,-0.0015637216575449,3.151915948530351e-05,-0.0023455824863173,1.9155290294935838e-05,0.001563721657545,1.220675711239305e-05,0.0023455824863174,1.609818335897638e-05,0.00312744331509,1.1512522955037194e-05,0.0039093041438624,1.0955278146457245e-05,0.0046911649726348,2.6288991283663e-05,1,1,2,2,2
461,3,13:33:06,4,0.001563721657545,10242.0,0.0011727912431587,0.0007818608287726,2.997357909261717e-05,0.0,2.937144511890161e-05,-0.0007818608287724,4.949417431762209e-05,-0.0015637216575449,3.151915948530351e-05,-0.0023455824863173,1.9155290294935838e-05,0.001563721657545,1.2168059556241663e-05,0.0023455824863174,1.6485158920490234e-05,0.00312744331509,1.1512522955037194e-05,0.0039093041438624,1.0955278146457245e-05,0.0046911649726348,2.6288991283663e-05,1,1,2,2,2
462,3,13:33:09,4,0.0007818608287726,81968.0,0.0011727912431587,0.0007818608287726,2.9663998643406088e-05,0.0,2.937144511890161e-05,-0.0007818608287724,4.949417431762209e-05,-0.0015637216575449,3.151915948530351e-05,-0.0023455824863173,1.9155290294935838e-05,0.001563721657545,1.1955222997409045e-05,0.0023455824863174,1.6485158920490234e-05,0.00312744331509,1.1512522955037194e-05,0.0039093041438624,1.1671182935257876e-05,0.0046911649726348,2.6288991283663e-05,1,2,2,2,2
463,3,13:33:12,4,0.0007818608287726,0.0,0.0011727912431587,0.0007818608287726,2.9663998643406088e-05,0.0,2.937144511890161e-05,-0.0007818608287724,4.949417431762209e-05,-0.0015637216575449,3.151915948530351e-05,-0.0023455824863173,1.9155290294935838e-05,0.001563721657545,1.1935874219333352e-05,0.0023455824863174,1.6485158920490234e-05,0.00312744331509,1.1531871733112889e-05,0.0039093041438624,1.1671182935257876e-05,0.0046911649726348,2.6288991283663e-05,1,2,2,2,2
464,3,13:33:15,4,0.001563721657545,21767.0,0.0011727912431587,0.0007818608287726,2.968334742148178e-05,0.0,2.937144511890161e-05,-0.0007818608287724,4.949417431762209e-05,-0.0015637216575449,3.151915948530351e-05,-0.0023455824863173,1.9155290294935838e-05,0.001563721657545,1.1800432772803502e-05,0.0023455824863174,1.6775390591625627e-05,0.00312744331509,1.1531871733112889e-05,0.0039093041438624,1.1671182935257876e-05,0.0046911649726348,2.6288991283663e-05,1,2,2,2,2
465,3,13:33:18,4,0.001563721657545,0.0,0.0011727912431587,0.0007818608287726,3.0050974204919943e-05,0.0,2.937144511890161e-05,-0.0007818608287724,4.949417431762209e-05,-0.0015637216575449,3.151915948530351e-05,-0.0023455824863173,1.9155290294935838e-05,0.001563721657545,1.0329925639050852e-05,0.0023455824863174,1.6775390591625627e-05,0.00312744331509,1.1918847294626742e-05,0.0039093041438624,1.1671182935257876e-05,0.0046911649726348,2.6288991283663e-05,1,2,2,2,2
466,3,13:33:21,4,0.001563721657545,354837.0,0.0011727912431587,0.0007818608287726,3.0050974204919943e-05,0.0,2.937144511890161e-05,-0.0007818608287724,4.949417431762209e-05,-0.0015637216575449,3.151915948530351e-05,-0.0023455824863173,1.9155290294935838e-05,0.001563721657545,5.221848227067963e-06,0.0023455824863174,1.6775390591625627e-05,0.00312744331509,1.155122051118858e-05,0.0039093041438624,1.1671182935257876e-05,0.0046911649726348,2.6482479064419927e-05,1,2,2,2,2
467,3,13:33:24,4,0.0007818608287726,199705.0,0.0011727912431587,0.0007818608287726,2.8754606073848527e-05,0.0,2.937144511890161e-05,-0.0007818608287724,4.949417431762209e-05,-0.0015637216575449,3.151915948530351e-05,-0.0023455824863173,1.9155290294935838e-05,0.001563721657545,4.738128775175644e-06,0.0023455824863174,1.772348071733457e-05,0.00312744331509,1.155122051118858e-05,0.0039093041438624,1.1864670716014802e-05,0.0046911649726348,2.6482479064419927e-05,2,2,2,2,2
468,3,13:33:27,4,0.001563721657545,16642.0,0.0011727912431587,0.0007818608287726,2.8541769515015907e-05,0.0,2.937144511890161e-05,-0.0007818608287724,4.949417431762209e-05,-0.0015637216575449,3.151915948530351e-05,-0.0023455824863173,1.9155290294935838e-05,0.001563721657545,4.699431219024258e-06,0.0023455824863174,1.772348071733457e-05,0.00312744331509,1.155122051118858e-05,0.0039093041438624,1.1864670716014802e-05,0.0046911649726348,2.6482479064419927e-05,2,2,2,2,2
469,3,13:33:30,4,0.001563721657545,80703.0,0.0011727912431587,0.0007818608287726,2.9218976747665154e-05,0.0,2.9526235343507155e-05,-0.0007818608287724,4.949417431762209e-05,-0.0015637216575449,3.1712647266060435e-05,-0.0023455824863173,1.9155290294935838e-05,0.001563721657545,3.480458200255614e-06,0.0023455824863174,1.772348071733457e-05,0.00312744331509,1.155122051118858e-05,0.0039093041438624,1.2123944342229085e-05,0.0046911649726348,2.6482479064419927e-05,2,2,2,2,2
470,3,13:33:33,4,0.0007818608287726,147305.0,0.0011727912431587,0.0007818608287726,2.9799440089935936e-05,0.0,2.9526235343507155e-05,-0.0007818608287724,4.949417431762209e-05,-0.0015637216575449,3.1712647266060435e-05,-0.0023455824863173,1.9155290294935838e-05,0.001563721657545,1.8164632857460368e-06,0.0023455824863174,1.772348071733457e-05,0.00312744331509,1.155122051118858e-05,0.0039093041438624,1.2123944342229085e-05,0.0046911649726348,2.6056805946754686e-05,2,2,2,2,2
471,3,13:33:36,4,0.0007818608287726,38401.0,0.0011727912431587,0.0007818608287726,3.1173203333310124e-05,0.0,2.962297923388562e-05,-0.0007818608287724,4.804301596194513e-05,-0.0015637216575449,3.1712647266060435e-05,-0.0023455824863173,1.9155290294935838e-05,0.001563721657545,2.3775778499411268e-06,0.0023455824863174,1.772348071733457e-05,0.00312744331509,1.155122051118858e-05,0.0039093041438624,1.2123944342229085e-05,0.0046911649726348,2.6056805946754686e-05,2,2,2,2,2
472,3,13:33:39,4,0.001563721657545,224013.0,0.0019546520719313,0.001563721657545,1.7319478231114104e-05,0.0007818608287726,3.415291515696681e-05,0.0,2.962297923388562e-05,-0.0007818608287724,4.804301596194513e-05,-0.0015637216575449,3.1712647266060435e-05,0.0023455824863174,1.772348071733457e-05,0.00312744331509,1.155122051118858e-05,0.0039093041438624,1.2123944342229085e-05,0.0046911649726348,2.6056805946754686e-05,0.0054730258014072,1.799436361039427e-05,1,2,2,1,2
473,3,13:33:42,4,0.001563721657545,7690.0,0.0019546520719313,0.001563721657545,2.88320011861513e-05,0.0007818608287726,3.440444927195082e-05,0.0,2.962297923388562e-05,-0.0007818608287724,4.804301596194513e-05,-0.0015637216575449,3.1712647266060435e-05,0.0023455824863174,1.7646085605031798e-05,0.00312744331509,1.155122051118858e-05,0.0039093041438624,1.2123944342229085e-05,0.0046911649726348,2.685010584785809e-05,0.0054730258014072,1.799436361039427e-05,1,2,2,1,2
474,3,13:33:45,4,0.0023455824863174,2564.0,0.0019546520719313,0.001563721657545,2.9509208418800547e-05,0.0007818608287726,3.5391236953811146e-05,0.0,2.929405000659884e-05,-0.0007818608287724,4.804301596194513e-05,-0.0015637216575449,3.1712647266060435e-05,0.0023455824863174,1.7607388048880415e-05,0.00312744331509,1.1164244949674724e-05,0.0039093041438624,1.3091383246013725e-05,0.0046911649726348,2.685010584785809e-05,0.0054730258014072,1.7704131939258877e-05,1,2,2,2,2
475,3,13:33:48,4,0.00312744331509,1296292.0,0.0023455824863174,0.001563721657545,3.2933942138198163e-05,0.0007818608287726,3.039925221028241e-05,0.0,2.7475264867483723e-05,-0.0007818608287724,4.804301596194513e-05,-0.0015637216575449,3.1712647266060435e-05,0.00312744331509,7.275140556460479e-06,0.0039093041438624,1.3091383246013725e-05,0.0046911649726348,2.685010584785809e-05,0.0054730258014072,1.7704131939258877e-05,0.0062548866301799,2.6082152846033843e-05,1,1,2,2,2
476,3,13:33:51,4,0.0023455824863174,298474.0,0.0023455824863174,0.001563721657545,3.254696657668431e-05,0.0007818608287726,2.8464374402713135e-05,0.0,2.751396242363511e-05,-0.0007818608287724,4.798496962771805e-05,-0.0015637216575449,3.1712647266060435e-05,0.00312744331509,7.275140556460479e-06,0.0039093041438624,1.3091383246013725e-05,0.0046911649726348,2.685010584785809e-05,0.0054730258014072,1.7704131939258877e-05,0.0062548866301799,2.6082152846033843e-05,1,2,2,2,2
477,3,13:33:54,4,0.001563721657545,44835.0,0.0019546520719313,0.001563721657545,3.4346402937723734e-05,0.0007818608287726,2.8464374402713135e-05,0.0,2.751396242363511e-05,-0.0007818608287724,4.798496962771805e-05,-0.0015637216575449,3.1712647266060435e-05,0.0023455824863174,1.1609266845415657e-07,0.00312744331509,5.1467749681342745e-06,0.0039093041438624,1.3091383246013725e-05,0.0046911649726348,2.685010584785809e-05,0.0054730258014072,1.7704131939258877e-05,2,2,2,2,2
478,3,13:33:57,4,0.001563721657545,386864.0,0.0019546520719313,0.001563721657545,2.8541769515015907e-05,0.0007818608287726,2.848372318078883e-05,0.0,2.7378520977105255e-05,-0.0007818608287724,4.798496962771805e-05,-0.0015637216575449,3.1712647266060435e-05,0.0023455824863174,7.739511230277106e-08,0.00312744331509,5.1467749681342745e-06,0.0039093041438624,1.3091383246013725e-05,0.0046911649726348,2.685010584785809e-05,0.0054730258014072,1.7704131939258877e-05,2,2,2,2,2
479,3,13:34:00,4,0.0023455824863174,3846.0,0.0019546520719313,0.001563721657545,2.8541769515015907e-05,0.0007818608287726,2.867721096154576e-05,0.0,2.7378520977105255e-05,-0.0007818608287724,4.798496962771805e-05,-0.0015637216575449,3.1712647266060435e-05,0.0023455824863174,1.934877807569276e-08,0.00312744331509,5.1467749681342745e-06,0.0039093041438624,1.3091383246013725e-05,0.0046911649726348,2.6753361957479627e-05,0.0054730258014072,1.7704131939258877e-05,2,2,2,2,1
480,3,13:34:03,4,0.0023455824863174,39742.0,0.0027365129007037,0.0023455824863174,1.1609266845415657e-07,0.001563721657545,2.8541769515015907e-05,0.0007818608287726,2.8657862183470065e-05,0.0,2.7378520977105255e-05,-0.0007818608287724,4.817845740847498e-05,0.00312744331509,6.094865093843221e-06,0.0039093041438624,1.3091383246013725e-05,0.0046911649726348,2.6753361957479627e-05,0.0054730258014072,1.7704131939258877e-05,0.0062548866301799,2.6082152846033843e-05,1,2,1,1,1
481,3,13:34:06,4,0.0023455824863174,0.0,0.0027365129007037,0.0023455824863174,1.547902246055421e-07,0.001563721657545,2.8541769515015907e-05,0.0007818608287726,2.7690423279685425e-05,0.0,2.7378520977105255e-05,-0.0007818608287724,4.817845740847498e-05,0.00312744331509,1.0042015821284544e-05,0.0039093041438624,1.2375478457213093e-05,0.0046911649726348,2.6753361957479627e-05,0.0054730258014072,1.7704131939258877e-05,0.0062548866301799,2.6082152846033843e-05,2,2,1,1,1
482,3,13:34:09,4,0.0023455824863174,33327.0,0.0027365129007037,0.0023455824863174,6.327050430751533e-06,0.001563721657545,2.358848232763856e-05,0.0007818608287726,2.652949659514386e-05,0.0,2.7378520977105255e-05,-0.0007818608287724,4.798496962771805e-05,0.00312744331509,1.0042015821284544e-05,0.0039093041438624,1.2375478457213093e-05,0.0046911649726348,2.6753361957479627e-05,0.0054730258014072,1.7897619720015805e-05,0.0062548866301799,2.6082152846033843e-05,2,2,1,1,1
483,3,13:34:12,4,0.0023455824863174,37178.0,0.0027365129007037,0.0023455824863174,5.998121203464756e-06,0.001563721657545,2.378197010839549e-05,0.0007818608287726,2.6297311258235548e-05,0.0,2.7378520977105255e-05,-0.0007818608287724,4.798496962771805e-05,0.00312744331509,1.0061364599360235e-05,0.0039093041438624,1.2375478457213093e-05,0.0046911649726348,2.6792059513631013e-05,0.0054730258014072,1.7897619720015805e-05,0.0062548866301799,2.6082152846033843e-05,2,1,1,1,1
484,3,13:34:15,4,0.00312744331509,1283.0,0.0027365129007037,0.0023455824863174,5.998121203464756e-06,0.001563721657545,2.3956109111076723e-05,0.0007818608287726,2.6297311258235548e-05,0.0,2.7378520977105255e-05,-0.0007818608287724,4.78495281811882e-05,0.00312744331509,1.0042015821284544e-05,0.0039093041438624,1.3671846588284508e-05,0.0046911649726348,2.6792059513631013e-05,0.0054730258014072,1.7897619720015805e-05,0.0062548866301799,2.6082152846033843e-05,2,2,1,1,1
485,3,13:34:18,4,0.001563721657545,667827.0,0.0023455824863174,0.001563721657545,1.5868319875437147e-05,0.0007818608287726,2.6548845373219554e-05,0.0,2.7378520977105255e-05,-0.0007818608287724,4.78495281811882e-05,-0.0015637216575449,3.1809391156438904e-05,0.00312744331509,8.900437914818671e-06,0.0039093041438624,1.3710544144435893e-05,0.0046911649726348,2.6792059513631013e-05,0.0054730258014072,1.7897619720015805e-05,0.0062548866301799,2.6062804067958156e-05,2,2,1,1,2
486,3,13:34:21,4,0.00312744331509,940439.0,0.0035183737294763,0.00312744331509,3.947150727441323e-06,0.0023455824863174,3.869755615138553e-07,0.001563721657545,1.5868319875437147e-05,0.0007818608287726,2.7129308715490336e-05,0.0,2.7378520977105255e-05,0.0039093041438624,1.376859047866297e-05,0.0046911649726348,2.6792059513631013e-05,0.0054730258014072,1.7897619720015805e-05,0.0062548866301799,2.277351179509038e-05,0.0070367474589523,5.7686253467089646e-05,1,1,1,1,1
487,3,13:34:24,4,0.00312744331509,2567.0,0.0035183737294763,0.00312744331509,3.927801949365631e-06,0.0023455824863174,1.8961802514178909e-06,0.001563721657545,1.693250266960025e-05,0.0007818608287726,2.7109959937414643e-05,0.0,2.7378520977105255e-05,0.0039093041438624,1.3749241700587276e-05,0.0046911649726348,2.6792059513631013e-05,0.0054730258014072,1.7897619720015805e-05,0.0062548866301799,2.277351179509038e-05,0.0070367474589523,5.7686253467089646e-05,1,1,1,1,1
488,3,13:34:27,4,0.00312744331509,50039.0,0.0035183737294763,0.00312744331509,3.2118971605649985e-06,0.0023455824863174,1.954226585644969e-06,0.001563721657545,1.699054900382733e-05,0.0007818608287726,2.645210148284109e-05,0.0,2.7378520977105255e-05,0.0039093041438624,1.3710544144435893e-05,0.0046911649726348,2.6792059513631013e-05,0.0054730258014072,1.7897619720015805e-05,0.0062548866301799,2.277351179509038e-05,0.0070367474589523,5.7686253467089646e-05,1,1,1,1,1
489,3,13:34:30,4,0.00312744331509,0.0,0.0035183737294763,0.00312744331509,3.2118971605649985e-06,0.0023455824863174,1.954226585644969e-06,0.001563721657545,1.699054900382733e-05,0.0007818608287726,2.838697929041037e-05,0.0,2.7746147760543423e-05,0.0039093041438624,1.3749241700587276e-05,0.0046911649726348,2.685010584785809e-05,0.0054730258014072,1.7897619720015805e-05,0.0062548866301799,2.277351179509038e-05,0.0070367474589523,5.7686253467089646e-05,1,1,1,1,1
490,3,13:34:33,4,0.00312744331509,79546.0,0.0035183737294763,0.00312744331509,2.03162169794774e-06,0.0023455824863174,1.954226585644969e-06,0.001563721657545,1.7957987907611965e-05,0.0007818608287726,3.0321857097979643e-05,0.0,2.7746147760543423e-05,0.0039093041438624,1.3749241700587276e-05,0.0046911649726348,2.685010584785809e-05,0.0054730258014072,1.7897619720015805e-05,0.0062548866301799,2.277351179509038e-05,0.0070367474589523,5.7686253467089646e-05,1,1,1,1,1
491,3,13:34:36,4,0.0039093041438624,55182.0,0.0035183737294763,0.00312744331509,1.4511583556769572e-06,0.0023455824863174,1.954226585644969e-06,0.001563721657545,1.811277813221751e-05,0.0007818608287726,3.115385455523443e-05,0.0,2.7746147760543423e-05,0.0039093041438624,1.272375646257556e-05,0.0046911649726348,2.6946849738236558e-05,0.0054730258014072,1.787827094194011e-05,0.0062548866301799,2.277351179509038e-05,0.0070367474589523,5.7686253467089646e-05,1,1,1,1,1
492,3,13:34:39,4,0.00312744331509,2566.0,0.0035183737294763,0.00312744331509,1.799436361039427e-06,0.0023455824863174,2.921665489429607e-06,0.001563721657545,1.84030098033529e-05,0.0007818608287726,3.134734233599136e-05,0.0,2.7746147760543423e-05,0.0039093041438624,1.920559711793264e-05,0.0046911649726348,2.6946849738236558e-05,0.0054730258014072,1.569185901938683e-05,0.0062548866301799,2.252197768010637e-05,0.0070367474589523,5.7686253467089646e-05,1,1,1,1,1
493,3,13:34:42,4,0.0039093041438624,323271.0,0.00312744331509,0.0023455824863174,9.480901257089452e-07,0.001563721657545,1.937044870713754e-05,0.0007818608287726,3.227608368362461e-05,0.0,2.7746147760543423e-05,-0.0007818608287724,4.904915242188115e-05,0.0039093041438624,1.8141414323769532e-05,0.0046911649726348,2.685010584785809e-05,0.0054730258014072,1.569185901938683e-05,0.0062548866301799,2.252197768010637e-05,0.0070367474589523,5.7686253467089646e-05,1,1,1,1,1
494,3,13:34:45,4,0.0039093041438624,125784.0,0.0035183737294763,0.00312744331509,1.5962741912446528e-05,0.0023455824863174,1.5092046899040356e-06,0.001563721657545,1.937044870713754e-05,0.0007818608287726,3.241152513015446e-05,0.0,2.7842891650921885e-05,0.0039093041438624,1.713527786383351e-05,0.0046911649726348,2.685010584785809e-05,0.0054730258014072,1.569185901938683e-05,0.0062548866301799,2.252197768010637e-05,0.0070367474589523,5.7686253467089646e-05,1,0,1,1,0
495,3,13:34:48,4,0.00312744331509,23094.0,0.0035183737294763,0.00312744331509,1.561446390708406e-05,0.0023455824863174,2.147714366401897e-06,0.001563721657545,2.1305326514706816e-05,0.0007818608287726,3.2159991015170454e-05,0.0,2.7842891650921885e-05,0.0039093041438624,1.7580299759574443e-05,0.0046911649726348,2.6172898615208845e-05,0.0054730258014072,1.569185901938683e-05,0.0062548866301799,2.252197768010637e-05,0.0070367474589523,5.7686253467089646e-05,1,0,1,1,0
496,3,13:34:51,4,0.0039093041438624,79593.0,0.0035183737294763,0.00312744331509,1.973575363720662e-05,0.0023455824863174,2.225109478704668e-06,0.001563721657545,1.720338556265995e-05,0.0007818608287726,3.206324712479199e-05,0.0,2.7842891650921885e-05,0.0039093041438624,1.669025596809258e-05,0.0046911649726348,2.2632072227357067e-05,0.0054730258014072,1.569185901938683e-05,0.0062548866301799,2.252197768010637e-05,0.0070367474589523,5.7879741247846577e-05,1,0,1,1,0
497,3,13:34:54,4,0.00312744331509,327165.0,0.0035183737294763,0.00312744331509,1.4898559118283427e-05,0.0023455824863174,2.225109478704668e-06,0.001563721657545,1.720338556265995e-05,0.0007818608287726,3.206324712479199e-05,0.0,2.7842891650921885e-05,0.0039093041438624,1.692244130500089e-05,0.0046911649726348,2.2632072227357067e-05,0.0054730258014072,1.569185901938683e-05,0.0062548866301799,2.252197768010637e-05,0.0070367474589523,5.7879741247846577e-05,1,0,1,1,0
498,3,13:34:57,4,0.0039093041438624,19260.0,0.0035183737294763,0.00312744331509,1.4898559118283427e-05,0.0023455824863174,2.225109478704668e-06,0.001563721657545,1.720338556265995e-05,0.0007818608287726,3.328222014356063e-05,0.0,2.7842891650921885e-05,0.0039093041438624,1.5568026839702397e-05,0.0046911649726348,2.278686245196261e-05,0.0054730258014072,1.569185901938683e-05,0.0062548866301799,2.252197768010637e-05,0.0070367474589523,5.778299735746811e-05,1,0,1,1,0
499,3,13:35:00,4,0.00312744331509,12830.0,0.0035183737294763,0.00312744331509,1.47050713375265e-05,0.0023455824863174,2.5927362621428303e-06,0.001563721657545,1.720338556265995e-05,0.0007818608287726,3.3437010368166177e-05,0.0,2.7842891650921885e-05,0.0039093041438624,1.5335841502794084e-05,0.0046911649726348,2.278686245196261e-05,0.0054730258014072,1.569185901938683e-05,0.0062548866301799,2.252197768010637e-05,0.0070367474589523,5.778299735746811e-05,0,0,1,1,1
500,3,13:35:03,4,0.00312744331509,402862.0,0.0035183737294763,0.00312744331509,8.881089136742978e-06,0.0023455824863174,2.5927362621428303e-06,0.001563721657545,1.720338556265995e-05,0.0007818608287726,3.382398592968003e-05,0.0,2.7842891650921885e-05,0.0039093041438624,1.5277795168567005e-05,0.0046911649726348,2.278686245196261e-05,0.0054730258014072,1.5111395677116048e-05,0.0062548866301799,2.2309141121273758e-05,0.0070367474589523,5.778299735746811e-05,0,0,1,1,1
501,3,13:35:06,4,0.0039093041438624,79608.0,0.0035183737294763,0.00312744331509,1.3911771436423096e-05,0.0023455824863174,4.159987286273944e-06,0.001563721657545,1.720338556265995e-05,0.0007818608287726,3.382398592968003e-05,0.0,2.7842891650921885e-05,0.0039093041438624,1.6535465743487034e-05,0.0046911649726348,2.224509666584321e-05,0.0054730258014072,1.5111395677116048e-05,0.0062548866301799,2.2309141121273758e-05,0.0070367474589523,5.778299735746811e-05,0,0,1,1,0
502,3,13:35:09,4,0.00312744331509,64150.0,0.0035183737294763,0.00312744331509,1.2944332532638458e-05,0.0023455824863174,4.159987286273944e-06,0.001563721657545,1.720338556265995e-05,0.0007818608287726,3.345635914624187e-05,0.0,2.7842891650921885e-05,0.0039093041438624,1.6535465743487034e-05,0.0046911649726348,2.224509666584321e-05,0.0054730258014072,1.5111395677116048e-05,0.0062548866301799,2.2309141121273758e-05,0.0070367474589523,5.778299735746811e-05,0,0,1,1,0
503,3,13:35:12,4,0.00312744331509,354108.0,0.0035183737294763,0.00312744331509,7.410582002990328e-06,0.0023455824863174,4.546962847787799e-06,0.001563721657545,1.700989778190302e-05,0.0007818608287726,3.345635914624187e-05,0.0,2.7842891650921885e-05,0.0039093041438624,1.6535465743487034e-05,0.0046911649726348,2.234184055622168e-05,0.0054730258014072,1.5111395677116048e-05,0.0062548866301799,2.134170221748912e-05,0.0070367474589523,5.840215825589028e-05,0,0,1,1,0
504,3,13:35:15,4,0.00312744331509,510646.0,0.0027365129007037,0.0023455824863174,4.546962847787799e-06,0.001563721657545,1.700989778190302e-05,0.0007818608287726,3.345635914624187e-05,0.0,2.7842891650921885e-05,-0.0007818608287724,4.904915242188115e-05,0.00312744331509,1.3350656872228009e-06,0.0039093041438624,1.630328040657872e-05,0.0046911649726348,2.234184055622168e-05,0.0054730258014072,1.5208139567494512e-05,0.0062548866301799,2.134170221748912e-05,1,2,1,1,1
505,3,13:35:18,4,0.00312744331509,50037.0,0.0027365129007037,0.0023455824863174,5.32091397081551e-06,0.001563721657545,1.700989778190302e-05,0.0007818608287726,3.345635914624187e-05,0.0,2.7842891650921885e-05,-0.0007818608287724,4.904915242188115e-05,0.00312744331509,2.3218533690831315e-06,0.0039093041438624,1.6670907190016886e-05,0.0046911649726348,2.234184055622168e-05,0.0054730258014072,1.5208139567494512e-05,0.0062548866301799,2.134170221748912e-05,1,2,1,1,0
506,3,13:35:21,4,0.00312744331509,25660.0,0.0027365129007037,0.0023455824863174,5.707889532329365e-06,0.001563721657545,1.700989778190302e-05,0.0007818608287726,3.36498469269988e-05,0.0,2.7842891650921885e-05,-0.0007818608287724,4.904915242188115e-05,0.00312744331509,1.954226585644969e-06,0.0039093041438624,1.6961138861152275e-05,0.0046911649726348,2.5418296270256825e-05,0.0054730258014072,1.5208139567494512e-05,0.0062548866301799,2.172867777900297e-05,1,2,1,1,0
507,3,13:35:24,4,0.00312744331509,0.0,0.0027365129007037,0.0023455824863174,5.727238310405057e-06,0.001563721657545,1.700989778190302e-05,0.0007818608287726,3.36498469269988e-05,0.0,2.7842891650921885e-05,-0.0007818608287724,4.904915242188115e-05,0.00312744331509,2.2057607006289748e-06,0.0039093041438624,1.7038533973455047e-05,0.0046911649726348,2.5418296270256825e-05,0.0054730258014072,1.5208139567494512e-05,0.0062548866301799,2.172867777900297e-05,1,2,1,1,0
508,3,13:35:27,4,0.00312744331509,3849.0,0.0027365129007037,0.0023455824863174,5.727238310405057e-06,0.001563721657545,1.700989778190302e-05,0.0007818608287726,3.36498469269988e-05,0.0,2.7842891650921885e-05,-0.0007818608287724,4.904915242188115e-05,0.00312744331509,1.3950468992574482e-05,0.0039093041438624,1.7038533973455047e-05,0.0046911649726348,2.5418296270256825e-05,0.0054730258014072,1.5208139567494512e-05,0.0062548866301799,2.2115653340516827e-05,1,2,1,1,0
509,3,13:35:30,4,0.0023455824863174,35896.0,0.0027365129007037,0.0023455824863174,5.185472524285661e-06,0.001563721657545,1.700989778190302e-05,0.0007818608287726,3.36498469269988e-05,0.0,2.7842891650921885e-05,-0.0007818608287724,4.904915242188115e-05,0.00312744331509,1.3989166548725868e-05,0.0039093041438624,1.7038533973455047e-05,0.0046911649726348,2.5418296270256825e-05,0.0054730258014072,1.5208139567494512e-05,0.0062548866301799,2.3083092244301467e-05,2,2,1,1,0
510,3,13:35:33,4,0.0023455824863174,957108.0,0.0027365129007037,0.0023455824863174,5.166123746209968e-06,0.001563721657545,1.700989778190302e-05,0.0007818608287726,3.36498469269988e-05,0.0,2.788158920707327e-05,-0.0007818608287724,4.904915242188115e-05,0.00312744331509,2.186411922553282e-06,0.0039093041438624,1.7038533973455047e-05,0.0046911649726348,2.5418296270256825e-05,0.0054730258014072,1.6175578471279148e-05,0.0062548866301799,2.3083092244301467e-05,2,2,1,1,0
511,3,13:35:36,4,0.00312744331509,1001366.0,0.0027365129007037,0.0023455824863174,4.392172623182257e-06,0.001563721657545,1.700989778190302e-05,0.0007818608287726,3.36498469269988e-05,0.0,2.8055728209754506e-05,-0.0007818608287724,4.904915242188115e-05,0.00312744331509,1.3544144652984934e-07,0.0039093041438624,4.539223336557522e-06,0.0046911649726348,2.3483418462687548e-05,0.0054730258014072,1.6175578471279148e-05,0.0062548866301799,2.3083092244301467e-05,2,2,1,1,0
512,3,13:35:39,4,0.0023455824863174,274348.0,0.0027365129007037,0.0023455824863174,1.6059485802824992e-06,0.001563721657545,1.7222734340735642e-05,0.0007818608287726,3.36498469269988e-05,0.0,2.8055728209754506e-05,-0.0007818608287724,4.904915242188115e-05,0.00312744331509,4.914589631225962e-06,0.0039093041438624,5.332523237660925e-06,0.0046911649726348,2.3483418462687548e-05,0.0054730258014072,1.6175578471279148e-05,0.0062548866301799,2.316048735660424e-05,2,2,1,1,0
513,3,13:35:42,4,0.0023455824863174,217940.0,0.0027365129007037,0.0023455824863174,2.9023167113539144e-07,0.001563721657545,1.615855154657254e-05,0.0007818608287726,3.36498469269988e-05,0.0,2.8055728209754506e-05,-0.0007818608287724,4.904915242188115e-05,0.00312744331509,5.088728633907197e-06,0.0039093041438624,5.332523237660925e-06,0.0046911649726348,2.3483418462687548e-05,0.0054730258014072,1.6233624805506228e-05,0.0062548866301799,2.316048735660424e-05,2,1,1,1,0
514,3,13:35:45,4,0.00312744331509,338712.0,0.0035183737294763,0.00312744331509,2.0896680321748184e-06,0.0023455824863174,2.9023167113539144e-07,0.001563721657545,1.615855154657254e-05,0.0007818608287726,3.3765939595452955e-05,0.0,2.8055728209754506e-05,0.0039093041438624,7.499586382138514e-06,0.0046911649726348,2.3483418462687548e-05,0.0054730258014072,1.6233624805506228e-05,0.0062548866301799,2.316048735660424e-05,0.0070367474589523,6.024029217308109e-05,1,0,1,0,0
515,3,13:35:48,4,0.00312744331509,7698.0,0.0035183737294763,0.00312744331509,1.9735753637206617e-06,0.0023455824863174,2.9023167113539144e-07,0.001563721657545,1.615855154657254e-05,0.0007818608287726,3.3765939595452955e-05,0.0,2.8055728209754506e-05,0.0039093041438624,9.821439751221646e-06,0.0046911649726348,2.3483418462687548e-05,0.0054730258014072,1.6233624805506228e-05,0.0062548866301799,2.316048735660424e-05,0.0070367474589523,6.024029217308109e-05,1,0,1,0,0
516,3,13:35:51,4,0.00312744331509,130875.0,0.0035183737294763,0.00312744331509,8.319974572547888e-07,0.0023455824863174,3.869755615138553e-07,0.001563721657545,1.615855154657254e-05,0.0007818608287726,3.3765939595452955e-05,0.0,2.8055728209754506e-05,0.0039093041438624,9.84078852929734e-06,0.0046911649726348,2.3638208687293093e-05,0.0054730258014072,1.6233624805506228e-05,0.0062548866301799,2.316048735660424e-05,0.0070367474589523,6.024029217308109e-05,1,1,1,0,0
517,3,13:35:54,4,0.00312744331509,67999.0,0.0035183737294763,0.00312744331509,1.218973018768644e-06,0.0023455824863174,3.869755615138553e-07,0.001563721657545,1.6352039327329467e-05,0.0007818608287726,3.3765939595452955e-05,0.0,2.8055728209754506e-05,0.0039093041438624,9.937532419675805e-06,0.0046911649726348,2.3638208687293093e-05,0.0054730258014072,1.6233624805506228e-05,0.0062548866301799,2.316048735660424e-05,0.0070367474589523,6.024029217308109e-05,1,1,1,0,0
518,3,13:35:57,4,0.00312744331509,51322.0,0.0035183737294763,0.00312744331509,1.1996242406929513e-06,0.0023455824863174,6.772072326492467e-07,0.001563721657545,1.6352039327329467e-05,0.0007818608287726,3.3765939595452955e-05,0.0,2.8055728209754506e-05,0.0039093041438624,2.0327826246322812e-05,0.0046911649726348,2.3638208687293093e-05,0.0054730258014072,1.6233624805506228e-05,0.0062548866301799,2.312178980045285e-05,0.0070367474589523,6.024029217308109e-05,0,1,1,0,0
519,3,13:36:00,4,0.00312744331509,121885.0,0.0035183737294763,0.00312744331509,2.554038705991445e-06,0.0023455824863174,2.6507825963699087e-06,0.001563721657545,1.6352039327329467e-05,0.0007818608287726,3.3669195705074493e-05,0.0,2.8055728209754506e-05,0.0039093041438624,2.0327826246322812e-05,0.0046911649726348,2.3638208687293093e-05,0.0054730258014072,1.6233624805506228e-05,0.0062548866301799,2.312178980045285e-05,0.0070367474589523,6.024029217308109e-05,0,0,1,1,0
520,3,13:36:03,4,0.00312744331509,0.0,0.0035183737294763,0.00312744331509,2.554038705991445e-06,0.0023455824863174,2.6507825963699087e-06,0.001563721657545,1.8286917134898744e-05,0.0007818608287726,3.3669195705074493e-05,0.0,2.8055728209754506e-05,0.0039093041438624,2.1159823703577604e-05,0.0046911649726348,2.3638208687293093e-05,0.0054730258014072,1.6233624805506228e-05,0.0062548866301799,2.331527758120978e-05,0.0070367474589523,6.025964095115678e-05,0,0,1,1,0
521,3,13:36:06,4,0.00312744331509,64152.0,0.0035183737294763,0.00312744331509,1.625297358358192e-06,0.0023455824863174,3.037758157883764e-06,0.001563721657545,1.8286917134898744e-05,0.0007818608287726,3.384333470775573e-05,0.0,2.8249215990511436e-05,0.0039093041438624,2.1566148043167152e-05,0.0046911649726348,2.3638208687293093e-05,0.0054730258014072,1.6233624805506228e-05,0.0062548866301799,2.331527758120978e-05,0.0070367474589523,5.969852638696169e-05,1,1,1,0,0
522,3,13:36:09,4,0.00312744331509,168080.0,0.0035183737294763,0.00312744331509,1.3544144652984934e-07,0.0023455824863174,3.076455714035149e-06,0.001563721657545,1.8286917134898744e-05,0.0007818608287726,3.384333470775573e-05,0.0,2.8249215990511436e-05,0.0039093041438624,2.1237218815880376e-05,0.0046911649726348,2.3638208687293093e-05,0.0054730258014072,1.6233624805506228e-05,0.0062548866301799,2.331527758120978e-05,0.0070367474589523,5.969852638696169e-05,1,1,1,0,0
523,3,13:36:12,4,0.00312744331509,19245.0,0.0027365129007037,0.0023455824863174,3.076455714035149e-06,0.001563721657545,1.8286917134898744e-05,0.0007818608287726,3.384333470775573e-05,0.0,2.8191169656284357e-05,-0.0007818608287724,4.988114987913594e-05,0.00312744331509,1.1028803503144874e-06,0.0039093041438624,2.162419437739423e-05,0.0046911649726348,2.4025184248806948e-05,0.0054730258014072,1.6620600367020082e-05,0.0062548866301799,2.331527758120978e-05,2,2,1,1,0
524,3,13:36:15,4,0.00312744331509,43599.0,0.0027365129007037,0.0023455824863174,3.792360502835781e-06,0.001563721657545,1.86738926964126e-05,0.0007818608287726,3.446249560617789e-05,0.0,2.8191169656284357e-05,-0.0007818608287724,4.988114987913594e-05,0.00312744331509,1.876831473342198e-06,0.0039093041438624,2.1720938267772696e-05,0.0046911649726348,2.4025184248806948e-05,0.0054730258014072,1.6620600367020082e-05,0.0062548866301799,2.331527758120978e-05,1,2,1,1,0
525,3,13:36:18,4,0.00312744331509,0.0,0.0027365129007037,0.0023455824863174,3.792360502835781e-06,0.001563721657545,1.86738926964126e-05,0.0007818608287726,3.465598338693482e-05,0.0,2.8191169656284357e-05,-0.0007818608287724,4.988114987913594e-05,0.00312744331509,2.824921599051144e-06,0.0039093041438624,2.1720938267772696e-05,0.0046911649726348,2.4025184248806948e-05,0.0054730258014072,1.6620600367020082e-05,0.0062548866301799,2.3682904364647946e-05,1,2,1,0,0
526,3,13:36:21,4,0.00312744331509,451616.0,0.0035183737294763,0.00312744331509,2.4379460375372883e-06,0.0023455824863174,3.792360502835781e-06,0.001563721657545,1.86738926964126e-05,0.0007818608287726,3.426900782542097e-05,0.0,2.8191169656284357e-05,0.0039093041438624,2.102438225704776e-05,0.0046911649726348,2.4025184248806948e-05,0.0054730258014072,1.6620600367020082e-05,0.0062548866301799,2.3682904364647946e-05,0.0070367474589523,5.962113127465892e-05,1,1,1,0,0
527,3,13:36:24,4,0.00312744331509,55169.0,0.0035183737294763,0.00312744331509,1.6059485802824992e-06,0.0023455824863174,3.792360502835781e-06,0.001563721657545,1.86738926964126e-05,0.0007818608287726,3.426900782542097e-05,0.0,2.8191169656284357e-05,0.0039093041438624,2.131461392818315e-05,0.0046911649726348,2.4025184248806948e-05,0.0054730258014072,1.7375202711972102e-05,0.0062548866301799,2.3682904364647946e-05,0.0070367474589523,5.962113127465892e-05,1,1,1,0,0
528,3,13:36:27,4,0.00312744331509,159094.0,0.0035183737294763,0.00312744331509,1.1609266845415657e-07,0.0023455824863174,3.792360502835781e-06,0.001563721657545,1.86738926964126e-05,0.0007818608287726,3.426900782542097e-05,0.0,2.8191169656284357e-05,0.0039093041438624,2.127591637203176e-05,0.0046911649726348,2.4025184248806948e-05,0.0054730258014072,1.7762178273485957e-05,0.0062548866301799,2.3682904364647946e-05,0.0070367474589523,5.962113127465892e-05,1,1,1,0,0
529,3,13:36:30,4,0.00312744331509,133432.0,0.0027365129007037,0.0023455824863174,3.792360502835781e-06,0.001563721657545,1.886738047716953e-05,0.0007818608287726,3.426900782542097e-05,0.0,2.8191169656284357e-05,-0.0007818608287724,4.988114987913594e-05,0.00312744331509,2.9023167113539144e-07,0.0039093041438624,1.934103856446249e-05,0.0046911649726348,2.4218672029563875e-05,0.0054730258014072,1.8729617177270597e-05,0.0062548866301799,2.374095069887502e-05,2,1,1,0,1
530,3,13:36:33,4,0.0023455824863174,8974.0,0.0027365129007037,0.0023455824863174,3.676267834381625e-06,0.001563721657545,1.86738926964126e-05,0.0007818608287726,3.426900782542097e-05,0.0,2.8191169656284357e-05,-0.0007818608287724,5.007463765989287e-05,0.00312744331509,3.2892922728677695e-07,0.0039093041438624,1.908950444947848e-05,0.0046911649726348,2.4218672029563875e-05,0.0054730258014072,1.8729617177270597e-05,0.0062548866301799,2.374095069887502e-05,2,2,1,0,1
531,3,13:36:36,4,0.00312744331509,73131.0,0.0035183737294763,0.00312744331509,8.706950134061744e-06,0.0023455824863174,3.676267834381625e-06,0.001563721657545,1.86738926964126e-05,0.0007818608287726,3.47333784992376e-05,0.0,2.8191169656284357e-05,0.0039093041438624,1.910885322755417e-05,0.0046911649726348,2.4508903700699264e-05,0.0054730258014072,1.8729617177270597e-05,0.0062548866301799,2.393443847963195e-05,0.0070367474589523,5.975657272118877e-05,1,1,1,0,0
532,3,13:36:39,4,0.00312744331509,252755.0,0.0035183737294763,0.00312744331509,4.97263596545304e-06,0.0023455824863174,3.869755615138553e-06,0.001563721657545,1.86738926964126e-05,0.0007818608287726,3.47333784992376e-05,0.0,2.8191169656284357e-05,0.0039093041438624,1.90314581152514e-05,0.0046911649726348,2.4508903700699264e-05,0.0054730258014072,1.8729617177270597e-05,0.0062548866301799,2.393443847963195e-05,0.0070367474589523,5.975657272118877e-05,1,1,1,0,0
533,3,13:36:42,4,0.00312744331509,71848.0,0.0035183737294763,0.00312744331509,4.06324339589548e-06,0.0023455824863174,3.869755615138553e-06,0.001563721657545,1.86738926964126e-05,0.0007818608287726,3.47333784992376e-05,0.0,2.8191169656284357e-05,0.0039093041438624,1.965061901367357e-05,0.0046911649726348,2.4508903700699264e-05,0.0054730258014072,1.8884407401876135e-05,0.0062548866301799,2.393443847963195e-05,0.0070367474589523,5.975657272118877e-05,1,1,1,0,0
534,3,13:36:45,4,0.0039093041438624,66718.0,0.0035183737294763,0.00312744331509,5.9207260911619855e-06,0.0023455824863174,3.869755615138553e-06,0.001563721657545,1.838366102527721e-05,0.0007818608287726,3.4984912614221595e-05,0.0,2.8191169656284357e-05,0.0039093041438624,1.947648001099233e-05,0.0046911649726348,2.344472090653616e-05,0.0054730258014072,1.8884407401876135e-05,0.0062548866301799,2.393443847963195e-05,0.0070367474589523,5.975657272118877e-05,0,1,0,0,0
535,3,13:36:48,4,0.00312744331509,355391.0,0.0035183737294763,0.00312744331509,5.611145641950901e-07,0.0023455824863174,3.869755615138553e-06,0.001563721657545,1.838366102527721e-05,0.0007818608287726,3.612649052068747e-05,0.0,2.8191169656284357e-05,0.0039093041438624,1.947648001099233e-05,0.0046911649726348,2.344472090653616e-05,0.0054730258014072,1.8884407401876135e-05,0.0062548866301799,2.451490182190273e-05,0.0070367474589523,5.975657272118877e-05,1,1,0,0,0
536,3,13:36:51,4,0.00312744331509,0.0,0.0035183737294763,0.00312744331509,5.611145641950901e-07,0.0023455824863174,3.869755615138553e-06,0.001563721657545,1.838366102527721e-05,0.0007818608287726,3.612649052068747e-05,0.0,2.8191169656284357e-05,0.0039093041438624,1.9553875123295103e-05,0.0046911649726348,2.3754301355747248e-05,0.0054730258014072,1.8884407401876135e-05,0.0062548866301799,2.451490182190273e-05,0.0070367474589523,5.975657272118877e-05,1,0,0,0,0
537,3,13:36:54,4,0.00312744331509,94903.0,0.0035183737294763,0.00312744331509,5.359611526966895e-06,0.0023455824863174,3.231245938640692e-06,0.001563721657545,1.838366102527721e-05,0.0007818608287726,3.618453685491455e-05,0.0,2.8191169656284357e-05,0.0039093041438624,1.9611921457522185e-05,0.0046911649726348,2.3754301355747248e-05,0.0054730258014072,1.8884407401876135e-05,0.0062548866301799,2.451490182190273e-05,0.0070367474589523,5.975657272118877e-05,1,0,0,0,0
538,3,13:36:57,4,0.00312744331509,373354.0,0.0035183737294763,0.00312744331509,4.372823845106564e-06,0.0023455824863174,3.231245938640692e-06,0.001563721657545,1.838366102527721e-05,0.0007818608287726,3.618453685491455e-05,0.0,2.8191169656284357e-05,0.0039093041438624,1.9689316569824958e-05,0.0046911649726348,2.3754301355747248e-05,0.0054730258014072,1.985184630566077e-05,0.0062548866301799,2.451490182190273e-05,0.0070367474589523,5.975657272118877e-05,1,0,0,0,0
539,3,13:37:00,4,0.00312744331509,314335.0,0.0027365129007037,0.0023455824863174,3.231245938640692e-06,0.001563721657545,1.838366102527721e-05,0.0007818608287726,3.618453685491455e-05,0.0,2.8191169656284357e-05,-0.0007818608287724,5.007463765989287e-05,0.00312744331509,1.064182794163102e-06,0.0039093041438624,1.999889701903604e-05,0.0046911649726348,2.3754301355747248e-05,0.0054730258014072,1.985184630566077e-05,0.0062548866301799,2.451490182190273e-05,2,1,1,1,0
540,3,13:37:03,4,0.0039093041438624,130825.0,0.0035183737294763,0.00312744331509,5.340262748891203e-06,0.0023455824863174,2.418597259461595e-06,0.001563721657545,1.838366102527721e-05,0.0007818608287726,3.618453685491455e-05,0.0,2.8191169656284357e-05,0.0039093041438624,1.9979548240960347e-05,0.0046911649726348,2.3754301355747248e-05,0.0054730258014072,1.985184630566077e-05,0.0062548866301799,2.451490182190273e-05,0.0070367474589523,5.975657272118877e-05,1,0,1,0,0
541,3,13:37:06,4,0.00312744331509,12830.0,0.0035183737294763,0.00312744331509,5.224170080437046e-06,0.0023455824863174,3.540826387851776e-06,0.001563721657545,1.838366102527721e-05,0.0007818608287726,3.581691007147639e-05,0.0,2.8191169656284357e-05,0.0039093041438624,2.007629213133881e-05,0.0046911649726348,2.3754301355747248e-05,0.0054730258014072,1.985184630566077e-05,0.0062548866301799,2.451490182190273e-05,0.0070367474589523,5.975657272118877e-05,0,0,0,0,0
542,3,13:37:09,4,0.00312744331509,0.0,0.0035183737294763,0.00312744331509,6.288352874600148e-06,0.0023455824863174,2.418597259461595e-06,0.001563721657545,1.935109992906185e-05,0.0007818608287726,3.581691007147639e-05,0.0,2.8191169656284357e-05,0.0039093041438624,2.007629213133881e-05,0.0046911649726348,2.3754301355747248e-05,0.0054730258014072,2.043230964793156e-05,0.0062548866301799,2.451490182190273e-05,0.0070367474589523,5.975657272118877e-05,0,0,0,0,0
543,3,13:37:12,4,0.00312744331509,230940.0,0.0035183737294763,0.00312744331509,2.8055728209754507e-06,0.0023455824863174,2.612085040218523e-06,0.001563721657545,1.935109992906185e-05,0.0007818608287726,3.581691007147639e-05,0.0,2.8191169656284357e-05,0.0039093041438624,2.007629213133881e-05,0.0046911649726348,2.3792998911898637e-05,0.0054730258014072,2.043230964793156e-05,0.0062548866301799,2.451490182190273e-05,0.0070367474589523,5.99500605019457e-05,0,0,0,0,0
544,3,13:37:15,4,0.00312744331509,78269.0,0.0035183737294763,0.00312744331509,2.283155812931746e-06,0.0023455824863174,2.612085040218523e-06,0.001563721657545,1.935109992906185e-05,0.0007818608287726,3.566211984687084e-05,0.0,2.809442576590589e-05,0.0039093041438624,1.996019946288465e-05,0.0046911649726348,2.3599511131141707e-05,0.0054730258014072,2.043230964793156e-05,0.0062548866301799,2.451490182190273e-05,0.0070367474589523,5.99500605019457e-05,0,0,1,0,0
545,3,13:37:18,4,0.00312744331509,35931.0,0.0035183737294763,0.00312744331509,1.876831473342198e-06,0.0023455824863174,2.9023167113539144e-06,0.001563721657545,1.935109992906185e-05,0.0007818608287726,3.71132782025478e-05,0.0,2.809442576590589e-05,0.0039093041438624,1.982475801635481e-05,0.0046911649726348,2.3599511131141707e-05,0.0054730258014072,2.043230964793156e-05,0.0062548866301799,2.451490182190273e-05,0.0070367474589523,5.99500605019457e-05,0,0,0,0,0
546,3,13:37:21,4,0.00312744331509,252851.0,0.0027365129007037,0.0023455824863174,2.9023167113539144e-06,0.001563721657545,1.935109992906185e-05,0.0007818608287726,3.71132782025478e-05,0.0,2.809442576590589e-05,-0.0007818608287724,5.02681254406498e-05,0.00312744331509,2.9023167113539144e-07,0.0039093041438624,1.837359966067785e-05,0.0046911649726348,2.319318679155216e-05,0.0054730258014072,2.043230964793156e-05,0.0062548866301799,2.451490182190273e-05,1,0,0,1,0
547,3,13:37:24,4,0.00312744331509,1283.0,0.0027365129007037,0.0023455824863174,2.9023167113539144e-06,0.001563721657545,1.935109992906185e-05,0.0007818608287726,3.71132782025478e-05,0.0,2.8210518434360047e-05,-0.0007818608287724,5.02681254406498e-05,0.00312744331509,1.0448340160874092e-06,0.0039093041438624,1.837359966067785e-05,0.0046911649726348,2.319318679155216e-05,0.0054730258014072,2.074189009714264e-05,0.0062548866301799,2.451490182190273e-05,1,0,0,1,0
548,3,13:37:27,4,0.00312744331509,12830.0,0.0027365129007037,0.0023455824863174,2.9023167113539144e-06,0.001563721657545,1.935109992906185e-05,0.0007818608287726,3.71132782025478e-05,0.0,2.8210518434360047e-05,-0.0007818608287724,5.02681254406498e-05,0.00312744331509,2.360550925234517e-05,0.0039093041438624,1.8702528887964624e-05,0.0046911649726348,2.299969901079523e-05,0.0054730258014072,2.074189009714264e-05,0.0062548866301799,2.451490182190273e-05,1,0,0,1,0
549,3,13:37:30,4,0.00312744331509,5132.0,0.0027365129007037,0.0023455824863174,2.9023167113539144e-06,0.001563721657545,1.838366102527721e-05,0.0007818608287726,3.71132782025478e-05,0.0,2.8210518434360047e-05,-0.0007818608287724,5.02681254406498e-05,0.00312744331509,2.4108577482313183e-05,0.0039093041438624,1.8702528887964624e-05,0.0046911649726348,2.203226010701059e-05,0.0054730258014072,2.074189009714264e-05,0.0062548866301799,2.451490182190273e-05,0,1,0,1,0
550,3,13:37:33,4,0.0023455824863174,10256.0,0.0027365129007037,0.0023455824863174,3.1345020482622275e-06,0.001563721657545,1.838366102527721e-05,0.0007818608287726,3.71132782025478e-05,0.0,2.8210518434360047e-05,-0.0007818608287724,5.02681254406498e-05,0.00312744331509,2.412792626038888e-05,0.0039093041438624,1.8837970334494472e-05,0.0046911649726348,2.203226010701059e-05,0.0054730258014072,2.074189009714264e-05,0.0062548866301799,2.4805133493038123e-05,0,1,0,1,0
551,3,13:37:36,4,0.00312744331509,473300.0,0.0027365129007037,0.0023455824863174,6.772072326492467e-07,0.001563721657545,1.6448783217707933e-05,0.0007818608287726,3.71132782025478e-05,0.0,2.8210518434360047e-05,-0.0007818608287724,5.02681254406498e-05,0.00312744331509,2.141909732979189e-05,0.0039093041438624,1.9766711682127726e-05,0.0046911649726348,2.203226010701059e-05,0.0054730258014072,2.074189009714264e-05,0.0062548866301799,2.4805133493038123e-05,0,0,0,1,0
552,3,13:37:39,4,0.0023455824863174,143517.0,0.0027365129007037,0.0023455824863174,7.932999011034033e-07,0.001563721657545,1.5152415086636515e-05,0.0007818608287726,3.71132782025478e-05,0.0,2.8210518434360047e-05,-0.0007818608287724,5.02681254406498e-05,0.00312744331509,2.141909732979189e-05,0.0039093041438624,2.0231082355944357e-05,0.0046911649726348,2.22837942219946e-05,0.0054730258014072,2.074189009714264e-05,0.0062548866301799,2.4805133493038123e-05,0,0,0,0,0
553,3,13:37:42,4,0.00312744331509,83340.0,0.0027365129007037,0.0023455824863174,5.224170080437046e-07,0.001563721657545,1.5152415086636515e-05,0.0007818608287726,3.71132782025478e-05,0.0,2.8210518434360047e-05,-0.0007818608287724,5.02681254406498e-05,0.00312744331509,2.122560954903496e-05,0.0039093041438624,2.0231082355944357e-05,0.0046911649726348,2.22837942219946e-05,0.0054730258014072,2.074189009714264e-05,0.0062548866301799,2.4805133493038123e-05,0,0,0,0,0
554,3,13:37:45,4,0.0023455824863174,170406.0,0.0019546520719313,0.001563721657545,1.2017913038374288e-05,0.0007818608287726,3.651346608220133e-05,0.0,2.8210518434360047e-05,-0.0007818608287724,5.02681254406498e-05,-0.0015637216575449,3.024214013230779e-05,0.0023455824863174,2.128365588326204e-07,0.00312744331509,1.9213336629162917e-05,0.0039093041438624,2.0231082355944357e-05,0.0046911649726348,2.22837942219946e-05,0.0054730258014072,2.074189009714264e-05,2,2,1,1,1
555,3,13:37:48,4,0.0023455824863174,133226.0,0.0019546520719313,0.001563721657545,1.0470010792318868e-05,0.0007818608287726,3.651346608220133e-05,0.0,2.8210518434360047e-05,-0.0007818608287724,5.02681254406498e-05,-0.0015637216575449,3.024214013230779e-05,0.0023455824863174,9.016530583272828e-06,0.00312744331509,2.050970476023433e-05,0.0039093041438624,2.0231082355944357e-05,0.0046911649726348,2.22837942219946e-05,0.0054730258014072,2.147714366401897e-05,2,0,1,1,1
556,3,13:37:51,4,0.001563721657545,105042.0,0.0019546520719313,0.001563721657545,1.054740590462164e-05,0.0007818608287726,3.664890752873117e-05,0.0,2.8210518434360047e-05,-0.0007818608287724,5.02681254406498e-05,-0.0015637216575449,3.024214013230779e-05,0.0023455824863174,9.713086593997769e-06,0.00312744331509,2.050970476023433e-05,0.0039093041438624,2.0231082355944357e-05,0.0046911649726348,2.2961001454643845e-05,0.0054730258014072,2.147714366401897e-05,1,0,1,1,1
557,3,13:37:54,4,0.0023455824863174,134600.0,0.0019546520719313,0.001563721657545,1.0353918123864711e-05,0.0007818608287726,3.664890752873117e-05,0.0,2.8210518434360047e-05,-0.0007818608287724,5.02681254406498e-05,-0.0015637216575449,3.024214013230779e-05,0.0023455824863174,7.894301454882647e-06,0.00312744331509,2.2657419126636223e-05,0.0039093041438624,2.042457013670128e-05,0.0046911649726348,2.298421998833468e-05,0.0054730258014072,2.1670631444775893e-05,1,0,1,1,1
558,3,13:37:57,4,0.001563721657545,57679.0,0.0019546520719313,0.001563721657545,1.0528057126545946e-05,0.0007818608287726,3.721002209292627e-05,0.0,2.8210518434360047e-05,-0.0007818608287724,5.02681254406498e-05,-0.0015637216575449,3.024214013230779e-05,0.0023455824863174,8.378020906774967e-06,0.00312744331509,2.865554033010098e-05,0.0039093041438624,1.9321689786386796e-05,0.0046911649726348,2.298421998833468e-05,0.0054730258014072,2.1670631444775893e-05,1,0,1,1,1
559,3,13:38:00,4,0.0023455824863174,1173072.0,0.0027365129007037,0.0023455824863174,2.979711823656685e-06,0.001563721657545,1.0334569345789018e-05,0.0007818608287726,3.721002209292627e-05,0.0,2.8210518434360047e-05,-0.0007818608287724,5.02681254406498e-05,0.00312744331509,2.7900937985148964e-05,0.0039093041438624,1.8934714224872934e-05,0.0046911649726348,2.298421998833468e-05,0.0054730258014072,2.1670631444775893e-05,0.0062548866301799,2.555973583799014e-05,1,0,1,0,0
560,3,13:38:03,4,0.0023455824863174,139738.0,0.0027365129007037,0.0023455824863174,8.706950134061743e-07,0.001563721657545,1.0470010792318868e-05,0.0007818608287726,3.566211984687084e-05,0.0,2.8210518434360047e-05,-0.0007818608287724,5.02681254406498e-05,0.00312744331509,2.2483280123954992e-05,0.0039093041438624,1.8934714224872934e-05,0.0046911649726348,2.298421998833468e-05,0.0054730258014072,2.147714366401897e-05,0.0062548866301799,2.555973583799014e-05,0,0,1,0,0
561,3,13:38:06,4,0.0023455824863174,121787.0,0.0019546520719313,0.001563721657545,1.0373266901940404e-05,0.0007818608287726,3.566211984687084e-05,0.0,2.8210518434360047e-05,-0.0007818608287724,5.02681254406498e-05,-0.0015637216575449,3.024214013230779e-05,0.0023455824863174,2.109016810250511e-06,0.00312744331509,2.267676790471192e-05,0.0039093041438624,1.8934714224872934e-05,0.0046911649726348,2.298421998833468e-05,0.0054730258014072,2.147714366401897e-05,0,0,1,1,1
562,3,13:38:09,4,0.0023455824863174,685370.0,0.0019546520719313,0.001563721657545,6.988778640940226e-07,0.0007818608287726,3.566211984687084e-05,0.0,2.8210518434360047e-05,-0.0007818608287724,5.02681254406498e-05,-0.0015637216575449,3.024214013230779e-05,0.0023455824863174,2.8829679332782217e-06,0.00312744331509,2.306374346622577e-05,0.0039093041438624,1.8934714224872934e-05,0.0046911649726348,2.298421998833468e-05,0.0054730258014072,2.1535189998246045e-05,0,0,1,1,1
563,3,13:38:12,4,0.0023455824863174,0.0,0.0019546520719313,0.001563721657545,6.988778640940226e-07,0.0007818608287726,3.566211984687084e-05,0.0,2.8210518434360047e-05,-0.0007818608287724,5.02681254406498e-05,-0.0015637216575449,3.024214013230779e-05,0.0023455824863174,5.437006639269666e-06,0.00312744331509,2.316048735660424e-05,0.0039093041438624,1.8934714224872934e-05,0.0046911649726348,2.298421998833468e-05,0.0054730258014072,2.1535189998246045e-05,0,0,1,1,1
564,3,13:38:15,4,0.0023455824863174,424342.0,0.0027365129007037,0.0023455824863174,9.0939256955756e-06,0.001563721657545,1.6082704336515823e-06,0.0007818608287726,3.566211984687084e-05,0.0,2.8210518434360047e-05,-0.0007818608287724,5.02681254406498e-05,0.00312744331509,2.316048735660424e-05,0.0039093041438624,1.8934714224872934e-05,0.0046911649726348,2.3061615100637445e-05,0.0054730258014072,2.1535189998246045e-05,0.0062548866301799,2.555973583799014e-05,0,0,0,0,0
565,3,13:38:18,4,0.0007818608287726,2322945.0,0.0011727912431587,0.0007818608287726,1.130433010294274e-05,0.0,2.8210518434360047e-05,-0.0007818608287724,5.007463765989287e-05,-0.0015637216575449,3.024214013230779e-05,-0.0023455824863173,1.929073174146569e-05,0.001563721657545,1.1609266845415657e-07,0.0023455824863174,1.7800875829637345e-07,0.00312744331509,2.316048735660424e-05,0.0039093041438624,1.8934714224872934e-05,0.0046911649726348,2.3119661434864525e-05,1,2,1,1,1
566,3,13:38:21,4,0.0007818608287726,56352.0,0.0011727912431587,0.0007818608287726,1.0859308207201806e-05,0.0,2.8210518434360047e-05,-0.0007818608287724,5.007463765989287e-05,-0.0015637216575449,3.024214013230779e-05,-0.0023455824863173,1.929073174146569e-05,0.001563721657545,1.842003672805951e-06,0.00312744331509,2.316048735660424e-05,0.0039093041438624,1.908950444947848e-05,0.0046911649726348,2.3119661434864525e-05,0.0054730258014072,2.1535189998246045e-05,1,2,1,1,1
567,3,13:38:24,4,0.001563721657545,2562.0,0.0011727912431587,0.0007818608287726,1.1904142223289216e-05,0.0,2.8210518434360047e-05,-0.0007818608287724,5.007463765989287e-05,-0.0015637216575449,3.024214013230779e-05,-0.0023455824863173,1.929073174146569e-05,0.001563721657545,1.8033061166545656e-06,0.00312744331509,2.316048735660424e-05,0.0039093041438624,2.005694335326312e-05,0.0046911649726348,2.3119661434864525e-05,0.0054730258014072,2.1535189998246045e-05,1,2,1,1,1
568,3,13:38:27,4,0.001563721657545,2562.0,0.0011727912431587,0.0007818608287726,1.7999007317132436e-05,0.0,2.8210518434360047e-05,-0.0007818608287724,5.007463765989287e-05,-0.0015637216575449,3.024214013230779e-05,-0.0023455824863173,1.929073174146569e-05,0.001563721657545,1.76460856050318e-06,0.00312744331509,2.316048735660424e-05,0.0039093041438624,2.005694335326312e-05,0.0046911649726348,2.3119661434864525e-05,0.0054730258014072,2.1535189998246045e-05,0,2,1,1,1
569,3,13:38:30,4,0.001563721657545,20496.0,0.0011727912431587,0.0007818608287726,1.823119265404075e-05,0.0,2.8210518434360047e-05,-0.0007818608287724,5.007463765989287e-05,-0.0015637216575449,3.024214013230779e-05,-0.0023455824863173,1.929073174146569e-05,0.001563721657545,1.4550281112920958e-06,0.0023455824863174,9.674389037846383e-08,0.00312744331509,2.374095069887502e-05,0.0039093041438624,2.005694335326312e-05,0.0046911649726348,2.3119661434864525e-05,2,2,1,1,1
570,3,13:38:33,4,0.0007818608287726,268810.0,0.0011727912431587,0.0007818608287726,1.4361437038902196e-05,0.0,2.8210518434360047e-05,-0.0007818608287724,5.007463765989287e-05,-0.0015637216575449,3.024214013230779e-05,-0.0023455824863173,1.929073174146569e-05,0.001563721657545,1.358284220913632e-06,0.0023455824863174,8.12648679179096e-07,0.00312744331509,2.374095069887502e-05,0.0039093041438624,2.005694335326312e-05,0.0046911649726348,2.3119661434864525e-05,2,2,1,1,1
571,3,13:38:36,4,0.001563721657545,53802.0,0.0011727912431587,0.0007818608287726,1.4361437038902196e-05,0.0,2.8210518434360047e-05,-0.0007818608287724,5.007463765989287e-05,-0.0015637216575449,3.024214013230779e-05,-0.0023455824863173,1.929073174146569e-05,0.001563721657545,5.456355417345359e-07,0.0023455824863174,8.706950134061743e-07,0.00312744331509,2.374095069887502e-05,0.0039093041438624,2.005694335326312e-05,0.0046911649726348,2.4087100338649165e-05,2,1,1,1,1
572,3,13:38:39,4,0.001563721657545,814081.0,0.0011727912431587,0.0007818608287726,2.074962960837292e-06,0.0,2.8210518434360047e-05,-0.0007818608287724,5.007463765989287e-05,-0.0015637216575449,3.024214013230779e-05,-0.0023455824863173,1.929073174146569e-05,0.001563721657545,5.262867636588432e-07,0.0023455824863174,8.706950134061743e-07,0.00312744331509,2.3624858030420863e-05,0.0039093041438624,2.005694335326312e-05,0.0046911649726348,2.4087100338649165e-05,2,1,1,1,1
573,3,13:38:42,4,0.0007818608287726,234617.0,0.0003909304143863,0.0,2.8210518434360047e-05,-0.0007818608287724,5.007463765989287e-05,-0.0015637216575449,3.024214013230779e-05,-0.0023455824863173,1.9445521966071227e-05,-0.0031274433150898,3.6820724678043325e-05,0.0007818608287726,1.6245234072351645e-06,0.0023455824863174,2.418597259461595e-06,0.00312744331509,2.3624858030420863e-05,0.0039093041438624,2.005694335326312e-05,0.0046911649726348,2.428058811940609e-05,2,2,1,1,1
574,3,13:38:45,4,0.0007818608287726,107469.0,0.0019546520719313,0.001563721657545,1.2197469698916718e-06,0.0007818608287726,6.772072326492467e-07,0.0,2.979711823656685e-05,-0.0007818608287724,5.007463765989287e-05,-0.0015637216575449,3.024214013230779e-05,0.0023455824863174,3.985848283592709e-06,0.00312744331509,2.4224670150767335e-05,0.0039093041438624,2.069545302976098e-05,0.0046911649726348,2.428058811940609e-05,0.0054730258014072,2.1535189998246045e-05,1,0,1,1,1
575,3,13:38:48,4,0.0007818608287726,0.0,0.0019546520719313,0.001563721657545,1.3164908602701356e-06,0.0007818608287726,2.302504591007439e-06,0.0,2.979711823656685e-05,-0.0007818608287724,5.007463765989287e-05,-0.0015637216575449,3.024214013230779e-05,0.0023455824863174,4.817845740847498e-06,0.00312744331509,2.4224670150767335e-05,0.0039093041438624,2.069545302976098e-05,0.0046911649726348,2.428058811940609e-05,0.0054730258014072,2.1535189998246045e-05,1,0,1,1,1
576,3,13:38:51,4,0.001563721657545,25620.0,0.0019546520719313,0.001563721657545,5.417657861193973e-06,0.0007818608287726,1.625297358358192e-06,0.0,3.095804492110842e-05,-0.0007818608287724,4.910719875610824e-05,-0.0015637216575449,3.024214013230779e-05,0.0023455824863174,4.83719451892319e-06,0.00312744331509,2.4224670150767335e-05,0.0039093041438624,2.030847746824712e-05,0.0046911649726348,2.428058811940609e-05,0.0054730258014072,2.1535189998246045e-05,0,1,1,1,1
577,3,13:38:54,4,0.001563721657545,192150.0,0.0019546520719313,0.001563721657545,2.6701313744456013e-06,0.0007818608287726,5.495052973496745e-06,0.0,3.095804492110842e-05,-0.0007818608287724,4.910719875610824e-05,-0.0015637216575449,3.024214013230779e-05,0.0023455824863174,5.243518858512739e-06,0.00312744331509,2.4224670150767335e-05,0.0039093041438624,2.030847746824712e-05,0.0046911649726348,2.4241890563254702e-05,0.0054730258014072,2.1535189998246045e-05,0,1,1,1,1
578,3,13:38:57,4,0.001563721657545,62770.0,0.0019546520719313,0.001563721657545,1.7413900268123486e-06,0.0007818608287726,7.101001553779244e-06,0.0,3.095804492110842e-05,-0.0007818608287724,4.910719875610824e-05,-0.0015637216575449,3.024214013230779e-05,0.0023455824863174,4.295428732803794e-06,0.00312744331509,2.4224670150767335e-05,0.0039093041438624,2.0114989687490195e-05,0.0046911649726348,2.4241890563254702e-05,0.0054730258014072,2.1535189998246045e-05,0,1,1,1,1
579,3,13:39:00,4,0.001563721657545,35868.0,0.0019546520719313,0.001563721657545,3.076455714035149e-06,0.0007818608287726,7.120350331854937e-06,0.0,3.1074137589562574e-05,-0.0007818608287724,4.910719875610824e-05,-0.0015637216575449,3.188678626874167e-05,0.0023455824863174,4.295428732803794e-06,0.00312744331509,2.4224670150767335e-05,0.0039093041438624,2.0114989687490195e-05,0.0046911649726348,2.4241890563254702e-05,0.0054730258014072,2.1535189998246045e-05,0,1,1,1,1
580,3,13:39:03,4,0.001563721657545,179340.0,0.0019546520719313,0.001563721657545,3.676267834381625e-07,0.0007818608287726,1.1086849837371951e-05,0.0,3.1074137589562574e-05,-0.0007818608287724,4.910719875610824e-05,-0.0015637216575449,3.188678626874167e-05,0.0023455824863174,4.895240853150269e-06,0.00312744331509,2.4224670150767335e-05,0.0039093041438624,2.0114989687490195e-05,0.0046911649726348,2.4241890563254702e-05,0.0054730258014072,2.1535189998246045e-05,0,1,1,1,1
581,3,13:39:06,4,0.001563721657545,158754.0,0.0011727912431587,0.0007818608287726,9.345459810559604e-06,0.0,3.1074137589562574e-05,-0.0007818608287724,4.910719875610824e-05,-0.0015637216575449,3.188678626874167e-05,-0.0023455824863173,1.9445521966071227e-05,0.001563721657545,5.030682299680119e-07,0.0023455824863174,4.895240853150269e-06,0.00312744331509,2.703024297174279e-05,0.0039093041438624,2.0114989687490195e-05,0.0046911649726348,2.4241890563254702e-05,2,2,1,1,1
582,3,13:39:09,4,0.001563721657545,12810.0,0.0011727912431587,0.0007818608287726,9.73243537207346e-06,0.0,3.1074137589562574e-05,-0.0007818608287724,4.968766209837901e-05,-0.0015637216575449,3.188678626874167e-05,-0.0023455824863173,1.9445521966071227e-05,0.001563721657545,5.804633422707829e-07,0.0023455824863174,5.282216414664124e-06,0.00312744331509,2.703024297174279e-05,0.0039093041438624,2.0114989687490195e-05,0.0046911649726348,2.435798323170886e-05,2,1,1,1,1
583,3,13:39:12,4,0.001563721657545,23042.0,0.0011727912431587,0.0007818608287726,5.940074869237678e-06,0.0,3.1074137589562574e-05,-0.0007818608287724,4.968766209837901e-05,-0.0015637216575449,3.188678626874167e-05,-0.0023455824863173,1.9445521966071227e-05,0.001563721657545,2.4766435936886736e-06,0.0023455824863174,5.282216414664124e-06,0.00312744331509,2.703024297174279e-05,0.0039093041438624,1.994085068480896e-05,0.0046911649726348,2.435798323170886e-05,2,1,1,1,1
584,3,13:39:15,4,0.001563721657545,49948.0,0.0011727912431587,0.0007818608287726,9.59699392554361e-06,0.0,3.1074137589562574e-05,-0.0007818608287724,4.968766209837901e-05,-0.0015637216575449,3.188678626874167e-05,-0.0023455824863173,1.9445521966071227e-05,0.001563721657545,1.9348778075692764e-06,0.0023455824863174,5.282216414664124e-06,0.00312744331509,2.703024297174279e-05,0.0039093041438624,1.994085068480896e-05,0.0046911649726348,2.7647275504576636e-05,2,1,1,1,1
585,3,13:39:18,4,0.001563721657545,16653.0,0.0011727912431587,0.0007818608287726,9.635691481694996e-06,0.0,3.1074137589562574e-05,-0.0007818608287724,5.02681254406498e-05,-0.0015637216575449,3.188678626874167e-05,-0.0023455824863173,1.9445521966071227e-05,0.001563721657545,1.6833436925852705e-06,0.0023455824863174,5.66919197617798e-06,0.00312744331509,2.722373075249972e-05,0.0039093041438624,1.994085068480896e-05,0.0046911649726348,2.7647275504576636e-05,2,1,1,1,1
586,3,13:39:21,4,0.001563721657545,108883.0,0.0019546520719313,0.001563721657545,8.33932335062358e-06,0.0007818608287726,9.65504025977069e-06,0.0,3.1074137589562574e-05,-0.0007818608287724,5.02681254406498e-05,-0.0015637216575449,3.2467249611012455e-05,0.0023455824863174,5.688540754253672e-06,0.00312744331509,2.722373075249972e-05,0.0039093041438624,2.1063079813199145e-05,0.0046911649726348,2.7647275504576636e-05,0.0054730258014072,2.1535189998246045e-05,1,0,1,1,1
587,3,13:39:24,4,0.001563721657545,12810.0,0.0019546520719313,0.001563721657545,8.145835569866653e-06,0.0007818608287726,9.713086593997769e-06,0.0,3.1074137589562574e-05,-0.0007818608287724,5.02681254406498e-05,-0.0015637216575449,3.2467249611012455e-05,0.0023455824863174,7.855603898731262e-06,0.00312744331509,2.722373075249972e-05,0.0039093041438624,2.1063079813199145e-05,0.0046911649726348,2.7647275504576636e-05,0.0054730258014072,2.1535189998246045e-05,0,0,1,1,1
588,3,13:39:27,4,0.001563721657545,29465.0,0.0019546520719313,0.001563721657545,8.04909167948819e-06,0.0007818608287726,1.0487037717025478e-05,0.0,3.1074137589562574e-05,-0.0007818608287724,5.02681254406498e-05,-0.0015637216575449,3.2467249611012455e-05,0.0023455824863174,8.803694024440208e-06,0.00312744331509,3.0087349907702244e-05,0.0039093041438624,2.1063079813199145e-05,0.0046911649726348,2.7647275504576636e-05,0.0054730258014072,2.1535189998246045e-05,0,0,1,1,1
589,3,13:39:30,4,0.001563721657545,0.0,0.0019546520719313,0.001563721657545,8.242579460245117e-06,0.0007818608287726,1.2092986297307976e-05,0.0,3.0106698685777937e-05,-0.0007818608287724,5.02681254406498e-05,-0.0015637216575449,3.2467249611012455e-05,0.0023455824863174,9.17132080787837e-06,0.00312744331509,3.122892781416812e-05,0.0039093041438624,2.1063079813199145e-05,0.0046911649726348,2.7647275504576636e-05,0.0054730258014072,2.1535189998246045e-05,0,0,1,1,1
590,3,13:39:33,4,0.001563721657545,56368.0,0.0019546520719313,0.001563721657545,7.468628337217407e-06,0.0007818608287726,1.218973018768644e-05,0.0,3.0106698685777937e-05,-0.0007818608287724,5.02681254406498e-05,-0.0015637216575449,3.2467249611012455e-05,0.0023455824863174,9.345459810559604e-06,0.00312744331509,3.122892781416812e-05,0.0039093041438624,2.1063079813199145e-05,0.0046911649726348,2.7647275504576636e-05,0.0054730258014072,2.1535189998246045e-05,0,0,1,1,1
591,3,13:39:36,4,0.0023455824863174,1282.0,0.0019546520719313,0.001563721657545,7.468628337217407e-06,0.0007818608287726,1.2576705749200296e-05,0.0,3.0106698685777937e-05,-0.0007818608287724,5.02681254406498e-05,-0.0015637216575449,3.0822603474578574e-05,0.0023455824863174,9.713086593997769e-06,0.00312744331509,3.122892781416812e-05,0.0039093041438624,2.1063079813199145e-05,0.0046911649726348,2.7647275504576636e-05,0.0054730258014072,2.1535189998246045e-05,0,0,1,1,1
592,3,13:39:39,4,0.001563721657545,494466.0,0.0011727912431587,0.0007818608287726,1.2576705749200296e-05,0.0,3.012604746385363e-05,-0.0007818608287724,5.02681254406498e-05,-0.0015637216575449,3.0822603474578574e-05,-0.0023455824863173,1.9387475631844148e-05,0.001563721657545,1.5092046899040356e-06,0.0023455824863174,1.04289913827984e-05,0.00312744331509,3.122892781416812e-05,0.0039093041438624,2.1063079813199145e-05,0.0046911649726348,2.7647275504576636e-05,1,1,1,1,1
593,3,13:39:42,4,0.001563721657545,32021.0,0.0011727912431587,0.0007818608287726,1.406656166102864e-05,0.0,3.028083768845917e-05,-0.0007818608287724,5.02681254406498e-05,-0.0015637216575449,3.0822603474578574e-05,-0.0023455824863173,1.9387475631844148e-05,0.001563721657545,2.766875264824065e-06,0.0023455824863174,1.155122051118858e-05,0.00312744331509,3.122892781416812e-05,0.0039093041438624,2.1063079813199145e-05,0.0046911649726348,2.7647275504576636e-05,1,1,1,1,1
594,3,13:39:45,4,0.001563721657545,11529.0,0.0011727912431587,0.0007818608287726,1.555641757285698e-05,0.0,3.028083768845917e-05,-0.0007818608287724,5.02681254406498e-05,-0.0015637216575449,3.0822603474578574e-05,-0.0023455824863173,1.9387475631844148e-05,0.001563721657545,3.231245938640692e-06,0.0023455824863174,1.155122051118858e-05,0.00312744331509,3.122892781416812e-05,0.0039093041438624,2.1063079813199145e-05,0.0046911649726348,2.7647275504576636e-05,1,1,1,1,1
595,3,13:39:48,4,0.001563721657545,0.0,0.0011727912431587,0.0007818608287726,1.5865998022068066e-05,0.0,3.028083768845917e-05,-0.0007818608287724,5.02681254406498e-05,-0.0015637216575449,3.0822603474578574e-05,-0.0023455824863173,1.9387475631844148e-05,0.001563721657545,3.231245938640692e-06,0.0023455824863174,1.155122051118858e-05,0.00312744331509,3.219636671795276e-05,0.0039093041438624,2.1063079813199145e-05,0.0046911649726348,2.7647275504576636e-05,1,1,1,1,1
596,3,13:39:51,4,0.0007818608287726,128000.0,0.0011727912431587,0.0007818608287726,1.3931120214498787e-05,0.0,3.028083768845917e-05,-0.0007818608287724,5.02681254406498e-05,-0.0015637216575449,3.0822603474578574e-05,-0.0023455824863173,1.9387475631844148e-05,0.001563721657545,3.444082497473312e-06,0.0023455824863174,1.2654100861503068e-05,0.00312744331509,3.219636671795276e-05,0.0039093041438624,2.0625797428688484e-05,0.0046911649726348,2.7647275504576636e-05,1,1,1,1,1
597,3,13:39:54,4,0.0007818608287726,131940.0,0.0011727912431587,0.0007818608287726,1.3873073880271712e-05,0.0,3.028083768845917e-05,-0.0007818608287724,5.0751844892542114e-05,-0.0015637216575449,3.0822603474578574e-05,-0.0023455824863173,1.9387475631844148e-05,0.001563721657545,1.5092046899040356e-06,0.0023455824863174,1.3698934877590476e-05,0.00312744331509,3.219636671795276e-05,0.0039093041438624,2.0625797428688484e-05,0.0046911649726348,2.7647275504576636e-05,1,1,1,1,1
598,3,13:39:57,4,0.001563721657545,28182.0,0.0011727912431587,0.0007818608287726,1.3873073880271712e-05,0.0,3.028083768845917e-05,-0.0007818608287724,5.0751844892542114e-05,-0.0015637216575449,3.0822603474578574e-05,-0.0023455824863173,1.9387475631844148e-05,0.001563721657545,1.0835315722387947e-06,0.0023455824863174,1.3989166548725868e-05,0.00312744331509,3.219636671795276e-05,0.0039093041438624,2.0625797428688484e-05,0.0046911649726348,2.774401939495509e-05,1,1,1,1,1
599,3,13:40:00,4,0.001563721657545,0.0,0.0011727912431587,0.0007818608287726,1.3873073880271712e-05,0.0,3.028083768845917e-05,-0.0007818608287724,5.0751844892542114e-05,-0.0015637216575449,3.0822603474578574e-05,-0.0023455824863173,1.9387475631844148e-05,0.001563721657545,8.900437914818671e-07,0.0023455824863174,1.6407763808187462e-05,0.00312744331509,3.219636671795276e-05,0.0039093041438624,2.0625797428688484e-05,0.0046911649726348,2.774401939495509e-05,1,1,1,1,1
600,3,13:40:03,4,0.001563721657545,15370.0,0.0011727912431587,0.0007818608287726,1.3834376324120324e-05,0.0,3.028083768845917e-05,-0.0007818608287724,5.063575222408796e-05,-0.0015637216575449,3.0822603474578574e-05,-0.0023455824863173,1.9387475631844148e-05,0.001563721657545,6.965560107249394e-07,0.0023455824863174,1.6407763808187462e-05,0.00312744331509,3.219636671795276e-05,0.0039093041438624,2.0625797428688484e-05,0.0046911649726348,2.774401939495509e-05,1,1,1,1,1
601,3,13:40:06,4,0.0007818608287726,40962.0,0.0011727912431587,0.0007818608287726,1.3834376324120324e-05,0.0,3.028083768845917e-05,-0.0007818608287724,5.063575222408796e-05,-0.0015637216575449,3.0822603474578574e-05,-0.0023455824863173,1.9387475631844148e-05,0.001563721657545,3.579523944003161e-06,0.0023455824863174,1.6407763808187462e-05,0.00312744331509,3.219636671795276e-05,0.0039093041438624,2.0625797428688484e-05,0.0046911649726348,2.778271695110648e-05,1,1,1,1,1
602,3,13:40:09,4,0.001563721657545,51211.0,0.0011727912431587,0.0007818608287726,1.2770193529957223e-05,0.0,3.028083768845917e-05,-0.0007818608287724,5.063575222408796e-05,-0.0015637216575449,3.0822603474578574e-05,-0.0023455824863173,1.9387475631844148e-05,0.001563721657545,3.598872722078854e-06,0.0023455824863174,1.6407763808187462e-05,0.00312744331509,3.219636671795276e-05,0.0039093041438624,2.0625797428688484e-05,0.0046911649726348,2.778271695110648e-05,1,1,1,1,1
603,3,13:40:12,4,0.001563721657545,215150.0,0.0011727912431587,0.0007818608287726,1.2034939963080898e-05,0.0,3.028083768845917e-05,-0.0007818608287724,5.063575222408796e-05,-0.0015637216575449,3.039693035691333e-05,-0.0023455824863173,1.9387475631844148e-05,0.001563721657545,2.631433818294216e-06,0.0023455824863174,1.4685722559450809e-05,0.00312744331509,3.213832038372568e-05,0.0039093041438624,2.0625797428688484e-05,0.0046911649726348,2.778271695110648e-05,1,1,1,1,1
604,3,13:40:15,4,0.001563721657545,546561.0,0.0011727912431587,0.0007818608287726,3.792360502835781e-06,0.0,3.0222791354232096e-05,-0.0007818608287724,5.063575222408796e-05,-0.0015637216575449,3.039693035691333e-05,-0.0023455824863173,1.913594151686014e-05,0.001563721657545,3.076455714035149e-06,0.0023455824863174,1.4685722559450809e-05,0.00312744331509,3.213832038372568e-05,0.0039093041438624,2.0625797428688484e-05,0.0046911649726348,2.778271695110648e-05,1,1,1,1,1
605,3,13:40:18,4,0.0007818608287726,25600.0,0.0011727912431587,0.0007818608287726,3.4053849413219262e-06,0.0,3.0222791354232096e-05,-0.0007818608287724,5.063575222408796e-05,-0.0015637216575449,3.039693035691333e-05,-0.0023455824863173,1.913594151686014e-05,0.001563721657545,3.15385082633792e-06,0.0023455824863174,1.5653161463235445e-05,0.00312744331509,3.233180816448261e-05,0.0039093041438624,2.0625797428688484e-05,0.0046911649726348,2.778271695110648e-05,1,1,1,1,1
606,3,13:40:21,4,0.0007818608287726,157696.0,0.0011727912431587,0.0007818608287726,3.1886786268741675e-06,0.0,3.0222791354232096e-05,-0.0007818608287724,5.063575222408796e-05,-0.0015637216575449,3.039693035691333e-05,-0.0023455824863173,1.913594151686014e-05,0.001563721657545,3.598872722078854e-06,0.0023455824863174,1.5653161463235445e-05,0.00312744331509,3.252529594523953e-05,0.0039093041438624,2.0625797428688484e-05,0.0046911649726348,2.778271695110648e-05,1,1,1,1,1
607,3,13:40:24,4,0.0007818608287726,44806.0,0.0011727912431587,0.0007818608287726,2.627564062679077e-06,0.0,3.0222791354232096e-05,-0.0007818608287724,5.063575222408796e-05,-0.0015637216575449,3.039693035691333e-05,-0.0023455824863173,1.913594151686014e-05,0.001563721657545,3.908453171289938e-06,0.0023455824863174,1.6233624805506228e-05,0.00312744331509,3.372492018593249e-05,0.0039093041438624,2.0625797428688484e-05,0.0046911649726348,2.778271695110648e-05,1,1,1,1,1
608,3,13:40:27,4,0.0007818608287726,47368.0,0.0011727912431587,0.0007818608287726,2.2986348353923e-06,0.0,3.0106698685777937e-05,-0.0007818608287724,5.063575222408796e-05,-0.0015637216575449,3.039693035691333e-05,-0.0023455824863173,1.913594151686014e-05,0.001563721657545,3.5601751659274683e-06,0.0023455824863174,1.6291671139733307e-05,0.00312744331509,3.372492018593249e-05,0.0039093041438624,2.0625797428688484e-05,0.0046911649726348,2.778271695110648e-05,1,1,1,1,1
609,3,13:40:30,4,0.0007818608287726,349640.0,0.0011727912431587,0.0007818608287726,2.8597493995873903e-06,0.0,3.0106698685777937e-05,-0.0007818608287724,5.063575222408796e-05,-0.0015637216575449,3.039693035691333e-05,-0.0023455824863173,1.913594151686014e-05,0.001563721657545,1.6833436925852705e-06,0.0023455824863174,1.5865998022068066e-05,0.00312744331509,3.277683006022354e-05,0.0039093041438624,2.0625797428688484e-05,0.0046911649726348,2.778271695110648e-05,1,1,1,1,1
610,3,13:40:33,4,0.0007818608287726,76830.0,0.0011727912431587,0.0007818608287726,6.226436784757931e-06,0.0,3.0106698685777937e-05,-0.0007818608287724,5.063575222408796e-05,-0.0015637216575449,3.039693035691333e-05,-0.0023455824863173,1.913594151686014e-05,0.001563721657545,1.354414465298493e-06,0.0023455824863174,1.5865998022068066e-05,0.00312744331509,3.277683006022354e-05,0.0039093041438624,2.0625797428688484e-05,0.0046911649726348,2.778271695110648e-05,1,1,1,1,1
611,3,13:40:36,4,0.001563721657545,57612.0,0.0011727912431587,0.0007818608287726,8.509592597689677e-06,0.0,3.0106698685777937e-05,-0.0007818608287724,5.063575222408796e-05,-0.0015637216575449,3.039693035691333e-05,-0.0023455824863173,1.89811512922546e-05,0.001563721657545,1.1222291283901802e-06,0.0023455824863174,1.5865998022068066e-05,0.00312744331509,3.277683006022354e-05,0.0039093041438624,2.0625797428688484e-05,0.0046911649726348,2.4493424678238712e-05,1,1,1,1,1
612,3,13:40:39,4,0.001563721657545,92238.0,0.0011727912431587,0.0007818608287726,9.148102274187538e-06,0.0,3.0106698685777937e-05,-0.0007818608287724,5.063575222408796e-05,-0.0015637216575449,3.039693035691333e-05,-0.0023455824863173,1.8787663511497676e-05,0.001563721657545,4.4502189574093364e-07,0.0023455824863174,1.5711207797462525e-05,0.00312744331509,3.277683006022354e-05,0.0039093041438624,2.0625797428688484e-05,0.0046911649726348,2.4493424678238712e-05,1,1,1,1,1
613,3,13:40:42,4,0.0007818608287726,133120.0,0.0011727912431587,0.0007818608287726,9.43833394532293e-06,0.0,3.0106698685777937e-05,-0.0007818608287724,5.063575222408796e-05,-0.0015637216575449,3.039693035691333e-05,-0.0023455824863173,1.8787663511497676e-05,0.001563721657545,4.4502189574093364e-07,0.0023455824863174,1.5711207797462525e-05,0.00312744331509,3.2583342279466613e-05,0.0039093041438624,2.0200124311023243e-05,0.0046911649726348,2.4493424678238712e-05,1,1,1,1,1
614,3,13:40:45,4,0.001563721657545,58889.0,0.0011727912431587,0.0007818608287726,8.722429156522297e-06,0.0,3.0106698685777937e-05,-0.0007818608287724,5.063575222408796e-05,-0.0015637216575449,3.039693035691333e-05,-0.0023455824863173,1.8729617177270597e-05,0.001563721657545,3.095804492110842e-07,0.0023455824863174,1.5711207797462525e-05,0.00312744331509,3.2583342279466613e-05,0.0039093041438624,2.0200124311023243e-05,0.0046911649726348,2.4493424678238712e-05,1,1,1,1,1
615,3,13:40:48,4,0.0007818608287726,131840.0,0.0011727912431587,0.0007818608287726,6.922992795482871e-06,0.0,3.0145396241929324e-05,-0.0007818608287724,5.063575222408796e-05,-0.0015637216575449,3.039693035691333e-05,-0.0023455824863173,1.8729617177270597e-05,0.001563721657545,4.06324339589548e-07,0.0023455824863174,1.5711207797462525e-05,0.00312744331509,3.2583342279466613e-05,0.0039093041438624,2.0200124311023243e-05,0.0046911649726348,2.445472712208733e-05,1,1,1,1,1
616,3,13:40:51,4,0.0007818608287726,0.0,0.0011727912431587,0.0007818608287726,8.993312049581995e-06,0.0,3.0145396241929324e-05,-0.0007818608287724,5.063575222408796e-05,-0.0015637216575449,3.039693035691333e-05,-0.0023455824863173,1.8729617177270597e-05,0.001563721657545,1.0254852380117164e-06,0.0023455824863174,1.5711207797462525e-05,0.00312744331509,3.26026910575423e-05,0.0039093041438624,2.0045334086417705e-05,0.0046911649726348,2.445472712208733e-05,1,1,1,1,1
617,3,13:40:54,4,0.0007818608287726,44801.0,0.0011727912431587,0.0007818608287726,9.109404718036152e-06,0.0,3.033888402268625e-05,-0.0007818608287724,5.063575222408796e-05,-0.0015637216575449,3.039693035691333e-05,-0.0023455824863173,1.8729617177270597e-05,0.001563721657545,1.0061364599360235e-06,0.0023455824863174,1.569185901938683e-05,0.00312744331509,3.589198333041008e-05,0.0039093041438624,2.0045334086417705e-05,0.0046911649726348,2.445472712208733e-05,1,1,1,1,1
618,3,13:40:57,4,0.001563721657545,44822.0,0.0011727912431587,0.0007818608287726,9.070707161884768e-06,0.0,3.033888402268625e-05,-0.0007818608287724,5.063575222408796e-05,-0.0015637216575449,3.039693035691333e-05,-0.0023455824863173,1.8729617177270597e-05,0.001563721657545,1.218973018768644e-06,0.0023455824863174,1.588534680014376e-05,0.00312744331509,3.589198333041008e-05,0.0039093041438624,2.0045334086417705e-05,0.0046911649726348,2.445472712208733e-05,1,1,1,1,1
619,3,13:41:00,4,0.0007818608287726,34577.0,0.0011727912431587,0.0007818608287726,8.87721938112784e-06,0.0,3.033888402268625e-05,-0.0007818608287724,5.063575222408796e-05,-0.0015637216575449,3.0145396241929324e-05,-0.0023455824863173,1.8729617177270597e-05,0.001563721657545,8.900437914818671e-07,0.0023455824863174,1.588534680014376e-05,0.00312744331509,3.589198333041008e-05,0.0039093041438624,2.0045334086417705e-05,0.0046911649726348,2.445472712208733e-05,1,1,1,1,1
620,3,13:41:03,4,0.0007818608287726,3840.0,0.0011727912431587,0.0007818608287726,8.857870603052147e-06,0.0,3.033888402268625e-05,-0.0007818608287724,5.063575222408796e-05,-0.0015637216575449,3.0145396241929324e-05,-0.0023455824863173,1.8729617177270597e-05,0.001563721657545,8.900437914818671e-07,0.0023455824863174,1.588534680014376e-05,0.00312744331509,3.589198333041008e-05,0.0039093041438624,1.882636106764906e-05,0.0046911649726348,2.445472712208733e-05,1,1,1,1,1
621,3,13:41:06,4,0.001563721657545,296963.0,0.0011727912431587,0.0007818608287726,4.620488204475432e-06,0.0,3.033888402268625e-05,-0.0007818608287724,5.082924000484489e-05,-0.0015637216575449,3.0145396241929324e-05,-0.0023455824863173,1.8729617177270597e-05,0.001563721657545,9.867876818603309e-07,0.0023455824863174,1.60401370247493e-05,0.00312744331509,3.589198333041008e-05,0.0039093041438624,1.882636106764906e-05,0.0046911649726348,2.445472712208733e-05,1,1,1,1,1
622,3,13:41:09,4,0.0007818608287726,26880.0,0.0011727912431587,0.0007818608287726,4.214163864885883e-06,0.0,3.146111315107643e-05,-0.0007818608287724,5.082924000484489e-05,-0.0015637216575449,3.0145396241929324e-05,-0.0023455824863173,1.8729617177270597e-05,0.001563721657545,9.867876818603309e-07,0.0023455824863174,1.60401370247493e-05,0.00312744331509,3.589198333041008e-05,0.0039093041438624,1.882636106764906e-05,0.0046911649726348,2.445472712208733e-05,1,1,1,1,1
623,3,13:41:12,4,0.001563721657545,60187.0,0.0011727912431587,0.0007818608287726,3.827188303372029e-06,0.0,3.146111315107643e-05,-0.0007818608287724,5.082924000484489e-05,-0.0015637216575449,3.0145396241929324e-05,-0.0023455824863173,1.8536129396513663e-05,0.001563721657545,4.643706738166263e-07,0.0023455824863174,1.619492724935484e-05,0.00312744331509,3.589198333041008e-05,0.0039093041438624,1.882636106764906e-05,0.0046911649726348,2.4733349526377305e-05,1,1,1,1,1
624,3,13:41:15,4,0.001563721657545,16652.0,0.0011727912431587,0.0007818608287726,3.865885859523414e-06,0.0,3.146111315107643e-05,-0.0007818608287724,5.053900833370949e-05,-0.0015637216575449,3.0145396241929324e-05,-0.0023455824863173,1.8536129396513663e-05,0.001563721657545,2.3218533690831317e-07,0.0023455824863174,1.619492724935484e-05,0.00312744331509,3.589198333041008e-05,0.0039093041438624,1.882636106764906e-05,0.0046911649726348,2.5004232419437e-05,1,1,1,1,1
625,3,13:41:18,4,0.0007818608287726,7680.0,0.0011727912431587,0.0007818608287726,3.943280971826185e-06,0.0,3.146111315107643e-05,-0.0007818608287724,5.053900833370949e-05,-0.0015637216575449,3.0145396241929324e-05,-0.0023455824863173,1.8536129396513663e-05,0.001563721657545,1.3157169091471078e-06,0.0023455824863174,1.619492724935484e-05,0.00312744331509,3.589198333041008e-05,0.0039093041438624,1.882636106764906e-05,0.0046911649726348,2.5004232419437e-05,1,1,1,1,1
626,3,13:41:21,4,0.001563721657545,7686.0,0.0011727912431587,0.0007818608287726,5.10420765636775e-06,0.0,3.146111315107643e-05,-0.0007818608287724,5.053900833370949e-05,-0.0015637216575449,3.0145396241929324e-05,-0.0023455824863173,1.8536129396513663e-05,0.001563721657545,2.341202147158824e-06,0.0023455824863174,1.4975954230586198e-05,0.00312744331509,3.589198333041008e-05,0.0039093041438624,1.880701228957337e-05,0.0046911649726348,2.5004232419437e-05,1,1,1,1,1
627,3,13:41:24,4,0.001563721657545,0.0,0.0011727912431587,0.0007818608287726,8.219360926554286e-06,0.0,3.146111315107643e-05,-0.0007818608287724,5.053900833370949e-05,-0.0015637216575449,3.0145396241929324e-05,-0.0023455824863173,1.8536129396513663e-05,0.001563721657545,2.708828930596986e-06,0.0023455824863174,1.4975954230586198e-05,0.00312744331509,3.589198333041008e-05,0.0039093041438624,1.919398785108722e-05,0.0046911649726348,2.5004232419437e-05,1,1,1,1,1
628,3,13:41:27,4,0.0007818608287726,85762.0,0.0011727912431587,0.0007818608287726,6.961690351634256e-06,0.0,3.146111315107643e-05,-0.0007818608287724,5.053900833370949e-05,-0.0015637216575449,3.0145396241929324e-05,-0.0023455824863173,1.8536129396513663e-05,0.001563721657545,3.889104393214245e-06,0.0023455824863174,1.4995303008661891e-05,0.00312744331509,3.589198333041008e-05,0.0039093041438624,1.919398785108722e-05,0.0046911649726348,2.5004232419437e-05,1,1,1,1,1
629,3,13:41:30,4,0.001563721657545,69159.0,0.0011727912431587,0.0007818608287726,6.671458680498865e-06,0.0,3.146111315107643e-05,-0.0007818608287724,5.053900833370949e-05,-0.0015637216575449,3.0145396241929324e-05,-0.0023455824863173,1.8536129396513663e-05,0.001563721657545,4.2760799547281006e-06,0.0023455824863174,1.4995303008661891e-05,0.00312744331509,3.589198333041008e-05,0.0039093041438624,1.919398785108722e-05,0.0046911649726348,2.5004232419437e-05,1,1,1,1,1
630,3,13:41:33,4,0.001563721657545,0.0,0.0011727912431587,0.0007818608287726,1.917076931739639e-05,0.0,3.146111315107643e-05,-0.0007818608287724,5.053900833370949e-05,-0.0015637216575449,3.0145396241929324e-05,-0.0023455824863173,1.8536129396513663e-05,0.001563721657545,5.243518858512739e-06,0.0023455824863174,1.4027864104877253e-05,0.00312744331509,3.589198333041008e-05,0.0039093041438624,1.919398785108722e-05,0.0046911649726348,2.5004232419437e-05,1,1,1,1,1
631,3,13:41:36,4,0.0007818608287726,125441.0,0.0011727912431587,0.0007818608287726,2.0525183782694884e-05,0.0,3.151915948530351e-05,-0.0007818608287724,5.053900833370949e-05,-0.0015637216575449,3.0145396241929324e-05,-0.0023455824863173,1.8536129396513663e-05,0.001563721657545,5.804633422707829e-06,0.0023455824863174,1.44341884444668e-05,0.00312744331509,3.589198333041008e-05,0.0039093041438624,1.919398785108722e-05,0.0046911649726348,2.655213466549242e-05,1,1,1,1,1
632,3,13:41:39,4,0.0007818608287726,0.0,0.0011727912431587,0.0007818608287726,2.033169600193796e-05,0.0,3.151915948530351e-05,-0.0007818608287724,5.053900833370949e-05,-0.0015637216575449,3.0145396241929324e-05,-0.0023455824863173,1.8536129396513663e-05,0.001563721657545,5.823982200783522e-06,0.0023455824863174,1.3331308094152314e-05,0.00312744331509,3.589198333041008e-05,0.0039093041438624,1.919398785108722e-05,0.0046911649726348,2.655213466549242e-05,1,1,1,1,1
633,3,13:41:42,4,0.001563721657545,23058.0,0.0011727912431587,0.0007818608287726,2.033169600193796e-05,0.0,3.209962282757429e-05,-0.0007818608287724,5.053900833370949e-05,-0.0015637216575449,3.0145396241929324e-05,-0.0023455824863173,1.8536129396513663e-05,0.001563721657545,5.611145641950901e-06,0.0023455824863174,1.3176517869546773e-05,0.00312744331509,3.589198333041008e-05,0.0039093041438624,1.919398785108722e-05,0.0046911649726348,2.6590832221643806e-05,1,1,1,1,1
634,3,13:41:45,4,0.001563721657545,81953.0,0.0011727912431587,0.0007818608287726,2.089281056613305e-05,0.0,3.209962282757429e-05,-0.0007818608287724,5.053900833370949e-05,-0.0015637216575449,3.0145396241929324e-05,-0.0023455824863173,1.8536129396513663e-05,0.001563721657545,5.611145641950901e-06,0.0023455824863174,1.3176517869546773e-05,0.00312744331509,3.589198333041008e-05,0.0039093041438624,1.919398785108722e-05,0.0046911649726348,2.6590832221643806e-05,1,1,1,1,1
635,3,13:41:48,4,0.001563721657545,40992.0,0.0011727912431587,0.0007818608287726,2.1183042237268435e-05,0.0,3.209962282757429e-05,-0.0007818608287724,5.053900833370949e-05,-0.0015637216575449,3.0145396241929324e-05,-0.0023455824863173,1.8536129396513663e-05,0.001563721657545,5.224170080437046e-06,0.0023455824863174,1.2421915524594751e-05,0.00312744331509,3.589198333041008e-05,0.0039093041438624,1.919398785108722e-05,0.0046911649726348,2.6590832221643806e-05,1,1,1,1,1
636,3,13:41:51,4,0.001563721657545,0.0,0.0011727912431587,0.0007818608287726,2.1260437349571207e-05,0.0,3.209962282757429e-05,-0.0007818608287724,5.053900833370949e-05,-0.0015637216575449,3.0145396241929324e-05,-0.0023455824863173,1.8536129396513663e-05,0.001563721657545,5.224170080437046e-06,0.0023455824863174,1.261540330535168e-05,0.00312744331509,3.589198333041008e-05,0.0039093041438624,1.919398785108722e-05,0.0046911649726348,2.6590832221643806e-05,1,2,1,1,1
637,3,13:41:54,4,0.0007818608287726,64000.0,0.0011727912431587,0.0007818608287726,2.2634200592945395e-05,0.0,3.209962282757429e-05,-0.0007818608287724,5.053900833370949e-05,-0.0015637216575449,3.0145396241929324e-05,-0.0023455824863173,1.8536129396513663e-05,0.001563721657545,5.301565192739817e-06,0.0023455824863174,1.304107642301692e-05,0.00312744331509,3.589198333041008e-05,0.0039093041438624,1.894245373610321e-05,0.0046911649726348,2.6590832221643806e-05,1,2,1,1,1
638,3,13:41:57,4,0.0007818608287726,38427.0,0.0011727912431587,0.0007818608287726,2.2847037151778016e-05,0.0,3.209962282757429e-05,-0.0007818608287724,5.053900833370949e-05,-0.0015637216575449,3.0145396241929324e-05,-0.0023455824863173,1.8536129396513663e-05,0.001563721657545,4.933938409301655e-06,0.0023455824863174,1.304107642301692e-05,0.00312744331509,3.589198333041008e-05,0.0039093041438624,1.894245373610321e-05,0.0046911649726348,2.6590832221643806e-05,1,2,1,1,1
639,3,13:42:00,4,0.0007818608287726,0.0,0.0011727912431587,0.0007818608287726,2.3040524932534943e-05,0.0,3.209962282757429e-05,-0.0007818608287724,5.053900833370949e-05,-0.0015637216575449,3.0145396241929324e-05,-0.0023455824863173,1.8536129396513663e-05,0.001563721657545,5.32091397081551e-06,0.0023455824863174,1.2983030088789844e-05,0.00312744331509,3.589198333041008e-05,0.0039093041438624,1.894245373610321e-05,0.0046911649726348,2.6590832221643806e-05,1,2,1,1,1
640,3,13:42:03,4,0.0007818608287726,40960.0,0.0011727912431587,0.0007818608287726,2.338880293789741e-05,0.0,3.209962282757429e-05,-0.0007818608287724,5.053900833370949e-05,-0.0015637216575449,3.0145396241929324e-05,-0.0023455824863173,1.8536129396513663e-05,0.001563721657545,6.075516315767528e-06,0.0023455824863174,1.2983030088789844e-05,0.00312744331509,3.589198333041008e-05,0.0039093041438624,1.894245373610321e-05,0.0046911649726348,2.833222224845616e-05,1,2,1,1,1
641,3,13:42:06,4,0.001563721657545,134505.0,0.0011727912431587,0.0007818608287726,2.3601639496730032e-05,0.0,3.209962282757429e-05,-0.0007818608287724,5.053900833370949e-05,-0.0015637216575449,3.018409379808071e-05,-0.0023455824863173,1.8536129396513663e-05,0.001563721657545,4.043894617819787e-06,0.0023455824863174,1.2983030088789844e-05,0.00312744331509,3.589198333041008e-05,0.0039093041438624,1.894245373610321e-05,0.0046911649726348,2.833222224845616e-05,2,2,1,1,1
642,3,13:42:09,4,0.001563721657545,147310.0,0.0011727912431587,0.0007818608287726,3.0528502047828044e-05,0.0,3.209962282757429e-05,-0.0007818608287724,5.053900833370949e-05,-0.0015637216575449,3.018409379808071e-05,-0.0023455824863173,1.8536129396513663e-05,0.001563721657545,3.347338607094848e-06,0.0023455824863174,1.2267125299989212e-05,0.00312744331509,3.589198333041008e-05,0.0039093041438624,1.894245373610321e-05,0.0046911649726348,2.8428966138834614e-05,2,2,1,1,1
643,3,13:42:12,4,0.001563721657545,233042.0,0.0011727912431587,0.0007818608287726,3.01028289301628e-05,0.0,3.209962282757429e-05,-0.0007818608287724,5.055835711178519e-05,-0.0015637216575449,3.018409379808071e-05,-0.0023455824863173,1.8536129396513663e-05,0.001563721657545,3.1345020482622275e-06,0.0023455824863174,1.3428051984530778e-05,0.00312744331509,3.591133210848577e-05,0.0039093041438624,1.894245373610321e-05,0.0046911649726348,2.8428966138834614e-05,2,2,1,1,1
644,3,13:42:15,4,0.001563721657545,17934.0,0.0011727912431587,0.0007818608287726,3.0412409379373885e-05,0.0,3.209962282757429e-05,-0.0007818608287724,5.142905212519136e-05,-0.0015637216575449,3.018409379808071e-05,-0.0023455824863173,1.8536129396513663e-05,0.001563721657545,3.1345020482622275e-06,0.0023455824863174,1.3428051984530778e-05,0.00312744331509,3.591133210848577e-05,0.0039093041438624,1.894245373610321e-05,0.0046911649726348,2.8428966138834614e-05,2,2,1,1,1
645,3,13:42:18,4,0.0007818608287726,8960.0,0.0011727912431587,0.0007818608287726,3.047045571360096e-05,0.0,3.209962282757429e-05,-0.0007818608287724,5.142905212519136e-05,-0.0015637216575449,3.018409379808071e-05,-0.0023455824863173,1.8536129396513663e-05,0.001563721657545,3.1345020482622275e-06,0.0023455824863174,1.2731495973805835e-05,0.00312744331509,3.591133210848577e-05,0.0039093041438624,1.894245373610321e-05,0.0046911649726348,2.8428966138834614e-05,2,2,1,1,1
646,3,13:42:21,4,0.001563721657545,208803.0,0.0019546520719313,0.001563721657545,1.1028803503144874e-06,0.0007818608287726,3.016087526438988e-05,0.0,3.209962282757429e-05,-0.0007818608287724,5.183537646478091e-05,-0.0015637216575449,3.018409379808071e-05,0.0023455824863174,1.2731495973805835e-05,0.00312744331509,3.571784432772884e-05,0.0039093041438624,1.894245373610321e-05,0.0046911649726348,2.8428966138834614e-05,0.0054730258014072,2.149649244209466e-05,1,1,1,1,1
647,3,13:42:24,4,0.001563721657545,44835.0,0.0019546520719313,0.001563721657545,1.81878513911512e-06,0.0007818608287726,3.016087526438988e-05,0.0,3.209962282757429e-05,-0.0007818608287724,5.183537646478091e-05,-0.0015637216575449,3.018409379808071e-05,0.0023455824863174,1.3466749540682162e-05,0.00312744331509,3.571784432772884e-05,0.0039093041438624,1.894245373610321e-05,0.0046911649726348,2.862245391959155e-05,0.0054730258014072,2.149649244209466e-05,1,1,1,1,1
648,3,13:42:27,4,0.001563721657545,58928.0,0.0019546520719313,0.001563721657545,2.167063144477589e-06,0.0007818608287726,2.967715581249756e-05,0.0,3.219636671795276e-05,-0.0007818608287724,5.183537646478091e-05,-0.0015637216575449,3.018409379808071e-05,0.0023455824863174,1.449223477869388e-05,0.00312744331509,3.571784432772884e-05,0.0039093041438624,1.894245373610321e-05,0.0046911649726348,2.862245391959155e-05,0.0054730258014072,2.149649244209466e-05,1,1,1,1,1
649,3,13:42:30,4,0.001563721657545,32025.0,0.0019546520719313,0.001563721657545,1.9348778075692764e-06,0.0007818608287726,2.9773899702876024e-05,0.0,3.219636671795276e-05,-0.0007818608287724,5.183537646478091e-05,-0.0015637216575449,3.018409379808071e-05,0.0023455824863174,1.534358101402436e-05,0.00312744331509,3.571784432772884e-05,0.0039093041438624,1.894245373610321e-05,0.0046911649726348,2.862245391959155e-05,0.0054730258014072,2.149649244209466e-05,1,1,1,1,1
650,3,13:42:33,4,0.001563721657545,8967.0,0.0019546520719313,0.001563721657545,4.353475067030872e-06,0.0007818608287726,3.054785082590373e-05,0.0,3.219636671795276e-05,-0.0007818608287724,5.183537646478091e-05,-0.0015637216575449,3.018409379808071e-05,0.0023455824863174,1.534358101402436e-05,0.00312744331509,3.571784432772884e-05,0.0039093041438624,1.894245373610321e-05,0.0046911649726348,2.862245391959155e-05,0.0054730258014072,2.149649244209466e-05,1,1,1,1,1
651,3,13:42:36,4,0.001563721657545,62776.0,0.0019546520719313,0.001563721657545,5.243518858512739e-06,0.0007818608287726,3.0973523943568974e-05,0.0,3.238985449870968e-05,-0.0007818608287724,5.183537646478091e-05,-0.0015637216575449,3.018409379808071e-05,0.0023455824863174,1.5208139567494512e-05,0.00312744331509,3.552435654697191e-05,0.0039093041438624,1.894245373610321e-05,0.0046911649726348,2.862245391959155e-05,0.0054730258014072,2.130300466133773e-05,1,1,1,1,1
652,3,13:42:39,4,0.001563721657545,3843.0,0.0019546520719313,0.001563721657545,7.101001553779244e-06,0.0007818608287726,3.0199572820541265e-05,0.0,3.238985449870968e-05,-0.0007818608287724,5.183537646478091e-05,-0.0015637216575449,3.018409379808071e-05,0.0023455824863174,1.5362929792100053e-05,0.00312744331509,3.55437053250476e-05,0.0039093041438624,1.894245373610321e-05,0.0046911649726348,2.8951383146878324e-05,0.0054730258014072,2.1109516880580804e-05,1,1,1,1,1
653,3,13:42:42,4,0.0023455824863174,1282.0,0.0019546520719313,0.001563721657545,8.12648679179096e-06,0.0007818608287726,3.991265941453903e-05,0.0,3.248659838908815e-05,-0.0007818608287724,5.183537646478091e-05,-0.0015637216575449,3.018409379808071e-05,0.0023455824863174,1.5595115129008366e-05,0.00312744331509,3.55437053250476e-05,0.0039093041438624,2.0122729198720478e-05,0.0046911649726348,2.8951383146878324e-05,0.0054730258014072,2.1109516880580804e-05,1,1,1,1,1
654,3,13:42:45,4,0.0023455824863174,29466.0,0.0019546520719313,0.001563721657545,7.739511230277106e-06,0.0007818608287726,3.983526430223626e-05,0.0,3.237050572063399e-05,-0.0007818608287724,5.183537646478091e-05,-0.0015637216575449,3.018409379808071e-05,0.0023455824863174,1.5595115129008366e-05,0.00312744331509,3.55437053250476e-05,0.0039093041438624,2.0122729198720478e-05,0.0046911649726348,2.8951383146878324e-05,0.0054730258014072,2.1109516880580804e-05,1,1,1,1,1
655,3,13:42:48,4,0.001563721657545,3843.0,0.0019546520719313,0.001563721657545,9.616342703619303e-06,0.0007818608287726,4.950965334008264e-05,0.0,3.237050572063399e-05,-0.0007818608287724,5.183537646478091e-05,-0.0015637216575449,3.018409379808071e-05,0.0023455824863174,1.5730556575538214e-05,0.00312744331509,3.55437053250476e-05,0.0039093041438624,2.0122729198720478e-05,0.0046911649726348,2.9260963596089406e-05,0.0054730258014072,2.1109516880580804e-05,1,1,1,1,1
656,3,13:42:51,4,0.0023455824863174,147407.0,0.0019546520719313,0.001563721657545,8.881089136742978e-06,0.0007818608287726,4.950965334008264e-05,0.0,3.237050572063399e-05,-0.0007818608287724,5.18740740209323e-05,-0.0015637216575449,3.018409379808071e-05,0.0023455824863174,1.6485158920490234e-05,0.00312744331509,3.5737193105804534e-05,0.0039093041438624,2.0122729198720478e-05,0.0046911649726348,2.9260963596089406e-05,0.0054730258014072,2.1109516880580804e-05,1,1,1,1,0
657,3,13:42:54,4,0.001563721657545,12810.0,0.0019546520719313,0.001563721657545,8.900437914818671e-06,0.0007818608287726,4.950965334008264e-05,0.0,3.227376183025553e-05,-0.0007818608287724,5.18740740209323e-05,-0.0015637216575449,3.018409379808071e-05,0.0023455824863174,1.7123668596988095e-05,0.00312744331509,3.5737193105804534e-05,0.0039093041438624,1.983249752758508e-05,0.0046911649726348,3.0228402499874047e-05,0.0054730258014072,2.186411922553282e-05,1,1,1,1,0
658,3,13:42:57,4,0.0023455824863174,14092.0,0.0019546520719313,0.001563721657545,9.287413476332526e-06,0.0007818608287726,4.976118745506665e-05,0.0,3.227376183025553e-05,-0.0007818608287724,5.142905212519136e-05,-0.0015637216575449,3.018409379808071e-05,0.0023455824863174,1.7104319818912402e-05,0.00312744331509,3.5737193105804534e-05,0.0039093041438624,1.983249752758508e-05,0.0046911649726348,3.0228402499874047e-05,0.0054730258014072,2.186411922553282e-05,1,1,1,1,0
659,3,13:43:00,4,0.001563721657545,17938.0,0.0019546520719313,0.001563721657545,9.480901257089452e-06,0.0007818608287726,4.976118745506665e-05,0.0,3.196418138104444e-05,-0.0007818608287724,5.142905212519136e-05,-0.0015637216575449,3.018409379808071e-05,0.0023455824863174,1.793631727616719e-05,0.00312744331509,3.5737193105804534e-05,0.0039093041438624,1.983249752758508e-05,0.0046911649726348,3.0228402499874047e-05,0.0054730258014072,2.186411922553282e-05,1,1,1,1,0
660,3,13:43:03,4,0.0023455824863174,7687.0,0.0019546520719313,0.001563721657545,9.771132928224844e-06,0.0007818608287726,5.169606526263592e-05,0.0,3.196418138104444e-05,-0.0007818608287724,5.142905212519136e-05,-0.0015637216575449,2.970037434618839e-05,0.0023455824863174,1.7820224607713036e-05,0.00312744331509,3.579523944003161e-05,0.0039093041438624,1.983249752758508e-05,0.0046911649726348,3.0170356165646967e-05,0.0054730258014072,2.186411922553282e-05,1,1,1,1,1
661,3,13:43:06,4,0.0023455824863174,21794.0,0.0019546520719313,0.001563721657545,1.0312898714344242e-05,0.0007818608287726,5.169606526263592e-05,0.0,3.196418138104444e-05,-0.0007818608287724,5.142905212519136e-05,-0.0015637216575449,2.970037434618839e-05,0.0023455824863174,1.7742829495410264e-05,0.00312744331509,3.579523944003161e-05,0.0039093041438624,1.983249752758508e-05,0.0046911649726348,3.0170356165646967e-05,0.0054730258014072,2.186411922553282e-05,1,1,1,1,1
662,3,13:43:09,4,0.0023455824863174,0.0,0.0019546520719313,0.001563721657545,1.0312898714344242e-05,0.0007818608287726,5.169606526263592e-05,0.0,3.196418138104444e-05,-0.0007818608287724,5.142905212519136e-05,-0.0015637216575449,2.970037434618839e-05,0.0023455824863174,1.7742829495410264e-05,0.00312744331509,3.579523944003161e-05,0.0039093041438624,2.002598530834201e-05,0.0046911649726348,3.0170356165646967e-05,0.0054730258014072,2.186411922553282e-05,1,1,1,1,1
663,3,13:43:12,4,0.0023455824863174,0.0,0.0019546520719313,0.001563721657545,1.0100062155511622e-05,0.0007818608287726,5.169606526263592e-05,0.0,3.196418138104444e-05,-0.0007818608287724,5.142905212519136e-05,-0.0015637216575449,2.970037434618839e-05,0.0023455824863174,1.751064415850195e-05,0.00312744331509,3.250594716716384e-05,0.0039093041438624,2.002598530834201e-05,0.0046911649726348,3.0170356165646967e-05,0.0054730258014072,2.186411922553282e-05,1,1,1,1,1
664,3,13:43:15,4,0.0023455824863174,46141.0,0.0019546520719313,0.001563721657545,1.0312898714344242e-05,0.0007818608287726,5.1715414040711617e-05,0.0,3.196418138104444e-05,-0.0007818608287724,5.142905212519136e-05,-0.0015637216575449,2.970037434618839e-05,0.0023455824863174,1.702692470660963e-05,0.00312744331509,3.250594716716384e-05,0.0039093041438624,2.002598530834201e-05,0.0046911649726348,3.0170356165646967e-05,0.0054730258014072,2.186411922553282e-05,1,1,1,1,1
665,3,13:43:18,4,0.0023455824863174,1117725.0,0.0019546520719313,0.001563721657545,6.849467438795238e-06,0.0007818608287726,5.258610905411779e-05,0.0,3.196418138104444e-05,-0.0007818608287724,5.142905212519136e-05,-0.0015637216575449,2.970037434618839e-05,0.0023455824863174,4.005197061668402e-06,0.00312744331509,3.250594716716384e-05,0.0039093041438624,2.002598530834201e-05,0.0046911649726348,3.0170356165646967e-05,0.0054730258014072,2.186411922553282e-05,1,1,1,1,1
666,3,13:43:21,4,0.001563721657545,110190.0,0.0019546520719313,0.001563721657545,5.843330978859214e-06,0.0007818608287726,5.258610905411779e-05,0.0,3.196418138104444e-05,-0.0007818608287724,5.142905212519136e-05,-0.0015637216575449,2.970037434618839e-05,0.0023455824863174,3.6375702782302393e-06,0.00312744331509,3.250594716716384e-05,0.0039093041438624,2.002598530834201e-05,0.0046911649726348,3.0170356165646967e-05,0.0054730258014072,2.186411922553282e-05,1,1,1,1,1
667,3,13:43:24,4,0.0023455824863174,15379.0,0.0019546520719313,0.001563721657545,7.178396666082015e-06,0.0007818608287726,5.272155050064764e-05,0.0,3.196418138104444e-05,-0.0007818608287724,5.142905212519136e-05,-0.0015637216575449,2.970037434618839e-05,0.0023455824863174,3.50212883170039e-06,0.00312744331509,3.3028364175207544e-05,0.0039093041438624,2.002598530834201e-05,0.0046911649726348,3.0170356165646967e-05,0.0054730258014072,2.186411922553282e-05,1,1,1,1,1
668,3,13:43:27,4,0.001563721657545,620746.0,0.0019546520719313,0.001563721657545,6.791421104568159e-06,0.0007818608287726,5.272155050064764e-05,0.0,3.196418138104444e-05,-0.0007818608287724,5.142905212519136e-05,-0.0015637216575449,2.970037434618839e-05,0.0023455824863174,9.73243537207346e-06,0.00312744331509,2.7630055092089265e-05,0.0039093041438624,2.002598530834201e-05,0.0046911649726348,3.0170356165646967e-05,0.0054730258014072,4.121289730122558e-05,1,1,1,1,1
669,3,13:43:30,4,0.0023455824863174,38460.0,0.0019546520719313,0.001563721657545,8.436067241002044e-06,0.0007818608287726,5.272155050064764e-05,0.0,3.293162028482908e-05,-0.0007818608287724,5.142905212519136e-05,-0.0015637216575449,2.970037434618839e-05,0.0023455824863174,1.2286474078064903e-05,0.00312744331509,2.7630055092089265e-05,0.0039093041438624,2.002598530834201e-05,0.0046911649726348,3.0170356165646967e-05,0.0054730258014072,4.121289730122558e-05,1,1,1,1,1
670,3,13:43:33,4,0.001563721657545,25870.0,0.0019546520719313,0.001563721657545,8.29714301441857e-06,0.0007818608287726,5.272155050064764e-05,0.0,3.293162028482908e-05,-0.0007818608287724,5.142905212519136e-05,-0.0015637216575449,2.970037434618839e-05,0.0023455824863174,1.3950468992574482e-05,0.00312744331509,2.7630055092089265e-05,0.0039093041438624,2.002598530834201e-05,0.0046911649726348,3.0170356165646967e-05,0.0054730258014072,4.121289730122558e-05,1,1,1,1,1
671,3,13:43:36,4,0.0023455824863174,34608.0,0.0019546520719313,0.001563721657545,9.864394038549684e-06,0.0007818608287726,5.272155050064764e-05,0.0,3.312510806558601e-05,-0.0007818608287724,5.142905212519136e-05,-0.0015637216575449,2.970037434618839e-05,0.0023455824863174,1.3698934877590476e-05,0.00312744331509,2.7630055092089265e-05,0.0039093041438624,2.002598530834201e-05,0.0046911649726348,2.9860775716435885e-05,0.0054730258014072,4.134833874775544e-05,1,1,1,1,1
672,3,13:43:39,4,0.001563721657545,202414.0,0.0019546520719313,0.001563721657545,7.271657776406854e-06,0.0007818608287726,5.272155050064764e-05,0.0,3.312510806558601e-05,-0.0007818608287724,5.142905212519136e-05,-0.0015637216575449,2.970037434618839e-05,0.0023455824863174,1.7491295380426257e-05,0.00312744331509,2.7630055092089265e-05,0.0039093041438624,2.002598530834201e-05,0.0046911649726348,2.9860775716435885e-05,0.0054730258014072,4.134833874775544e-05,1,1,1,1,1
673,3,13:43:42,4,0.001563721657545,65331.0,0.0019546520719313,0.001563721657545,7.619935781769324e-06,0.0007818608287726,5.252806271989071e-05,0.0,3.312510806558601e-05,-0.0007818608287724,5.142905212519136e-05,-0.0015637216575449,2.975842068041547e-05,0.0023455824863174,1.913594151686014e-05,0.00312744331509,2.7630055092089265e-05,0.0039093041438624,2.002598530834201e-05,0.0046911649726348,2.9860775716435885e-05,0.0054730258014072,4.134833874775544e-05,1,1,1,1,1
674,3,13:43:45,4,0.0023455824863174,199892.0,0.0019546520719313,0.001563721657545,5.685057974200047e-06,0.0007818608287726,5.262480661026917e-05,0.0,3.312510806558601e-05,-0.0007818608287724,5.142905212519136e-05,-0.0015637216575449,2.975842068041547e-05,0.0023455824863174,1.8729617177270597e-05,0.00312744331509,2.7630055092089265e-05,0.0039093041438624,2.002598530834201e-05,0.0046911649726348,2.8119385689623532e-05,0.0054730258014072,4.134833874775544e-05,1,0,1,1,1
675,3,13:43:48,4,0.0023455824863174,39742.0,0.0019546520719313,0.001563721657545,6.323567650697909e-06,0.0007818608287726,5.272155050064764e-05,0.0,3.312510806558601e-05,-0.0007818608287724,5.084858878292058e-05,-0.0015637216575449,2.975842068041547e-05,0.0023455824863174,2.060644865061279e-05,0.00312744331509,2.7765496538619116e-05,0.0039093041438624,2.002598530834201e-05,0.0046911649726348,2.8119385689623532e-05,0.0054730258014072,4.134833874775544e-05,1,0,1,1,1
676,3,13:43:51,4,0.001563721657545,12810.0,0.0019546520719313,0.001563721657545,6.130079869940981e-06,0.0007818608287726,5.324396750869135e-05,0.0,3.312510806558601e-05,-0.0007818608287724,5.084858878292058e-05,-0.0015637216575449,2.975842068041547e-05,0.0023455824863174,2.331527758120978e-05,0.00312744331509,2.7765496538619116e-05,0.0039093041438624,2.002598530834201e-05,0.0046911649726348,2.8119385689623532e-05,0.0054730258014072,4.134833874775544e-05,1,0,1,0,1
677,3,13:43:54,4,0.0023455824863174,8970.0,0.0019546520719313,0.001563721657545,6.05268475763821e-06,0.0007818608287726,5.237327249528517e-05,0.0,3.320250317788878e-05,-0.0007818608287724,5.065510100216365e-05,-0.0015637216575449,2.975842068041547e-05,0.0023455824863174,2.525015538877905e-05,0.00312744331509,2.8674889108176677e-05,0.0039093041438624,2.002598530834201e-05,0.0046911649726348,2.8119385689623532e-05,0.0054730258014072,4.200619720232899e-05,1,0,1,0,1
678,3,13:43:57,4,0.001563721657545,80705.0,0.0019546520719313,0.001563721657545,4.872409295020952e-06,0.0007818608287726,5.237327249528517e-05,0.0,3.320250317788878e-05,-0.0007818608287724,5.065510100216365e-05,-0.0015637216575449,2.975842068041547e-05,0.0023455824863174,2.5269504166854747e-05,0.00312744331509,2.8674889108176677e-05,0.0039093041438624,2.002598530834201e-05,0.0046911649726348,2.8119385689623532e-05,0.0054730258014072,4.200619720232899e-05,1,0,1,0,1
679,3,13:44:00,4,0.001563721657545,99918.0,0.0019546520719313,0.001563721657545,3.363204605116916e-06,0.0007818608287726,5.237327249528517e-05,0.0,3.320250317788878e-05,-0.0007818608287724,5.0616403446012266e-05,-0.0015637216575449,2.975842068041547e-05,0.0023455824863174,2.56564797283686e-05,0.00312744331509,2.8674889108176677e-05,0.0039093041438624,2.002598530834201e-05,0.0046911649726348,2.8119385689623532e-05,0.0054730258014072,4.200619720232899e-05,0,0,1,0,1
680,3,13:44:03,4,0.001563721657545,65341.0,0.0019546520719313,0.001563721657545,3.0729729339815244e-06,0.0007818608287726,5.25667602760421e-05,0.0,3.320250317788878e-05,-0.0007818608287724,5.0616403446012266e-05,-0.0015637216575449,2.975842068041547e-05,0.0023455824863174,2.5308201723006133e-05,0.00312744331509,2.8674889108176677e-05,0.0039093041438624,2.002598530834201e-05,0.0046911649726348,2.8119385689623532e-05,0.0054730258014072,4.200619720232899e-05,0,0,1,1,1
681,3,13:44:06,4,0.001563721657545,15374.0,0.0019546520719313,0.001563721657545,2.8988339313002897e-06,0.0007818608287726,5.25667602760421e-05,0.0,3.310575928751032e-05,-0.0007818608287724,5.0616403446012266e-05,-0.0015637216575449,3.0629115693821644e-05,0.0023455824863174,2.5269504166854747e-05,0.00312744331509,2.8674889108176677e-05,0.0039093041438624,2.002598530834201e-05,0.0046911649726348,2.8119385689623532e-05,0.0054730258014072,4.194815086810191e-05,0,1,1,1,1
682,3,13:44:09,4,0.001563721657545,94794.0,0.0019546520719313,0.001563721657545,1.4670243536990252e-06,0.0007818608287726,5.25667602760421e-05,0.0,3.310575928751032e-05,-0.0007818608287724,5.0616403446012266e-05,-0.0015637216575449,3.0629115693821644e-05,0.0023455824863174,2.5172760276476285e-05,0.00312744331509,2.9023167113539146e-05,0.0039093041438624,2.002598530834201e-05,0.0046911649726348,3.067342439561498e-05,0.0054730258014072,4.194815086810191e-05,0,1,1,1,1
683,3,13:44:12,4,0.001563721657545,33306.0,0.0019546520719313,0.001563721657545,9.639561237310131e-07,0.0007818608287726,5.28376431691018e-05,0.0,3.310575928751032e-05,-0.0007818608287724,5.0616403446012266e-05,-0.0015637216575449,3.0629115693821644e-05,0.0023455824863174,2.5172760276476285e-05,0.00312744331509,2.9023167113539146e-05,0.0039093041438624,2.002598530834201e-05,0.0046911649726348,3.067342439561498e-05,0.0054730258014072,4.194815086810191e-05,0,1,1,1,1
684,3,13:44:15,4,0.001563721657545,66381.0,0.0011727912431587,0.0007818608287726,5.28376431691018e-05,0.0,3.310575928751032e-05,-0.0007818608287724,2.4669692046508272e-05,-0.0015637216575449,3.0629115693821644e-05,-0.0023455824863173,2.03162169794774e-05,0.001563721657545,4.743933408598351e-06,0.0023455824863174,2.542429439146029e-05,0.00312744331509,2.7920286763224657e-05,0.0039093041438624,2.002598530834201e-05,0.0046911649726348,3.067342439561498e-05,1,2,1,1,1
685,3,13:44:18,4,0.0007818608287726,314938.0,0.0011727912431587,0.0007818608287726,4.920007289087156e-05,0.0,3.310575928751032e-05,-0.0007818608287724,2.4669692046508272e-05,-0.0015637216575449,3.0629115693821644e-05,-0.0023455824863173,2.03162169794774e-05,0.001563721657545,3.815192060965099e-06,0.0023455824863174,2.7010894193667096e-05,0.00312744331509,2.7920286763224657e-05,0.0039093041438624,2.002598530834201e-05,0.0046911649726348,3.067342439561498e-05,1,2,1,1,1
686,3,13:44:21,4,0.001563721657545,116510.0,0.0011727912431587,0.0007818608287726,4.807784376248138e-05,0.0,3.310575928751032e-05,-0.0007818608287724,2.4476204265751345e-05,-0.0015637216575449,3.0629115693821644e-05,-0.0023455824863173,2.03162169794774e-05,0.001563721657545,4.879374855128201e-06,0.0023455824863174,2.739786975518095e-05,0.00312744331509,2.8345959880889895e-05,0.0039093041438624,2.002598530834201e-05,0.0046911649726348,3.067342439561498e-05,2,1,1,1,1
687,3,13:44:24,4,0.001563721657545,126819.0,0.0011727912431587,0.0007818608287726,4.8909841219736165e-05,0.0,3.271878372599646e-05,-0.0007818608287724,2.360550925234517e-05,-0.0015637216575449,3.0629115693821644e-05,-0.0023455824863173,2.03162169794774e-05,0.001563721657545,3.060589716013081e-06,0.0023455824863174,2.892642322316068e-05,0.00312744331509,2.8345959880889895e-05,0.0039093041438624,2.002598530834201e-05,0.0046911649726348,3.235676808820025e-05,2,1,1,1,1
688,3,13:44:27,4,0.001563721657545,21774.0,0.0011727912431587,0.0007818608287726,4.885179488550909e-05,0.0,3.3009015397131854e-05,-0.0007818608287724,2.360550925234517e-05,-0.0015637216575449,3.0629115693821644e-05,-0.0023455824863173,2.03162169794774e-05,0.001563721657545,2.7897068229533827e-06,0.0023455824863174,2.730112586480249e-05,0.00312744331509,2.8345959880889895e-05,0.0039093041438624,2.002598530834201e-05,0.0046911649726348,3.235676808820025e-05,2,1,1,1,1
689,3,13:44:30,4,0.001563721657545,163862.0,0.0011727912431587,0.0007818608287726,4.8368075433616766e-05,0.0,3.3009015397131854e-05,-0.0007818608287724,2.360550925234517e-05,-0.0015637216575449,3.0629115693821644e-05,-0.0023455824863173,2.03162169794774e-05,0.001563721657545,2.5768702641207623e-06,0.0023455824863174,2.751396242363511e-05,0.00312744331509,2.8345959880889895e-05,0.0039093041438624,2.002598530834201e-05,0.0046911649726348,3.233741931012456e-05,2,1,1,1,1
690,3,13:44:33,4,0.0007818608287726,40960.0,0.0011727912431587,0.0007818608287726,4.77489145351946e-05,0.0,3.3009015397131854e-05,-0.0007818608287724,2.360550925234517e-05,-0.0015637216575449,3.0629115693821644e-05,-0.0023455824863173,2.03162169794774e-05,0.001563721657545,6.001603983518381e-06,0.0023455824863174,2.761070631401357e-05,0.00312744331509,2.8345959880889895e-05,0.0039093041438624,2.002598530834201e-05,0.0046911649726348,3.233741931012456e-05,2,1,1,1,1
691,3,13:44:36,4,0.001563721657545,1131354.0,0.0019546520719313,0.001563721657545,1.7410417488069863e-05,0.0007818608287726,4.77489145351946e-05,0.0,3.3009015397131854e-05,-0.0007818608287724,2.360550925234517e-05,-0.0015637216575449,3.0629115693821644e-05,0.0023455824863174,2.7552659979786496e-05,0.00312744331509,2.8345959880889895e-05,0.0039093041438624,2.002598530834201e-05,0.0046911649726348,3.320811432353073e-05,0.0054730258014072,4.194815086810191e-05,0,0,1,1,1
692,3,13:44:39,4,0.001563721657545,210084.0,0.0019546520719313,0.001563721657545,1.6172095691225526e-05,0.0007818608287726,4.769086820096752e-05,0.0,3.3009015397131854e-05,-0.0007818608287724,2.360550925234517e-05,-0.0015637216575449,3.0629115693821644e-05,0.0023455824863174,2.759135753593788e-05,0.00312744331509,2.8345959880889895e-05,0.0039093041438624,2.002598530834201e-05,0.0046911649726348,3.33048582139092e-05,0.0054730258014072,4.194815086810191e-05,0,0,1,1,1
693,3,13:44:42,4,0.0023455824863174,46120.0,0.0019546520719313,0.001563721657545,1.7255627263464318e-05,0.0007818608287726,4.745868286405921e-05,0.0,3.3009015397131854e-05,-0.0007818608287724,2.360550925234517e-05,-0.0015637216575449,3.0629115693821644e-05,0.0023455824863174,2.948753778735577e-05,0.00312744331509,2.8345959880889895e-05,0.0039093041438624,2.002598530834201e-05,0.0046911649726348,3.33048582139092e-05,0.0054730258014072,4.194815086810191e-05,0,0,1,1,1
694,3,13:44:45,4,0.0023455824863174,891578.0,0.0019546520719313,0.001563721657545,3.88562161316062e-06,0.0007818608287726,4.734259019560505e-05,0.0,3.3009015397131854e-05,-0.0007818608287724,2.360550925234517e-05,-0.0015637216575449,3.0629115693821644e-05,0.0023455824863174,2.9448840231204383e-05,0.00312744331509,2.8345959880889895e-05,0.0039093041438624,2.002598530834201e-05,0.0046911649726348,3.33048582139092e-05,0.0054730258014072,4.194815086810191e-05,0,0,1,1,1
695,3,13:44:48,4,0.001563721657545,69174.0,0.0019546520719313,0.001563721657545,3.2277631585870665e-06,0.0007818608287726,4.7729565757118905e-05,0.0,3.3009015397131854e-05,-0.0007818608287724,2.360550925234517e-05,-0.0015637216575449,3.0629115693821644e-05,0.0023455824863174,2.9448840231204383e-05,0.00312744331509,2.8345959880889895e-05,0.0039093041438624,2.002598530834201e-05,0.0046911649726348,3.33048582139092e-05,0.0054730258014072,4.194815086810191e-05,0,0,1,1,1
696,3,13:44:51,4,0.001563721657545,309761.0,0.0011727912431587,0.0007818608287726,4.7710216979043215e-05,0.0,3.3009015397131854e-05,-0.0007818608287724,2.360550925234517e-05,-0.0015637216575449,3.0629115693821644e-05,-0.0023455824863173,2.03162169794774e-05,0.001563721657545,1.2947815312692085e-05,0.0023455824863174,2.9584281677734235e-05,0.00312744331509,2.8210518434360047e-05,0.0039093041438624,2.002598530834201e-05,0.0046911649726348,3.33048582139092e-05,1,1,1,1,1
697,3,13:44:54,4,0.001563721657545,14091.0,0.0011727912431587,0.0007818608287726,4.7729565757118905e-05,0.0,3.3009015397131854e-05,-0.0007818608287724,2.360550925234517e-05,-0.0015637216575449,3.0629115693821644e-05,-0.0023455824863173,2.03162169794774e-05,0.001563721657545,1.3799161548022565e-05,0.0023455824863174,3.3241200734040164e-05,0.00312744331509,2.8191169656284357e-05,0.0039093041438624,2.0122729198720478e-05,0.0046911649726348,3.33048582139092e-05,1,1,1,1,1
698,3,13:44:57,4,0.001563721657545,37149.0,0.0011727912431587,0.0007818608287726,4.811654131863276e-05,0.0,3.3009015397131854e-05,-0.0007818608287724,2.360550925234517e-05,-0.0015637216575449,3.0629115693821644e-05,-0.0023455824863173,2.03162169794774e-05,0.001563721657545,1.3625022545341329e-05,0.0023455824863174,3.3241200734040164e-05,0.00312744331509,2.8191169656284357e-05,0.0039093041438624,2.0122729198720478e-05,0.0046911649726348,3.332420699198489e-05,1,1,1,1,1
699,3,13:45:00,4,0.0007818608287726,44820.0,0.0011727912431587,0.0007818608287726,4.846481932399524e-05,0.0,3.293162028482908e-05,-0.0007818608287724,2.360550925234517e-05,-0.0015637216575449,3.0629115693821644e-05,-0.0023455824863173,2.03162169794774e-05,0.001563721657545,2.624042585069301e-05,0.0023455824863174,3.3241200734040164e-05,0.00312744331509,2.8191169656284357e-05,0.0039093041438624,2.0122729198720478e-05,0.0046911649726348,3.332420699198489e-05,1,1,1,1,1
700,3,13:45:03,4,0.001563721657545,70450.0,0.0011727912431587,0.0007818608287726,4.8368075433616766e-05,0.0,5.228039836052184e-05,-0.0007818608287724,2.360550925234517e-05,-0.0015637216575449,3.0629115693821644e-05,-0.0023455824863173,2.03162169794774e-05,0.001563721657545,2.552452106189238e-05,0.0023455824863174,3.3241200734040164e-05,0.00312744331509,2.8191169656284357e-05,0.0039093041438624,2.0122729198720478e-05,0.0046911649726348,3.332420699198489e-05,1,1,1,1,1
701,3,13:45:06,4,0.001563721657545,19215.0,0.0011727912431587,0.0007818608287726,4.8368075433616766e-05,0.0,5.228039836052184e-05,-0.0007818608287724,2.360550925234517e-05,-0.0015637216575449,3.0629115693821644e-05,-0.0023455824863173,2.03162169794774e-05,0.001563721657545,2.5234289390756983e-05,0.0023455824863174,3.357012996132694e-05,0.00312744331509,2.8191169656284357e-05,0.0039093041438624,2.016142675487186e-05,0.0046911649726348,3.332420699198489e-05,1,1,1,1,1
702,3,13:45:09,4,0.0007818608287726,311040.0,0.0011727912431587,0.0007818608287726,4.366632236122343e-05,0.0,5.228039836052184e-05,-0.0007818608287724,2.3218533690831315e-05,-0.0015637216575449,3.0629115693821644e-05,-0.0023455824863173,2.03162169794774e-05,0.001563721657545,2.5234289390756983e-05,0.0023455824863174,3.3550781183251254e-05,0.00312744331509,2.8191169656284357e-05,0.0039093041438624,2.016142675487186e-05,0.0046911649726348,3.332420699198489e-05,1,1,1,1,1
703,3,13:45:12,4,0.0007818608287726,97280.0,0.0011727912431587,0.0007818608287726,4.219581522747077e-05,0.0,5.220300324821907e-05,-0.0007818608287724,2.3218533690831315e-05,-0.0015637216575449,3.0629115693821644e-05,-0.0023455824863173,2.03162169794774e-05,0.001563721657545,2.5234289390756983e-05,0.0023455824863174,3.34153397367214e-05,0.00312744331509,2.8191169656284357e-05,0.0039093041438624,2.016142675487186e-05,0.0046911649726348,3.332420699198489e-05,1,1,1,1,1
704,3,13:45:15,4,0.001563721657545,92162.0,0.0011727912431587,0.0007818608287726,4.0841400762172286e-05,0.0,5.2357793472824616e-05,-0.0007818608287724,2.3218533690831315e-05,-0.0015637216575449,3.0629115693821644e-05,-0.0023455824863173,2.03162169794774e-05,0.001563721657545,2.5214940612681293e-05,0.0023455824863174,3.384855887783616e-05,0.00312744331509,2.8191169656284357e-05,0.0039093041438624,2.016142675487186e-05,0.0046911649726348,3.332420699198489e-05,1,1,1,1,1
705,3,13:45:18,4,0.001563721657545,93447.0,0.0011727912431587,0.0007818608287726,4.051247153488551e-05,0.0,5.2357793472824616e-05,-0.0007818608287724,4.256731176652408e-05,-0.0015637216575449,3.0629115693821644e-05,-0.0023455824863173,2.03162169794774e-05,0.001563721657545,2.5911496623406237e-05,0.0023455824863174,3.384855887783616e-05,0.00312744331509,2.8191169656284357e-05,0.0039093041438624,2.1883468003608517e-05,0.0046911649726348,3.332420699198489e-05,1,1,1,1,1
706,3,13:45:21,4,0.0007818608287726,38400.0,0.0011727912431587,0.0007818608287726,3.993200819261472e-05,0.0,5.2357793472824616e-05,-0.0007818608287724,4.256731176652408e-05,-0.0015637216575449,3.0629115693821644e-05,-0.0023455824863173,2.03162169794774e-05,0.001563721657545,2.6201728294541623e-05,0.0023455824863174,3.384855887783616e-05,0.00312744331509,2.8191169656284357e-05,0.0039093041438624,2.1883468003608517e-05,0.0046911649726348,3.332420699198489e-05,1,0,1,1,1
707,3,13:45:24,4,0.0007818608287726,702720.0,0.0011727912431587,0.0007818608287726,2.9406272919437862e-05,0.0,5.2357793472824616e-05,-0.0007818608287724,4.256731176652408e-05,-0.0015637216575449,3.0629115693821644e-05,-0.0023455824863173,2.03162169794774e-05,0.001563721657545,2.666609896835825e-05,0.0023455824863174,3.2049122516796734e-05,0.00312744331509,1.6117532137052072e-05,0.0039093041438624,2.1883468003608517e-05,0.0046911649726348,3.332420699198489e-05,1,0,1,1,1
708,3,13:45:27,4,0.0007818608287726,134402.0,0.0011727912431587,0.0007818608287726,2.7413348777641503e-05,0.0,5.2551281253581547e-05,-0.0007818608287724,4.256731176652408e-05,-0.0015637216575449,3.0629115693821644e-05,-0.0023455824863173,2.03162169794774e-05,0.001563721657545,1.9835980307638707e-05,0.0023455824863174,3.2049122516796734e-05,0.00312744331509,1.6117532137052072e-05,0.0039093041438624,2.1883468003608517e-05,0.0046911649726348,3.332420699198489e-05,1,0,1,1,1
709,3,13:45:30,4,0.001563721657545,29458.0,0.0011727912431587,0.0007818608287726,2.5459122191996536e-05,0.0,5.2551281253581547e-05,-0.0007818608287724,4.256731176652408e-05,-0.0015637216575449,3.0629115693821644e-05,-0.0023455824863173,2.03162169794774e-05,0.001563721657545,1.9874677863790093e-05,0.0023455824863174,3.1275171393769024e-05,0.00312744331509,1.6214276027430534e-05,0.0039093041438624,2.1883468003608517e-05,0.0046911649726348,3.332420699198489e-05,1,0,1,1,1
710,3,13:45:33,4,0.0007818608287726,867840.0,0.0011727912431587,0.0007818608287726,1.4681852803835667e-05,0.0,5.2551281253581547e-05,-0.0007818608287724,4.256731176652408e-05,-0.0015637216575449,3.0629115693821644e-05,-0.0023455824863173,2.03162169794774e-05,0.001563721657545,1.98553290857144e-05,0.0023455824863174,3.1275171393769024e-05,0.00312744331509,1.6214276027430534e-05,0.0039093041438624,2.1883468003608517e-05,0.0046911649726348,3.332420699198489e-05,1,1,1,1,1
711,3,13:45:36,4,0.001563721657545,49957.0,0.0011727912431587,0.0007818608287726,1.4643155247684285e-05,0.0,5.2551281253581547e-05,-0.0007818608287724,4.256731176652408e-05,-0.0015637216575449,5.003594010374149e-05,-0.0023455824863173,2.03162169794774e-05,0.001563721657545,1.9081377962686687e-05,0.0023455824863174,3.090754461033086e-05,0.00312744331509,1.6214276027430534e-05,0.0039093041438624,2.178672411323005e-05,0.0046911649726348,3.332420699198489e-05,0,1,1,1,1
712,3,13:45:39,4,0.001563721657545,116549.0,0.0011727912431587,0.0007818608287726,1.4643155247684285e-05,0.0,5.2551281253581547e-05,-0.0007818608287724,4.256731176652408e-05,-0.0015637216575449,5.003594010374149e-05,-0.0023455824863173,2.03162169794774e-05,0.001563721657545,1.7765661053539582e-05,0.0023455824863174,3.100428850070933e-05,0.00312744331509,1.6214276027430534e-05,0.0039093041438624,2.178672411323005e-05,0.0046911649726348,3.332420699198489e-05,0,1,1,1,1
713,3,13:45:42,4,0.0007818608287726,259857.0,0.0011727912431587,0.0007818608287726,1.2611533549736542e-05,0.0,5.2551281253581547e-05,-0.0007818608287724,4.256731176652408e-05,-0.0015637216575449,5.003594010374149e-05,-0.0023455824863173,2.03162169794774e-05,0.001563721657545,1.7726963497388196e-05,0.0023455824863174,3.13525665060718e-05,0.00312744331509,1.6214276027430534e-05,0.0039093041438624,2.178672411323005e-05,0.0046911649726348,3.332420699198489e-05,0,1,1,1,1
714,3,13:45:45,4,0.001563721657545,870391.0,0.0011727912431587,0.0007818608287726,4.837194518923191e-07,0.0,5.221848227067963e-05,-0.0007818608287724,4.256731176652408e-05,-0.0015637216575449,5.003594010374149e-05,-0.0023455824863173,2.03162169794774e-05,0.001563721657545,1.7572173272782655e-05,0.0023455824863174,3.141061284029887e-05,0.00312744331509,1.6349717473960386e-05,0.0039093041438624,2.178672411323005e-05,0.0046911649726348,3.332420699198489e-05,0,1,1,1,1
715,3,13:45:48,4,0.0007818608287726,20480.0,0.0011727912431587,0.0007818608287726,1.7413900268123485e-07,0.0,5.221848227067963e-05,-0.0007818608287724,4.256731176652408e-05,-0.0015637216575449,5.003594010374149e-05,-0.0023455824863173,2.03162169794774e-05,0.001563721657545,1.7881753721993737e-05,0.0023455824863174,3.141061284029887e-05,0.00312744331509,1.6349717473960386e-05,0.0039093041438624,2.178672411323005e-05,0.0046911649726348,3.332420699198489e-05,1,1,1,1,1
716,3,13:45:51,4,0.0,463063.0,0.0003909304143863,0.0,2.700702443805196e-05,-0.0007818608287724,4.523744314096968e-05,-0.0015637216575449,5.003594010374149e-05,-0.0023455824863173,2.03162169794774e-05,-0.0031274433150898,5.179667890862953e-05,0.0007818608287726,9.674389037846383e-08,0.001563721657545,1.7765661053539582e-05,0.0023455824863174,3.141061284029887e-05,0.00312744331509,1.5962741912446528e-05,0.0039093041438624,2.2154350896668213e-05,2,2,2,2,1
717,3,13:45:54,4,0.0007818608287726,128000.0,0.0003909304143863,0.0,2.700702443805196e-05,-0.0007818608287724,4.523744314096968e-05,-0.0015637216575449,5.003594010374149e-05,-0.0023455824863173,2.03162169794774e-05,-0.0031274433150898,5.179667890862953e-05,0.0007818608287726,3.985848283592709e-06,0.001563721657545,1.7978497612372203e-05,0.0023455824863174,3.144931039645026e-05,0.00312744331509,1.5962741912446528e-05,0.0039093041438624,2.2154350896668213e-05,2,2,2,2,1
718,3,13:45:57,4,0.0007818608287726,369920.0,0.0003909304143863,0.0,2.700702443805196e-05,-0.0007818608287724,4.523744314096968e-05,-0.0015637216575449,5.003594010374149e-05,-0.0023455824863173,2.03162169794774e-05,-0.0031274433150898,5.179667890862953e-05,0.0007818608287726,5.224170080437046e-07,0.001563721657545,1.8075241502750664e-05,0.0023455824863174,3.144931039645026e-05,0.00312744331509,1.5962741912446528e-05,0.0039093041438624,2.2154350896668213e-05,2,2,2,2,1
719,3,13:46:00,4,0.0007818608287726,579991.0,0.0003909304143863,0.0,2.5768702641207626e-05,-0.0007818608287724,4.523744314096968e-05,-0.0015637216575449,5.003594010374149e-05,-0.0023455824863173,2.03162169794774e-05,-0.0031274433150898,5.179667890862953e-05,0.0007818608287726,1.1609266845415657e-07,0.001563721657545,1.3470232320735788e-05,0.0023455824863174,3.144931039645026e-05,0.00312744331509,1.5962741912446528e-05,0.0039093041438624,2.2154350896668213e-05,2,2,2,2,1
720,3,13:46:03,4,0.001563721657545,371484.0,0.0011727912431587,0.0007818608287726,7.526674671444484e-06,0.0,2.4820612515498675e-05,-0.0007818608287724,4.523744314096968e-05,-0.0015637216575449,5.003594010374149e-05,-0.0023455824863173,2.0412960869855864e-05,0.001563721657545,7.975179347239043e-06,0.0023455824863174,3.144931039645026e-05,0.00312744331509,1.5711207797462525e-05,0.0039093041438624,2.2154350896668213e-05,0.0046911649726348,3.332420699198489e-05,1,2,1,1,1
721,3,13:46:06,4,0.001563721657545,177942.0,0.0011727912431587,0.0007818608287726,8.881089136742978e-06,0.0,2.6349165983478404e-05,-0.0007818608287724,4.256731176652408e-05,-0.0015637216575449,5.003594010374149e-05,-0.0023455824863173,2.0412960869855864e-05,0.001563721657545,7.549506229573802e-06,0.0023455824863174,3.144931039645026e-05,0.00312744331509,1.5711207797462525e-05,0.0039093041438624,2.2154350896668213e-05,0.0046911649726348,3.3227463101606425e-05,2,2,1,1,1
722,3,13:46:09,4,0.001563721657545,3843.0,0.0011727912431587,0.0007818608287726,1.296368131071415e-05,0.0,2.5381727079693768e-05,-0.0007818608287724,4.256731176652408e-05,-0.0015637216575449,5.003594010374149e-05,-0.0023455824863173,2.0412960869855864e-05,0.001563721657545,7.491459895346724e-06,0.0023455824863174,3.144931039645026e-05,0.00312744331509,1.5711207797462525e-05,0.0039093041438624,2.2154350896668213e-05,0.0046911649726348,3.291788265239534e-05,2,2,1,1,1
723,3,13:46:12,4,0.001563721657545,126809.0,0.0011727912431587,0.0007818608287726,1.6369066252036076e-05,0.0,2.542042463584515e-05,-0.0007818608287724,4.256731176652408e-05,-0.0015637216575449,5.003594010374149e-05,-0.0023455824863173,2.0412960869855864e-05,0.001563721657545,6.349881988880851e-06,0.0023455824863174,3.144931039645026e-05,0.00312744331509,1.5711207797462525e-05,0.0039093041438624,2.2154350896668213e-05,0.0046911649726348,3.291788265239534e-05,2,2,1,1,1
724,3,13:46:15,4,0.001563721657545,189539.0,0.0011727912431587,0.0007818608287726,2.033556575755309e-05,0.0,2.580740019735901e-05,-0.0007818608287724,4.256731176652408e-05,-0.0015637216575449,5.003594010374149e-05,-0.0023455824863173,2.0064682864493395e-05,0.001563721657545,4.898723633203893e-06,0.0023455824863174,3.3867907655911856e-05,0.00312744331509,1.4511583556769573e-05,0.0039093041438624,2.097407543405096e-05,0.0046911649726348,3.291788265239534e-05,2,2,1,1,1
725,3,13:46:18,4,0.001563721657545,302304.0,0.0011727912431587,0.0007818608287726,2.0567751094461408e-05,0.0,2.6000887978115936e-05,-0.0007818608287724,4.256731176652408e-05,-0.0015637216575449,5.003594010374149e-05,-0.0023455824863173,2.0064682864493395e-05,0.001563721657545,5.645973442487148e-07,0.0023455824863174,3.3867907655911856e-05,0.00312744331509,1.4511583556769573e-05,0.0039093041438624,2.097407543405096e-05,0.0046911649726348,3.349834599466612e-05,2,2,1,1,1
726,3,13:46:21,4,0.001563721657545,159075.0,0.0019546520719313,0.001563721657545,5.085245853853572e-06,0.0007818608287726,2.3779648255026404e-05,0.0,2.7355302443414427e-05,-0.0007818608287724,4.256731176652408e-05,-0.0015637216575449,5.003594010374149e-05,0.0023455824863174,3.3867907655911856e-05,0.00312744331509,1.4511583556769573e-05,0.0039093041438624,2.0838633987521104e-05,0.0046911649726348,3.349834599466612e-05,0.0054730258014072,4.14450826381339e-05,1,1,1,1,0
727,3,13:46:24,4,0.001563721657545,44835.0,0.0019546520719313,0.001563721657545,1.0154625709685075e-05,0.0007818608287726,2.561778217221722e-05,0.0,2.567195875082916e-05,-0.0007818608287724,4.262535810075116e-05,-0.0015637216575449,5.003594010374149e-05,0.0023455824863174,3.3867907655911856e-05,0.00312744331509,1.4937256674434814e-05,0.0039093041438624,2.0838633987521104e-05,0.0046911649726348,3.349834599466612e-05,0.0054730258014072,4.14450826381339e-05,1,1,1,1,0
728,3,13:46:27,4,0.0023455824863174,151215.0,0.0019546520719313,0.001563721657545,2.0777104873240403e-05,0.0007818608287726,2.977776945849116e-05,0.0,2.567195875082916e-05,-0.0007818608287724,4.262535810075116e-05,-0.0015637216575449,5.003594010374149e-05,0.0023455824863174,3.2881119974051526e-05,0.00312744331509,1.4937256674434814e-05,0.0039093041438624,2.0838633987521104e-05,0.0046911649726348,3.349834599466612e-05,0.0054730258014072,4.14450826381339e-05,1,1,1,1,0
729,3,13:46:30,4,0.001563721657545,280641.0,0.0019546520719313,0.001563721657545,2.0080548862515463e-05,0.0007818608287726,2.977776945849116e-05,0.0,2.567195875082916e-05,-0.0007818608287724,4.262535810075116e-05,-0.0015637216575449,5.003594010374149e-05,0.0023455824863174,2.804392545512833e-05,0.00312744331509,1.4937256674434814e-05,0.0039093041438624,2.0838633987521104e-05,0.0046911649726348,3.3982065446558445e-05,0.0054730258014072,4.14450826381339e-05,1,1,1,1,0
730,3,13:46:33,4,0.001563721657545,175622.0,0.0019546520719313,0.001563721657545,2.0506221980180703e-05,0.0007818608287726,2.9390793896977307e-05,0.0,2.5788051419283315e-05,-0.0007818608287724,4.262535810075116e-05,-0.0015637216575449,5.003594010374149e-05,0.0023455824863174,2.562532819566674e-05,0.00312744331509,1.4937256674434814e-05,0.0039093041438624,2.0838633987521104e-05,0.0046911649726348,3.3982065446558445e-05,0.0054730258014072,4.14450826381339e-05,1,1,1,1,0
731,3,13:46:36,4,0.0023455824863174,49998.0,0.0019546520719313,0.001563721657545,2.0506221980180703e-05,0.0007818608287726,2.948753778735577e-05,0.0,2.5788051419283315e-05,-0.0007818608287724,4.262535810075116e-05,-0.0015637216575449,5.003594010374149e-05,0.0023455824863174,2.473528440418487e-05,0.00312744331509,1.5227488345570205e-05,0.0039093041438624,2.0838633987521104e-05,0.0046911649726348,3.3982065446558445e-05,0.0054730258014072,4.14450826381339e-05,1,1,1,1,0
732,3,13:46:39,4,0.001563721657545,57661.0,0.0019546520719313,0.001563721657545,1.994510741598561e-05,0.0007818608287726,2.550168950376306e-05,0.0,2.5788051419283315e-05,-0.0007818608287724,4.272210199112962e-05,-0.0015637216575449,5.003594010374149e-05,0.0023455824863174,2.444505273304948e-05,0.00312744331509,1.5227488345570205e-05,0.0039093041438624,2.0838633987521104e-05,0.0046911649726348,3.3982065446558445e-05,0.0054730258014072,4.14450826381339e-05,1,1,1,1,0
733,3,13:46:42,4,0.001563721657545,23058.0,0.0019546520719313,0.001563721657545,2.3466585025761696e-05,0.0007818608287726,2.625629184871508e-05,0.0,2.5942841643888856e-05,-0.0007818608287724,4.272210199112962e-05,-0.0015637216575449,5.003594010374149e-05,0.0023455824863174,2.4483750289200864e-05,0.00312744331509,1.5227488345570205e-05,0.0039093041438624,2.0838633987521104e-05,0.0046911649726348,3.3982065446558445e-05,0.0054730258014072,4.14450826381339e-05,1,1,1,0,0
734,3,13:46:45,4,0.0023455824863174,842900.0,0.0019546520719313,0.001563721657545,1.2399083966465436e-05,0.0007818608287726,2.664326741022893e-05,0.0,2.5942841643888856e-05,-0.0007818608287724,4.2799497103432393e-05,-0.0015637216575449,5.003594010374149e-05,0.0023455824863174,2.5741420864120894e-05,0.00312744331509,1.6291671139733307e-05,0.0039093041438624,2.0838633987521104e-05,0.0046911649726348,3.3982065446558445e-05,0.0054730258014072,4.14450826381339e-05,1,1,1,0,0
735,3,13:46:48,4,0.001563721657545,102530.0,0.0019546520719313,0.001563721657545,1.1625132843437723e-05,0.0007818608287726,2.430206526307011e-05,0.0,2.5942841643888856e-05,-0.0007818608287724,4.299298488418932e-05,-0.0015637216575449,5.003594010374149e-05,0.0023455824863174,2.5741420864120894e-05,0.00312744331509,1.6291671139733307e-05,0.0039093041438624,2.0838633987521104e-05,0.0046911649726348,2.9164219705710944e-05,0.0054730258014072,4.14450826381339e-05,1,1,1,1,0
736,3,13:46:51,4,0.0023455824863174,162804.0,0.0019546520719313,0.001563721657545,1.2476479078768209e-05,0.0007818608287726,2.430206526307011e-05,0.0,2.5942841643888856e-05,-0.0007818608287724,4.299298488418932e-05,-0.0015637216575449,5.003594010374149e-05,0.0023455824863174,2.347761382926484e-05,0.00312744331509,1.6427112586263155e-05,0.0039093041438624,2.0838633987521104e-05,0.0046911649726348,2.9164219705710944e-05,0.0054730258014072,4.14450826381339e-05,1,1,1,1,0
737,3,13:46:54,4,0.0023455824863174,148712.0,0.0019546520719313,0.001563721657545,1.2515176634919591e-05,0.0007818608287726,2.908121344776622e-05,0.0,2.499475151817991e-05,-0.0007818608287724,4.299298488418932e-05,-0.0015637216575449,5.003594010374149e-05,0.0023455824863174,2.123315557248448e-05,0.00312744331509,1.5653161463235445e-05,0.0039093041438624,2.0838633987521104e-05,0.0046911649726348,2.9164219705710944e-05,0.0054730258014072,4.14450826381339e-05,1,1,1,1,0
738,3,13:46:57,4,0.0023455824863174,564939.0,0.0019546520719313,0.001563721657545,5.49157019344312e-06,0.0007818608287726,2.8965120779312063e-05,0.0,2.499475151817991e-05,-0.0007818608287724,4.299298488418932e-05,-0.0015637216575449,5.003594010374149e-05,0.0023455824863174,2.0904226345197703e-05,0.00312744331509,1.598209069052222e-05,0.0039093041438624,2.093537787789957e-05,0.0046911649726348,2.9164219705710944e-05,0.0054730258014072,4.14450826381339e-05,1,1,1,1,0
739,3,13:47:00,4,0.0023455824863174,12820.0,0.0019546520719313,0.001563721657545,5.588314083821584e-06,0.0007818608287726,2.9158608560068997e-05,0.0,2.584609775351039e-05,-0.0007818608287724,4.299298488418932e-05,-0.0015637216575449,5.003594010374149e-05,0.0023455824863174,2.593490864487782e-05,0.00312744331509,1.598209069052222e-05,0.0039093041438624,2.093537787789957e-05,0.0046911649726348,2.9164219705710944e-05,0.0054730258014072,4.14450826381339e-05,1,1,1,1,0
740,3,13:47:03,4,0.0023455824863174,0.0,0.0019546520719313,0.001563721657545,1.6094700578922754e-05,0.0007818608287726,2.9158608560068997e-05,0.0,2.6697443988840876e-05,-0.0007818608287724,4.299298488418932e-05,-0.0015637216575449,5.003594010374149e-05,0.0023455824863174,2.593490864487782e-05,0.00312744331509,1.598209069052222e-05,0.0039093041438624,2.093537787789957e-05,0.0046911649726348,2.9164219705710944e-05,0.0054730258014072,4.14450826381339e-05,1,1,1,1,0
741,3,13:47:06,4,0.0023455824863174,76916.0,0.0019546520719313,0.001563721657545,1.601730546661998e-05,0.0007818608287726,2.935209634082592e-05,0.0,2.6697443988840876e-05,-0.0007818608287724,4.299298488418932e-05,-0.0015637216575449,4.993919621336302e-05,0.0023455824863174,2.562532819566674e-05,0.00312744331509,1.598209069052222e-05,0.0039093041438624,2.093537787789957e-05,0.0046911649726348,2.9164219705710944e-05,0.0054730258014072,4.105810707662005e-05,1,1,1,1,0
742,3,13:47:09,4,0.001563721657545,65331.0,0.0019546520719313,0.001563721657545,1.5262703121667965e-05,0.0007818608287726,2.9448840231204383e-05,0.0,2.6407212317705483e-05,-0.0007818608287724,4.299298488418932e-05,-0.0015637216575449,4.993919621336302e-05,0.0023455824863174,2.562532819566674e-05,0.00312744331509,1.598209069052222e-05,0.0039093041438624,2.093537787789957e-05,0.0046911649726348,2.9164219705710944e-05,0.0054730258014072,4.105810707662005e-05,1,1,1,1,0
743,3,13:47:12,4,0.001563721657545,0.0,0.0019546520719313,0.001563721657545,1.5456190902424893e-05,0.0007818608287726,2.9448840231204383e-05,0.0,2.6407212317705483e-05,-0.0007818608287724,4.308972877456778e-05,-0.0015637216575449,4.993919621336302e-05,0.0023455824863174,2.562532819566674e-05,0.00312744331509,1.598209069052222e-05,0.0039093041438624,2.093537787789957e-05,0.0046911649726348,2.9164219705710944e-05,0.0054730258014072,4.105810707662005e-05,1,1,1,0,0
744,3,13:47:15,4,0.0023455824863174,79424.0,0.0019546520719313,0.001563721657545,1.4566147110943025e-05,0.0007818608287726,2.9448840231204383e-05,0.0,2.6407212317705483e-05,-0.0007818608287724,4.308972877456778e-05,-0.0015637216575449,4.993919621336302e-05,0.0023455824863174,2.5586630639515352e-05,0.00312744331509,1.3176517869546773e-05,0.0039093041438624,2.093537787789957e-05,0.0046911649726348,2.9164219705710944e-05,0.0054730258014072,4.105810707662005e-05,1,1,1,0,0
745,3,13:47:18,4,0.001563721657545,14091.0,0.0019546520719313,0.001563721657545,1.4353310552110404e-05,0.0007818608287726,2.857814521779821e-05,0.0,2.6407212317705483e-05,-0.0007818608287724,4.308972877456778e-05,-0.0015637216575449,4.993919621336302e-05,0.0023455824863174,2.9456386254653903e-05,0.00312744331509,1.3176517869546773e-05,0.0039093041438624,2.093537787789957e-05,0.0046911649726348,2.9164219705710944e-05,0.0054730258014072,4.105810707662005e-05,1,1,1,0,0
746,3,13:47:21,4,0.001563721657545,148596.0,0.0019546520719313,0.001563721657545,1.2108852295330044e-05,0.0007818608287726,2.8597493995873905e-05,0.0,2.6407212317705483e-05,-0.0007818608287724,4.30510312184164e-05,-0.0015637216575449,4.99972425475901e-05,0.0023455824863174,2.984336181616776e-05,0.00312744331509,1.2983030088789844e-05,0.0039093041438624,2.093537787789957e-05,0.0046911649726348,2.9164219705710944e-05,0.0054730258014072,4.105810707662005e-05,1,1,1,0,1
747,3,13:47:24,4,0.0023455824863174,19220.0,0.0019546520719313,0.001563721657545,1.1915364514573118e-05,0.0007818608287726,2.8597493995873905e-05,0.0,2.573000508505624e-05,-0.0007818608287724,4.30510312184164e-05,-0.0015637216575449,4.99972425475901e-05,0.0023455824863174,2.9824013038092068e-05,0.00312744331509,1.2983030088789844e-05,0.0039093041438624,2.093537787789957e-05,0.0046911649726348,2.9164219705710944e-05,0.0054730258014072,4.105810707662005e-05,1,1,1,0,1
748,3,13:47:27,4,0.001563721657545,35870.0,0.0019546520719313,0.001563721657545,1.1412296284605105e-05,0.0007818608287726,2.8597493995873905e-05,0.0,2.573000508505624e-05,-0.0007818608287724,4.30510312184164e-05,-0.0015637216575449,4.99972425475901e-05,0.0023455824863174,2.901136435891297e-05,0.00312744331509,1.2983030088789844e-05,0.0039093041438624,2.093537787789957e-05,0.0046911649726348,2.9357707486467872e-05,0.0054730258014072,4.074852662740896e-05,1,1,1,0,1
749,3,13:47:30,4,0.0023455824863174,46122.0,0.0019546520719313,0.001563721657545,1.0831832942334324e-05,0.0007818608287726,2.8597493995873905e-05,0.0,2.5923492865813163e-05,-0.0007818608287724,4.30510312184164e-05,-0.0015637216575449,4.99972425475901e-05,0.0023455824863174,2.889527169045881e-05,0.00312744331509,1.2983030088789844e-05,0.0039093041438624,2.093537787789957e-05,0.0046911649726348,2.9357707486467872e-05,0.0054730258014072,4.074852662740896e-05,1,1,1,0,1
750,3,13:47:33,4,0.0023455824863174,62818.0,0.0019546520719313,0.001563721657545,1.5165959231289502e-05,0.0007818608287726,2.8790981776630832e-05,0.0,2.5923492865813163e-05,-0.0007818608287724,4.30510312184164e-05,-0.0015637216575449,4.99972425475901e-05,0.0023455824863174,2.804392545512833e-05,0.00312744331509,1.2983030088789844e-05,0.0039093041438624,2.093537787789957e-05,0.0046911649726348,2.9357707486467872e-05,0.0054730258014072,4.074852662740896e-05,1,1,1,0,0
751,3,13:47:36,4,0.0023455824863174,3846.0,0.0019546520719313,0.001563721657545,1.592056157624152e-05,0.0007818608287726,2.8790981776630832e-05,0.0,2.5923492865813163e-05,-0.0007818608287724,4.30510312184164e-05,-0.0015637216575449,4.99972425475901e-05,0.0023455824863174,2.7985879120901256e-05,0.00312744331509,1.3176517869546773e-05,0.0039093041438624,2.7889328718303547e-05,0.0046911649726348,2.95511952672248e-05,0.0054730258014072,4.074852662740896e-05,1,1,1,0,1
752,3,13:47:39,4,0.0023455824863174,0.0,0.0019546520719313,0.001563721657545,1.6114049356998447e-05,0.0007818608287726,2.975842068041547e-05,0.0,2.6407212317705483e-05,-0.0007818608287724,4.30510312184164e-05,-0.0015637216575449,4.99972425475901e-05,0.0023455824863174,2.819871567973388e-05,0.00312744331509,1.3176517869546773e-05,0.0039093041438624,2.7889328718303547e-05,0.0046911649726348,2.9899473272587268e-05,0.0054730258014072,4.074852662740896e-05,1,1,1,0,0
753,3,13:47:42,4,0.0023455824863174,285886.0,0.0019546520719313,0.001563721657545,1.795218327418926e-05,0.0007818608287726,3.0145396241929324e-05,0.0,2.6407212317705483e-05,-0.0007818608287724,4.324451899917333e-05,-0.0015637216575449,4.99972425475901e-05,0.0023455824863174,2.4000030837308548e-05,0.00312744331509,1.3176517869546773e-05,0.0039093041438624,2.7889328718303547e-05,0.0046911649726348,3.046058783678236e-05,0.0054730258014072,4.074852662740896e-05,1,1,0,0,0
754,3,13:47:45,4,0.001563721657545,892895.0,0.0019546520719313,0.001563721657545,6.18812620416806e-06,0.0007818608287726,3.0145396241929324e-05,0.0,2.6407212317705483e-05,-0.0007818608287724,4.324451899917333e-05,-0.0015637216575449,4.99972425475901e-05,0.0023455824863174,2.326477727043222e-05,0.00312744331509,1.3176517869546773e-05,0.0039093041438624,2.7889328718303547e-05,0.0046911649726348,3.046058783678236e-05,0.0054730258014072,4.074852662740896e-05,1,0,0,0,0
755,3,13:47:48,4,0.001563721657545,8967.0,0.0019546520719313,0.001563721657545,1.1044669501166945e-05,0.0007818608287726,3.0145396241929324e-05,0.0,2.6407212317705483e-05,-0.0007818608287724,4.324451899917333e-05,-0.0015637216575449,4.99972425475901e-05,0.0023455824863174,2.326477727043222e-05,0.00312744331509,1.3176517869546773e-05,0.0039093041438624,2.7889328718303547e-05,0.0046911649726348,3.0267100056025436e-05,0.0054730258014072,4.074852662740896e-05,1,0,1,0,1
756,3,13:47:51,4,0.001563721657545,131965.0,0.0019546520719313,0.001563721657545,9.76765014817122e-06,0.0007818608287726,2.523080661070336e-05,0.0,2.6407212317705483e-05,-0.0007818608287724,4.324451899917333e-05,-0.0015637216575449,4.99972425475901e-05,0.0023455824863174,2.283910415276698e-05,0.00312744331509,1.1938196072702436e-05,0.0039093041438624,2.093537787789957e-05,0.0046911649726348,3.1079748735204525e-05,0.0054730258014072,4.074852662740896e-05,1,0,1,0,1
757,3,13:47:54,4,0.001563721657545,6405.0,0.0019546520719313,0.001563721657545,1.2515176634919591e-05,0.0007818608287726,2.5327550501081823e-05,0.0,2.6407212317705483e-05,-0.0007818608287724,4.324451899917333e-05,-0.0015637216575449,4.99972425475901e-05,0.0023455824863174,2.3226079714280835e-05,0.00312744331509,1.1938196072702436e-05,0.0039093041438624,2.093537787789957e-05,0.0046911649726348,3.1079748735204525e-05,0.0054730258014072,4.074852662740896e-05,1,0,1,0,1
758,3,13:47:57,4,0.0023455824863174,19230.0,0.0019546520719313,0.001563721657545,1.2728013193752212e-05,0.0007818608287726,2.5327550501081823e-05,0.0,2.6407212317705483e-05,-0.0007818608287724,4.324451899917333e-05,-0.0015637216575449,4.99972425475901e-05,0.0023455824863174,2.2935848043145445e-05,0.00312744331509,1.2905634976487071e-05,0.0039093041438624,2.093537787789957e-05,0.0046911649726348,3.3014626542773805e-05,0.0054730258014072,4.074852662740896e-05,1,0,1,0,1
759,3,13:48:00,4,0.001563721657545,20499.0,0.0019546520719313,0.001563721657545,1.27667107499036e-05,0.0007818608287726,2.523080661070336e-05,0.0,2.6407212317705483e-05,-0.0007818608287724,4.324451899917333e-05,-0.0015637216575449,4.99972425475901e-05,0.0023455824863174,2.3071289489675294e-05,0.00312744331509,1.2905634976487071e-05,0.0039093041438624,2.093537787789957e-05,0.0046911649726348,3.233741931012456e-05,0.0054730258014072,4.074852662740896e-05,0,0,1,0,0
760,3,13:48:03,4,0.001563721657545,355093.0,0.0019546520719313,0.001563721657545,9.202665828360992e-06,0.0007818608287726,2.387639214540487e-05,0.0,2.6407212317705483e-05,-0.0007818608287724,4.324451899917333e-05,-0.0015637216575449,4.99972425475901e-05,0.0023455824863174,2.326477727043222e-05,0.00312744331509,1.2905634976487071e-05,0.0039093041438624,2.093537787789957e-05,0.0046911649726348,3.233741931012456e-05,0.0054730258014072,4.074852662740896e-05,0,0,1,0,0
761,3,13:48:06,4,0.0023455824863174,26920.0,0.0019546520719313,0.001563721657545,1.1021450967476112e-05,0.0007818608287726,2.387639214540487e-05,0.0,2.6407212317705483e-05,-0.0007818608287724,4.324451899917333e-05,-0.0015637216575449,4.99972425475901e-05,0.0023455824863174,2.270366270623713e-05,0.00312744331509,1.2905634976487071e-05,0.0039093041438624,2.093537787789957e-05,0.0046911649726348,3.233741931012456e-05,0.0054730258014072,4.074852662740896e-05,0,0,1,0,1
762,3,13:48:09,4,0.0023455824863174,16658.0,0.0019546520719313,0.001563721657545,1.311111899965093e-05,0.0007818608287726,2.401183359193472e-05,0.0,2.6407212317705483e-05,-0.0007818608287724,4.324451899917333e-05,-0.0015637216575449,4.99972425475901e-05,0.0023455824863174,2.2606918815858667e-05,0.00312744331509,1.3273261759925236e-05,0.0039093041438624,2.093537787789957e-05,0.0046911649726348,3.233741931012456e-05,0.0054730258014072,4.074852662740896e-05,0,0,1,0,0
763,3,13:48:12,4,0.001563721657545,12810.0,0.0019546520719313,0.001563721657545,1.3169165333878008e-05,0.0007818608287726,2.050970476023433e-05,0.0,2.6407212317705483e-05,-0.0007818608287724,4.324451899917333e-05,-0.0015637216575449,4.99972425475901e-05,0.0023455824863174,2.2606918815858667e-05,0.00312744331509,1.3273261759925236e-05,0.0039093041438624,2.093537787789957e-05,0.0046911649726348,3.427229711769383e-05,0.0054730258014072,4.461828224254751e-05,0,0,0,0,1
764,3,13:48:15,4,0.001563721657545,939771.0,0.0011727912431587,0.0007818608287726,2.060644865061279e-05,0.0,2.6407212317705483e-05,-0.0007818608287724,4.324451899917333e-05,-0.0015637216575449,4.99972425475901e-05,-0.0023455824863173,2.0354914535628788e-05,0.001563721657545,6.972912642918158e-06,0.0023455824863174,2.252952370355589e-05,0.00312744331509,1.4395490888315416e-05,0.0039093041438624,2.093537787789957e-05,0.0046911649726348,3.427229711769383e-05,1,1,1,1,1
765,3,13:48:18,4,0.001563721657545,0.0,0.0011727912431587,0.0007818608287726,2.060644865061279e-05,0.0,2.6794187879219335e-05,-0.0007818608287724,4.324451899917333e-05,-0.0015637216575449,5.019073032834703e-05,-0.0023455824863173,2.0354914535628788e-05,0.001563721657545,7.282493092129242e-06,0.0023455824863174,2.2548872481631587e-05,0.00312744331509,1.47050713375265e-05,0.0039093041438624,2.093537787789957e-05,0.0046911649726348,3.427229711769383e-05,1,1,1,1,1
766,3,13:48:21,4,0.001563721657545,119122.0,0.0011727912431587,0.0007818608287726,2.16512826667002e-05,0.0,2.6794187879219335e-05,-0.0007818608287724,4.324451899917333e-05,-0.0015637216575449,5.019073032834703e-05,-0.0023455824863173,2.0354914535628788e-05,0.001563721657545,5.695893289922436e-06,0.0023455824863174,2.2548872481631587e-05,0.00312744331509,1.47050713375265e-05,0.0039093041438624,2.1128865658656497e-05,0.0046911649726348,3.427229711769383e-05,1,1,1,1,1
767,3,13:48:24,4,0.001563721657545,0.0,0.0011727912431587,0.0007818608287726,2.1554538776321735e-05,0.0,2.6794187879219335e-05,-0.0007818608287724,4.324451899917333e-05,-0.0015637216575449,5.019073032834703e-05,-0.0023455824863173,2.0354914535628788e-05,0.001563721657545,5.695893289922436e-06,0.0023455824863174,2.33228236046593e-05,0.00312744331509,1.4898559118283427e-05,0.0039093041438624,2.1128865658656497e-05,0.0046911649726348,3.427229711769383e-05,1,1,1,1,1
768,3,13:48:27,4,0.0007818608287726,30727.0,0.0011727912431587,0.0007818608287726,2.122560954903496e-05,0.0,2.6794187879219335e-05,-0.0007818608287724,4.324451899917333e-05,-0.0015637216575449,5.019073032834703e-05,-0.0023455824863173,2.0354914535628788e-05,0.001563721657545,1.3628892300956468e-05,0.0023455824863174,2.33228236046593e-05,0.00312744331509,1.4763117671753578e-05,0.0039093041438624,2.1128865658656497e-05,0.0046911649726348,3.427229711769383e-05,0,1,1,1,1
769,3,13:48:30,4,0.001563721657545,146034.0,0.0011727912431587,0.0007818608287726,2.134170221748912e-05,0.0,2.6794187879219335e-05,-0.0007818608287724,4.324451899917333e-05,-0.0015637216575449,5.019073032834703e-05,-0.0023455824863173,2.0354914535628788e-05,0.001563721657545,1.1423131600327494e-05,0.0023455824863174,2.33228236046593e-05,0.00312744331509,1.4763117671753578e-05,0.0039093041438624,2.1128865658656497e-05,0.0046911649726348,3.427229711769383e-05,1,1,1,1,1
770,3,13:48:33,4,0.001563721657545,204920.0,0.0011727912431587,0.0007818608287726,2.4050531148086104e-05,0.0,2.6832885435370724e-05,-0.0007818608287724,4.324451899917333e-05,-0.0015637216575449,5.019073032834703e-05,-0.0023455824863173,2.0354914535628788e-05,0.001563721657545,9.101278231244362e-06,0.0023455824863174,2.33228236046593e-05,0.00312744331509,1.4763117671753578e-05,0.0039093041438624,2.1128865658656497e-05,0.0046911649726348,3.427229711769383e-05,1,1,1,1,1
771,3,13:48:36,4,0.0007818608287726,28162.0,0.0011727912431587,0.0007818608287726,2.3798997033102097e-05,0.0,2.840013645950184e-05,-0.0007818608287724,4.324451899917333e-05,-0.0015637216575449,5.019073032834703e-05,-0.0023455824863173,2.0354914535628788e-05,0.001563721657545,9.062580675092976e-06,0.0023455824863174,2.3458265051189148e-05,0.00312744331509,1.4763117671753578e-05,0.0039093041438624,2.1128865658656497e-05,0.0046911649726348,3.427229711769383e-05,1,1,1,1,1
772,3,13:48:39,4,0.0007818608287726,348210.0,0.0011727912431587,0.0007818608287726,1.9580963412601075e-05,0.0,2.840013645950184e-05,-0.0007818608287724,4.324451899917333e-05,-0.0015637216575449,5.019073032834703e-05,-0.0023455824863173,2.0354914535628788e-05,0.001563721657545,9.275417233925596e-06,0.0023455824863174,2.341956749503776e-05,0.00312744331509,1.4763117671753578e-05,0.0039093041438624,2.1128865658656497e-05,0.0046911649726348,3.427229711769383e-05,1,1,1,1,1
773,3,13:48:42,4,0.0007818608287726,1324800.0,0.0003909304143863,0.0,2.840013645950184e-05,-0.0007818608287724,4.324451899917333e-05,-0.0015637216575449,5.019073032834703e-05,-0.0023455824863173,2.0354914535628788e-05,-0.0031274433150898,5.168058624017537e-05,0.0007818608287726,3.192548382489306e-06,0.001563721657545,9.275417233925596e-06,0.0023455824863174,2.3574357719643307e-05,0.00312744331509,1.4763117671753578e-05,0.0039093041438624,2.1128865658656497e-05,2,1,1,1,1
774,3,13:48:45,4,0.001563721657545,1270554.0,0.0007818608287726,0.0,1.588147704452862e-05,-0.0007818608287724,4.324451899917333e-05,-0.0015637216575449,5.019073032834703e-05,-0.0023455824863173,2.0354914535628788e-05,-0.0031274433150898,5.168058624017537e-05,0.001563721657545,6.160263963739062e-06,0.0023455824863174,2.353566016349192e-05,0.00312744331509,1.4763117671753578e-05,0.0039093041438624,2.1128865658656497e-05,0.0046911649726348,3.233741931012456e-05,1,1,1,1,1
775,3,13:48:48,4,0.001563721657545,0.0,0.0011727912431587,0.0007818608287726,5.804633422707829e-07,0.0,1.6965008616767413e-05,-0.0007818608287724,4.324451899917333e-05,-0.0015637216575449,5.019073032834703e-05,-0.0023455824863173,2.0354914535628788e-05,0.001563721657545,6.547239525252917e-06,0.0023455824863174,2.3342172382734997e-05,0.00312744331509,1.4763117671753578e-05,0.0039093041438624,2.1128865658656497e-05,0.0046911649726348,3.233741931012456e-05,1,0,1,1,1
776,3,13:48:51,4,0.001563721657545,7686.0,0.0011727912431587,0.0007818608287726,3.250594716716384e-06,0.0,1.797114507670344e-05,-0.0007818608287724,4.324451899917333e-05,-0.0015637216575449,5.019073032834703e-05,-0.0023455824863173,2.0354914535628788e-05,0.001563721657545,9.275417233925596e-06,0.0023455824863174,2.3342172382734997e-05,0.00312744331509,1.4763117671753578e-05,0.0039093041438624,2.1128865658656497e-05,0.0046911649726348,3.233741931012456e-05,1,0,1,1,1
777,3,13:48:54,4,0.001563721657545,0.0,0.0011727912431587,0.0007818608287726,3.250594716716384e-06,0.0,1.797114507670344e-05,-0.0007818608287724,4.324451899917333e-05,-0.0015637216575449,5.019073032834703e-05,-0.0023455824863173,2.0354914535628788e-05,0.001563721657545,9.662392795439453e-06,0.0023455824863174,2.719257921979785e-05,0.00312744331509,1.4763117671753578e-05,0.0039093041438624,2.000663653026632e-05,0.0046911649726348,3.233741931012456e-05,1,0,1,1,1
778,3,13:48:57,4,0.0007818608287726,31239.0,0.0011727912431587,0.0007818608287726,4.713362339238757e-06,0.0,1.7197193953675726e-05,-0.0007818608287724,4.324451899917333e-05,-0.0015637216575449,5.019073032834703e-05,-0.0023455824863173,2.025817064525032e-05,0.001563721657545,9.526951348909605e-06,0.0023455824863174,2.719257921979785e-05,0.00312744331509,1.4763117671753578e-05,0.0039093041438624,2.000663653026632e-05,0.0046911649726348,3.233741931012456e-05,0,0,1,1,1
779,3,13:49:00,4,0.0007818608287726,0.0,0.0011727912431587,0.0007818608287726,4.488916513560721e-06,0.0,1.7584169515189584e-05,-0.0007818608287724,4.324451899917333e-05,-0.0015637216575449,5.019073032834703e-05,-0.0023455824863173,2.025817064525032e-05,0.001563721657545,9.526951348909605e-06,0.0023455824863174,2.719257921979785e-05,0.00312744331509,1.4763117671753578e-05,0.0039093041438624,2.000663653026632e-05,0.0046911649726348,3.233741931012456e-05,0,0,1,1,1
780,3,13:49:03,4,0.0007818608287726,8960.0,0.0011727912431587,0.0007818608287726,4.75979940662042e-06,0.0,1.7797006074022205e-05,-0.0007818608287724,4.324451899917333e-05,-0.0015637216575449,5.019073032834703e-05,-0.0023455824863173,2.025817064525032e-05,0.001563721657545,9.72043912966653e-06,0.0023455824863174,2.719257921979785e-05,0.00312744331509,1.4763117671753578e-05,0.0039093041438624,2.000663653026632e-05,0.0046911649726348,3.233741931012456e-05,0,0,1,1,1
781,3,13:49:06,4,0.0007818608287726,12802.0,0.0011727912431587,0.0007818608287726,6.733374770341081e-06,0.0,1.895793275856377e-05,-0.0007818608287724,4.324451899917333e-05,-0.0015637216575449,5.019073032834703e-05,-0.0023455824863173,2.025817064525032e-05,0.001563721657545,9.681741573515144e-06,0.0023455824863174,2.719257921979785e-05,0.00312744331509,1.4763117671753578e-05,0.0039093041438624,2.000663653026632e-05,0.0046911649726348,3.233741931012456e-05,0,0,1,1,1
782,3,13:49:09,4,0.0007818608287726,284160.0,0.0011727912431587,0.0007818608287726,2.4379460375372883e-06,0.0,1.895793275856377e-05,-0.0007818608287724,4.324451899917333e-05,-0.0015637216575449,5.019073032834703e-05,-0.0023455824863173,2.025817064525032e-05,0.001563721657545,1.0126763469256078e-05,0.0023455824863174,2.719257921979785e-05,0.00312744331509,1.4763117671753578e-05,0.0039093041438624,2.000663653026632e-05,0.0046911649726348,3.233741931012456e-05,0,0,1,1,1
783,3,13:49:12,4,0.0007818608287726,261140.0,0.0003909304143863,0.0,2.0563881338846267e-05,-0.0007818608287724,4.324451899917333e-05,-0.0015637216575449,5.019073032834703e-05,-0.0023455824863173,2.025817064525032e-05,-0.0031274433150898,5.168058624017537e-05,0.0007818608287726,8.606916951410411e-06,0.001563721657545,9.7978342419693e-06,0.0023455824863174,2.719257921979785e-05,0.00312744331509,1.4763117671753578e-05,0.0039093041438624,2.000663653026632e-05,1,1,1,1,1
784,3,13:49:15,4,0.0007818608287726,71632.0,0.0003909304143863,0.0,2.0060813108878257e-05,-0.0007818608287724,4.324451899917333e-05,-0.0015637216575449,5.019073032834703e-05,-0.0023455824863173,2.025817064525032e-05,-0.0031274433150898,5.168058624017537e-05,0.0007818608287726,1.0154819197465832e-05,0.001563721657545,1.1771409605689962e-05,0.0023455824863174,2.719257921979785e-05,0.00312744331509,1.4763117671753578e-05,0.0039093041438624,2.000663653026632e-05,1,1,1,1,1
785,3,13:49:18,4,0.0,409498.0,0.0003909304143863,0.0,1.8087237745157598e-05,-0.0007818608287724,4.324451899917333e-05,-0.0015637216575449,5.019073032834703e-05,-0.0023455824863173,2.025817064525032e-05,-0.0031274433150898,5.168058624017537e-05,0.0007818608287726,6.807480590370985e-06,0.001563721657545,1.1771409605689962e-05,0.0023455824863174,2.719257921979785e-05,0.00312744331509,1.4763117671753578e-05,0.0039093041438624,2.000663653026632e-05,1,1,1,1,1
786,3,13:49:21,4,0.0007818608287726,380160.0,0.0003909304143863,0.0,1.818398163553606e-05,-0.0007818608287724,4.324451899917333e-05,-0.0015637216575449,5.019073032834703e-05,-0.0023455824863173,2.025817064525032e-05,-0.0031274433150898,5.168058624017537e-05,0.0007818608287726,1.060893501890234e-06,0.001563721657545,1.1771409605689962e-05,0.0023455824863174,2.719257921979785e-05,0.00312744331509,1.4763117671753578e-05,0.0039093041438624,2.000663653026632e-05,1,1,1,1,1
787,3,13:49:24,4,0.0,135578.0,0.0003909304143863,0.0,1.6945659838691723e-05,-0.0007818608287724,4.324451899917333e-05,-0.0015637216575449,5.019073032834703e-05,-0.0023455824863173,2.025817064525032e-05,-0.0031274433150898,5.168058624017537e-05,0.0007818608287726,2.144425074129029e-06,0.001563721657545,9.7978342419693e-06,0.0023455824863174,2.719257921979785e-05,0.00312744331509,1.4763117671753578e-05,0.0039093041438624,2.000663653026632e-05,1,1,1,1,1
788,3,13:49:27,4,0.0,231648.0,0.0003909304143863,0.0,1.679086961408618e-05,-0.0007818608287724,4.324451899917333e-05,-0.0015637216575449,5.019073032834703e-05,-0.0023455824863173,2.025817064525032e-05,-0.0031274433150898,5.168058624017537e-05,0.0007818608287726,6.73917940376379e-07,0.001563721657545,1.0184809803483156e-05,0.0023455824863174,2.657341832137568e-05,0.00312744331509,1.4763117671753578e-05,0.0039093041438624,2.000663653026632e-05,1,1,1,1,1
789,3,13:49:30,4,0.0007818608287726,42236.0,0.0003909304143863,0.0,1.574603559799877e-05,-0.0007818608287724,4.324451899917333e-05,-0.0015637216575449,5.019073032834703e-05,-0.0023455824863173,2.025817064525032e-05,-0.0031274433150898,5.168058624017537e-05,0.0007818608287726,6.962270814976527e-06,0.001563721657545,1.0184809803483156e-05,0.0023455824863174,2.657341832137568e-05,0.00312744331509,1.4763117671753578e-05,0.0039093041438624,2.000663653026632e-05,1,1,1,1,1
790,3,13:49:33,4,0.0007818608287726,96000.0,0.0003909304143863,0.0,1.7680913405568046e-05,-0.0007818608287724,4.485046757945583e-05,-0.0015637216575449,5.019073032834703e-05,-0.0023455824863173,2.025817064525032e-05,-0.0031274433150898,5.168058624017537e-05,0.0007818608287726,8.026453609139629e-06,0.001563721657545,1.028155369386162e-05,0.0023455824863174,2.657341832137568e-05,0.00312744331509,1.836199039383243e-05,0.0039093041438624,2.000663653026632e-05,1,1,1,1,1
791,3,13:49:36,4,0.0007818608287726,14080.0,0.0003909304143863,0.0,1.7680913405568046e-05,-0.0007818608287724,4.485046757945583e-05,-0.0015637216575449,4.980375476683317e-05,-0.0023455824863173,2.025817064525032e-05,-0.0031274433150898,5.168058624017537e-05,0.0007818608287726,9.264775405983964e-06,0.001563721657545,1.0610482921148396e-05,0.0023455824863174,2.657341832137568e-05,0.00312744331509,1.836199039383243e-05,0.0039093041438624,2.000663653026632e-05,1,1,1,1,1
792,3,13:49:39,4,0.0,432412.0,0.0003909304143863,0.0,1.8029191410930515e-05,-0.0007818608287724,4.485046757945583e-05,-0.0015637216575449,4.980375476683317e-05,-0.0023455824863173,2.025817064525032e-05,-0.0031274433150898,5.168058624017537e-05,0.0007818608287726,7.774919494155622e-06,0.001563721657545,1.0591134143072703e-05,0.0023455824863174,2.657341832137568e-05,0.00312744331509,1.836199039383243e-05,0.0039093041438624,2.000663653026632e-05,1,1,1,1,1
793,3,13:49:42,4,0.0007818608287726,19200.0,0.0003909304143863,0.0,2.1260437349571207e-05,-0.0007818608287724,4.502460658213706e-05,-0.0015637216575449,4.9648964542227626e-05,-0.0023455824863173,2.025817064525032e-05,-0.0031274433150898,5.168058624017537e-05,0.0007818608287726,7.54273415724731e-06,0.001563721657545,1.0591134143072703e-05,0.0023455824863174,2.657341832137568e-05,0.00312744331509,1.7975014832318577e-05,0.0039093041438624,2.000663653026632e-05,1,1,1,1,1
794,3,13:49:45,4,0.0007818608287726,841592.0,0.0003909304143863,0.0,8.722429156522297e-06,-0.0007818608287724,4.502460658213706e-05,-0.0015637216575449,4.9648964542227626e-05,-0.0023455824863173,2.025817064525032e-05,-0.0031274433150898,5.168058624017537e-05,0.0007818608287726,7.426641488793153e-06,0.001563721657545,1.0591134143072703e-05,0.0023455824863174,2.657341832137568e-05,0.00312744331509,1.7975014832318577e-05,0.0039093041438624,2.000663653026632e-05,1,1,1,1,1
795,3,13:49:48,4,0.0007818608287726,295680.0,0.0003909304143863,0.0,8.915916937279225e-06,-0.0007818608287724,4.512135047251552e-05,-0.0015637216575449,4.9648964542227626e-05,-0.0023455824863173,2.0354914535628788e-05,-0.0031274433150898,5.168058624017537e-05,0.0007818608287726,3.634280985957372e-06,0.001563721657545,1.1210295041494872e-05,0.0023455824863174,2.657341832137568e-05,0.00312744331509,1.9000500070330293e-05,0.0039093041438624,2.000663653026632e-05,1,1,1,1,1
796,3,13:49:51,4,0.0007818608287726,72960.0,0.0003909304143863,0.0,9.709216838382627e-06,-0.0007818608287724,4.5276140697121066e-05,-0.0015637216575449,4.9648964542227626e-05,-0.0023455824863173,2.0354914535628788e-05,-0.0031274433150898,5.168058624017537e-05,0.0007818608287726,1.9315885152964084e-06,0.001563721657545,1.1210295041494872e-05,0.0023455824863174,2.560597941759105e-05,0.00312744331509,1.9000500070330293e-05,0.0039093041438624,2.000663653026632e-05,1,2,1,1,1
797,3,13:49:54,4,0.0,79298.0,0.0003909304143863,0.0,8.509592597689677e-06,-0.0007818608287724,4.543093092172661e-05,-0.0015637216575449,4.9648964542227626e-05,-0.0023455824863173,2.0354914535628788e-05,-0.0031274433150898,5.168058624017537e-05,0.0007818608287726,2.0863787399019504e-06,0.001563721657545,1.0591134143072703e-05,0.0023455824863174,2.560597941759105e-05,0.00312744331509,1.9000500070330293e-05,0.0039093041438624,2.000663653026632e-05,1,2,1,1,1
798,3,13:49:57,4,0.0007818608287726,113893.0,0.0003909304143863,0.0,1.1373211752892206e-05,-0.0007818608287724,4.543093092172661e-05,-0.0015637216575449,4.984245232298456e-05,-0.0023455824863173,2.0354914535628788e-05,-0.0031274433150898,5.168058624017537e-05,0.0007818608287726,1.7187519564637882e-06,0.001563721657545,1.0591134143072703e-05,0.0023455824863174,2.59929549791049e-05,0.00312744331509,2.093537787789957e-05,0.0039093041438624,2.000663653026632e-05,1,2,1,1,1
799,3,13:50:00,4,0.0007818608287726,39680.0,0.0003909304143863,0.0,1.1624745867876213e-05,-0.0007818608287724,4.543093092172661e-05,-0.0015637216575449,4.984245232298456e-05,-0.0023455824863173,2.0354914535628788e-05,-0.0031274433150898,5.168058624017537e-05,0.0007818608287726,8.781055954091647e-06,0.001563721657545,1.0591134143072703e-05,0.0023455824863174,2.59929549791049e-05,0.00312744331509,2.093537787789957e-05,0.0039093041438624,2.000663653026632e-05,1,2,1,1,1
800,3,13:50:03,4,0.0,12790.0,0.0003909304143863,0.0,7.855603898731262e-06,-0.0007818608287724,4.523744314096968e-05,-0.0015637216575449,4.984245232298456e-05,-0.0023455824863173,2.0354914535628788e-05,-0.0031274433150898,5.168058624017537e-05,0.0007818608287726,8.974543734848574e-06,0.001563721657545,1.2139036389128126e-05,0.0023455824863174,2.59929549791049e-05,0.00312744331509,2.093537787789957e-05,0.0039093041438624,2.000663653026632e-05,1,1,1,1,1
801,3,13:50:06,4,0.0,75477.0,0.0003909304143863,0.0,7.371884446838942e-06,-0.0007818608287724,4.663055516241956e-05,-0.0015637216575449,4.984245232298456e-05,-0.0023455824863173,2.0354914535628788e-05,-0.0031274433150898,5.168058624017537e-05,0.0007818608287726,9.632402189422129e-06,0.001563721657545,1.2139036389128126e-05,0.0023455824863174,2.59929549791049e-05,0.00312744331509,2.093537787789957e-05,0.0039093041438624,2.000663653026632e-05,2,2,1,1,1
802,3,13:50:09,4,0.0,678180.0,0.0003909304143863,0.0,3.424733719397619e-06,-0.0007818608287724,2.72817770867268e-05,-0.0015637216575449,4.984245232298456e-05,-0.0023455824863173,2.0354914535628788e-05,-0.0031274433150898,5.168058624017537e-05,0.0007818608287726,3.634280985957372e-06,0.001563721657545,1.2139036389128126e-05,0.0023455824863174,2.59929549791049e-05,0.00312744331509,2.093537787789957e-05,0.0039093041438624,2.010338042064478e-05,2,1,1,1,2
803,3,13:50:12,4,0.0007818608287726,5120.0,0.0003909304143863,0.0,3.424733719397619e-06,-0.0007818608287724,2.72817770867268e-05,-0.0015637216575449,4.984245232298456e-05,-0.0023455824863173,2.0354914535628788e-05,-0.0031274433150898,5.168058624017537e-05,0.0007818608287726,3.7310248763358354e-06,0.001563721657545,1.2139036389128126e-05,0.0023455824863174,2.59929549791049e-05,0.00312744331509,2.093537787789957e-05,0.0039093041438624,1.9697056081055237e-05,2,1,1,1,2
804,3,13:50:15,4,0.0007818608287726,1280.0,0.0003909304143863,0.0,5.262867636588431e-06,-0.0007818608287724,2.72817770867268e-05,-0.0015637216575449,4.984245232298456e-05,-0.0023455824863173,2.0354914535628788e-05,-0.0031274433150898,5.177733013055383e-05,0.0007818608287726,3.711676098260143e-06,0.001563721657545,1.2139036389128126e-05,0.0023455824863174,2.59929549791049e-05,0.00312744331509,2.122560954903496e-05,0.0039093041438624,1.9697056081055237e-05,2,1,1,1,2
805,3,13:50:18,4,0.0007818608287726,38390.0,0.0003909304143863,0.0,7.00425766340078e-06,-0.0007818608287724,2.7320474642878186e-05,-0.0015637216575449,4.984245232298456e-05,-0.0023455824863173,2.0354914535628788e-05,-0.0031274433150898,5.1583842349796906e-05,0.0007818608287726,3.614932207881679e-06,0.001563721657545,1.2139036389128126e-05,0.0023455824863174,2.59929549791049e-05,0.00312744331509,2.122560954903496e-05,0.0039093041438624,1.9697056081055237e-05,1,2,1,1,1
806,3,13:50:21,4,0.0007818608287726,310871.0,0.0011727912431587,0.0007818608287726,2.18970121482615e-06,0.0,7.507325893368792e-06,-0.0007818608287724,2.759135753593788e-05,-0.0015637216575449,4.9745708432606095e-05,-0.0023455824863173,2.0354914535628788e-05,0.001563721657545,1.1868153496068428e-05,0.0023455824863174,2.59929549791049e-05,0.00312744331509,2.122560954903496e-05,0.0039093041438624,1.9697056081055237e-05,0.0046911649726348,3.136998040633992e-05,1,1,1,1,1
807,3,13:50:24,4,0.0007818608287726,30400.0,0.0011727912431587,0.0007818608287726,1.7301677355284468e-06,0.0,7.5653722275958705e-06,-0.0007818608287724,2.764940387016496e-05,-0.0015637216575449,4.9745708432606095e-05,-0.0023455824863173,2.093537787789957e-05,0.001563721657545,1.2487314394490596e-05,0.0023455824863174,2.59929549791049e-05,0.00312744331509,2.163193388862451e-05,0.0039093041438624,1.9697056081055237e-05,0.0046911649726348,3.136998040633992e-05,0,1,1,1,1
808,3,13:50:27,4,0.0007818608287726,10242.0,0.0011727912431587,0.0007818608287726,1.8849579601339889e-06,0.0,7.5653722275958705e-06,-0.0007818608287724,3.012604746385363e-05,-0.0015637216575449,4.9745708432606095e-05,-0.0023455824863173,2.093537787789957e-05,0.001563721657545,1.244861683833921e-05,0.0023455824863174,2.59929549791049e-05,0.00312744331509,2.163193388862451e-05,0.0039093041438624,1.9697056081055237e-05,0.0046911649726348,3.136998040633992e-05,0,1,1,1,1
809,3,13:50:30,4,0.0007818608287726,133124.0,0.0011727912431587,0.0007818608287726,2.747526486748372e-08,0.0,1.0022667043208853e-05,-0.0007818608287724,3.012604746385363e-05,-0.0015637216575449,4.9745708432606095e-05,-0.0023455824863173,2.093537787789957e-05,0.001563721657545,1.237122172603644e-05,0.0023455824863174,2.59929549791049e-05,0.00312744331509,2.143844610786758e-05,0.0039093041438624,1.9697056081055237e-05,0.0046911649726348,3.136998040633992e-05,0,1,1,1,1
810,3,13:50:33,4,0.001563721657545,14073.0,0.0007818608287726,0.0,1.3532922361701031e-05,-0.0007818608287724,3.0513023025367485e-05,-0.0015637216575449,4.9745708432606095e-05,-0.0023455824863173,2.093537787789957e-05,-0.0031274433150898,5.1583842349796906e-05,0.001563721657545,1.2255129057582282e-05,0.0023455824863174,2.59929549791049e-05,0.00312744331509,2.143844610786758e-05,0.0039093041438624,1.9697056081055237e-05,0.0046911649726348,3.255025586895718e-05,1,1,1,1,1
811,3,13:50:36,4,0.0007818608287726,23040.0,0.0011727912431587,0.0007818608287726,4.256731176652408e-07,0.0,3.421676612461659e-05,-0.0007818608287724,3.0513023025367485e-05,-0.0015637216575449,4.9745708432606095e-05,-0.0023455824863173,2.093537787789957e-05,0.001563721657545,1.2622755841020444e-05,0.0023455824863174,2.59929549791049e-05,0.00312744331509,2.143844610786758e-05,0.0039093041438624,1.9697056081055237e-05,0.0046911649726348,3.255025586895718e-05,1,1,1,1,1
812,3,13:50:39,4,0.0007818608287726,53760.0,0.0003909304143863,0.0,3.421676612461659e-05,-0.0007818608287724,3.0358232800761944e-05,-0.0015637216575449,4.9745708432606095e-05,-0.0023455824863173,2.093537787789957e-05,-0.0031274433150898,5.1583842349796906e-05,0.0007818608287726,3.598872722078854e-06,0.001563721657545,1.2642104619096135e-05,0.0023455824863174,2.59929549791049e-05,0.00312744331509,2.143844610786758e-05,0.0039093041438624,1.9697056081055237e-05,2,1,1,1,1
813,3,13:50:42,4,0.0007818608287726,0.0,0.0003909304143863,0.0,6.351081613121544e-05,-0.0007818608287724,3.0358232800761944e-05,-0.0015637216575449,4.9745708432606095e-05,-0.0023455824863173,2.093537787789957e-05,-0.0031274433150898,5.1583842349796906e-05,0.0007818608287726,4.121289730122559e-06,0.001563721657545,1.2642104619096135e-05,0.0023455824863174,2.59929549791049e-05,0.00312744331509,2.143844610786758e-05,0.0039093041438624,1.989054386181216e-05,2,2,1,1,1
814,3,13:50:45,4,0.0007818608287726,1086073.0,0.0003909304143863,0.0,5.1224342053150537e-05,-0.0007818608287724,3.0358232800761944e-05,-0.0015637216575449,4.9745708432606095e-05,-0.0023455824863173,2.093537787789957e-05,-0.0031274433150898,5.1583842349796906e-05,0.0007818608287726,2.128365588326204e-07,0.001563721657545,1.2700150953323216e-05,0.0023455824863174,2.59929549791049e-05,0.00312744331509,2.149649244209466e-05,0.0039093041438624,1.989054386181216e-05,1,2,1,1,1
815,3,13:50:48,4,0.001563721657545,44803.0,0.0011727912431587,0.0007818608287726,2.050970476023433e-05,0.0,3.061789340253774e-05,-0.0007818608287724,3.0358232800761944e-05,-0.0015637216575449,4.9745708432606095e-05,-0.0023455824863173,2.093537787789957e-05,0.001563721657545,1.2642104619096135e-05,0.0023455824863174,2.59929549791049e-05,0.00312744331509,2.149649244209466e-05,0.0039093041438624,1.989054386181216e-05,0.0046911649726348,3.255025586895718e-05,1,1,1,1,0
816,3,13:50:51,4,0.0007818608287726,12800.0,0.0011727912431587,0.0007818608287726,2.0896680321748184e-05,0.0,3.586141226105048e-05,-0.0007818608287724,2.7146335640196945e-05,-0.0015637216575449,4.9745708432606095e-05,-0.0023455824863173,2.093537787789957e-05,0.001563721657545,1.2642104619096135e-05,0.0023455824863174,2.676690610213261e-05,0.00312744331509,2.149649244209466e-05,0.0039093041438624,1.989054386181216e-05,0.0046911649726348,3.255025586895718e-05,1,1,1,1,0
817,3,13:50:54,4,0.001563721657545,153620.0,0.0011727912431587,0.0007818608287726,1.954226585644969e-05,0.0,3.586141226105048e-05,-0.0007818608287724,2.7146335640196945e-05,-0.0015637216575449,4.9745708432606095e-05,-0.0023455824863173,2.093537787789957e-05,0.001563721657545,1.1635968159160114e-05,0.0023455824863174,2.676690610213261e-05,0.00312744331509,2.149649244209466e-05,0.0039093041438624,1.989054386181216e-05,0.0046911649726348,3.0615378061387905e-05,0,1,1,1,1
818,3,13:50:57,4,0.0007818608287726,52481.0,0.0011727912431587,0.0007818608287726,1.954226585644969e-05,0.0,3.586141226105048e-05,-0.0007818608287724,2.7146335640196945e-05,-0.0015637216575449,4.9745708432606095e-05,-0.0023455824863173,2.093537787789957e-05,0.001563721657545,1.27388485094746e-05,0.0023455824863174,2.676690610213261e-05,0.00312744331509,2.149649244209466e-05,0.0039093041438624,1.989054386181216e-05,0.0046911649726348,3.0615378061387905e-05,1,1,1,1,1
819,3,13:51:00,4,0.001563721657545,4100897.0,0.0007818608287726,0.0,1.435679333216403e-07,-0.0007818608287724,2.5888665065276915e-05,-0.0015637216575449,4.9745708432606095e-05,-0.0023455824863173,2.093537787789957e-05,-0.0031274433150898,5.1583842349796906e-05,0.001563721657545,6.721378527934152e-06,0.0023455824863174,2.676690610213261e-05,0.00312744331509,2.1689980222851583e-05,0.0039093041438624,1.989054386181216e-05,0.0046911649726348,3.0615378061387905e-05,1,1,1,1,1
820,3,13:51:03,4,0.001563721657545,2562.0,0.0007818608287726,0.0,2.016142675487186e-07,-0.0007818608287724,2.5695177284519988e-05,-0.0015637216575449,4.9745708432606095e-05,-0.0023455824863173,2.093537787789957e-05,-0.0031274433150898,5.1583842349796906e-05,0.001563721657545,6.77942486216123e-06,0.0023455824863174,2.676690610213261e-05,0.00312744331509,2.1689980222851583e-05,0.0039093041438624,1.989054386181216e-05,0.0046911649726348,3.0615378061387905e-05,1,1,1,1,1
821,3,13:51:06,4,0.0007818608287726,17920.0,0.0011727912431587,0.0007818608287726,1.1802754626172586e-06,0.0,1.5753775109229048e-06,-0.0007818608287724,3.157720581953059e-05,-0.0015637216575449,4.9745708432606095e-05,-0.0023455824863173,2.093537787789957e-05,0.001563721657545,6.818122418312616e-06,0.0023455824863174,2.676690610213261e-05,0.00312744331509,2.1689980222851583e-05,0.0039093041438624,1.989054386181216e-05,0.0046911649726348,3.0615378061387905e-05,1,0,1,1,1
822,3,13:51:09,4,0.0007818608287726,490562.0,0.0003909304143863,0.0,1.5753775109229048e-06,-0.0007818608287724,3.157720581953059e-05,-0.0015637216575449,4.9745708432606095e-05,-0.0023455824863173,2.093537787789957e-05,-0.0031274433150898,5.1583842349796906e-05,0.0007818608287726,3.115153270186535e-06,0.001563721657545,8.586987709992448e-07,0.0023455824863174,2.676690610213261e-05,0.00312744331509,2.1689980222851583e-05,0.0039093041438624,1.989054386181216e-05,2,1,1,2,1
823,3,13:51:12,4,0.001563721657545,211201.0,0.0011727912431587,0.0007818608287726,2.0509704760234327e-06,0.0,1.5753775109229048e-06,-0.0007818608287724,2.5908013843352608e-05,-0.0015637216575449,4.9745708432606095e-05,-0.0023455824863173,2.093537787789957e-05,0.001563721657545,8.39349992923552e-07,0.0023455824863174,2.6670162211754148e-05,0.00312744331509,2.1689980222851583e-05,0.0039093041438624,1.989054386181216e-05,0.0046911649726348,3.0615378061387905e-05,1,0,1,1,1
824,3,13:51:15,4,0.001563721657545,21777.0,0.0011727912431587,0.0007818608287726,2.225109478704668e-06,0.0,7.1478255967224205e-06,-0.0007818608287724,2.5908013843352608e-05,-0.0015637216575449,4.9745708432606095e-05,-0.0023455824863173,2.093537787789957e-05,0.001563721657545,6.071646560152389e-07,0.0023455824863174,2.670885976790553e-05,0.00312744331509,2.1689980222851583e-05,0.0039093041438624,1.989054386181216e-05,0.0046911649726348,3.0615378061387905e-05,1,1,1,1,1
825,3,13:51:18,4,0.001563721657545,0.0,0.0011727912431587,0.0007818608287726,2.8055728209754507e-06,0.0,9.082703404291696e-06,-0.0007818608287724,2.5908013843352608e-05,-0.0015637216575449,4.9745708432606095e-05,-0.0023455824863173,2.2870255685468847e-05,0.001563721657545,7.039085463937027e-07,0.0023455824863174,2.670885976790553e-05,0.00312744331509,2.1380399773640504e-05,0.0039093041438624,1.989054386181216e-05,0.0046911649726348,3.0615378061387905e-05,1,0,1,1,1
826,3,13:51:21,4,0.001563721657545,47382.0,0.0011727912431587,0.0007818608287726,2.5153411498400597e-06,0.0,1.6899609746871574e-05,-0.0007818608287724,2.5908013843352608e-05,-0.0015637216575449,4.9745708432606095e-05,-0.0023455824863173,2.2870255685468847e-05,0.001563721657545,1.090884107907558e-06,0.0023455824863174,2.670885976790553e-05,0.00312744331509,2.109016810250511e-05,0.0039093041438624,1.989054386181216e-05,0.0046911649726348,3.0615378061387905e-05,0,1,1,1,1
827,3,13:51:24,4,0.001563721657545,25620.0,0.0011727912431587,0.0007818608287726,2.5153411498400597e-06,0.0,1.6899609746871574e-05,-0.0007818608287724,2.5908013843352608e-05,-0.0015637216575449,4.990049865721163e-05,-0.0023455824863173,2.2870255685468847e-05,0.001563721657545,7.039085463937027e-07,0.0023455824863174,2.670885976790553e-05,0.00312744331509,2.109016810250511e-05,0.0039093041438624,1.989054386181216e-05,0.0046911649726348,3.0615378061387905e-05,0,1,1,1,1
828,3,13:51:27,4,0.001563721657545,2562.0,0.0011727912431587,0.0007818608287726,3.250594716716384e-06,0.0,1.6899609746871574e-05,-0.0007818608287724,2.5908013843352608e-05,-0.0015637216575449,4.990049865721163e-05,-0.0023455824863173,2.2870255685468847e-05,0.001563721657545,7.61954880620781e-07,0.0023455824863174,2.6379930540618755e-05,0.00312744331509,2.1128865658656497e-05,0.0039093041438624,1.989054386181216e-05,0.0046911649726348,3.0615378061387905e-05,0,1,1,1,1
829,3,13:51:30,4,0.001563721657545,24329.0,0.0011727912431587,0.0007818608287726,3.269943494792077e-06,0.0,1.7286585308385428e-05,-0.0007818608287724,2.571452606259568e-05,-0.0015637216575449,4.990049865721163e-05,-0.0023455824863173,2.2870255685468847e-05,0.001563721657545,2.425949795130358e-06,0.0023455824863174,2.6379930540618755e-05,0.00312744331509,2.1128865658656497e-05,0.0039093041438624,1.989054386181216e-05,0.0046911649726348,3.0615378061387905e-05,1,0,1,1,1
830,3,13:51:33,4,0.001563721657545,34581.0,0.0011727912431587,0.0007818608287726,3.231245938640692e-06,0.0,1.9859972792452566e-05,-0.0007818608287724,2.571452606259568e-05,-0.0015637216575449,4.990049865721163e-05,-0.0023455824863173,2.2870255685468847e-05,0.001563721657545,2.0196254555408104e-06,0.0023455824863174,2.6379930540618755e-05,0.00312744331509,2.1128865658656497e-05,0.0039093041438624,1.989054386181216e-05,0.0046911649726348,3.0615378061387905e-05,0,0,1,1,1
831,3,13:51:36,4,0.0007818608287726,222722.0,0.0003909304143863,0.0,1.9859972792452566e-05,-0.0007818608287724,2.583061873104984e-05,-0.0015637216575449,4.990049865721163e-05,-0.0023455824863173,2.2870255685468847e-05,-0.0031274433150898,5.1583842349796906e-05,0.0007818608287726,1.2383217968443368e-06,0.001563721657545,1.980927899389425e-06,0.0023455824863174,2.6379930540618755e-05,0.00312744331509,2.1128865658656497e-05,0.0039093041438624,1.989054386181216e-05,2,2,1,1,1
832,3,13:51:39,4,0.0007818608287726,0.0,0.0003909304143863,0.0,2.13691774823566e-05,-0.0007818608287724,2.583061873104984e-05,-0.0015637216575449,4.990049865721163e-05,-0.0023455824863173,2.2870255685468847e-05,-0.0031274433150898,5.1583842349796906e-05,0.0007818608287726,5.514401751572438e-06,0.001563721657545,1.980927899389425e-06,0.0023455824863174,2.6379930540618755e-05,0.00312744331509,2.1128865658656497e-05,0.0039093041438624,1.989054386181216e-05,2,2,1,1,1
833,3,13:51:42,4,0.0007818608287726,64000.0,0.0003909304143863,0.0,2.13691774823566e-05,-0.0007818608287724,2.7862240428997575e-05,-0.0015637216575449,4.990049865721163e-05,-0.0023455824863173,2.2870255685468847e-05,-0.0031274433150898,5.1583842349796906e-05,0.0007818608287726,4.546962847787799e-06,0.001563721657545,1.980927899389425e-06,0.0023455824863174,2.6379930540618755e-05,0.00312744331509,2.1128865658656497e-05,0.0039093041438624,1.989054386181216e-05,2,2,1,1,1
834,3,13:51:45,4,0.0007818608287726,1129592.0,0.0011727912431587,0.0007818608287726,1.9155290294935838e-06,0.0,9.218144850821544e-06,-0.0007818608287724,2.7862240428997575e-05,-0.0015637216575449,4.990049865721163e-05,-0.0023455824863173,2.2870255685468847e-05,0.001563721657545,2.561391241660208e-06,0.0023455824863174,2.6379930540618755e-05,0.00312744331509,2.1128865658656497e-05,0.0039093041438624,1.9987287752190623e-05,0.0046911649726348,3.0615378061387905e-05,0,1,1,0,1
835,3,13:51:48,4,0.0007818608287726,203520.0,0.0003909304143863,0.0,9.295539963124318e-06,-0.0007818608287724,2.9603630455809928e-05,-0.0015637216575449,4.990049865721163e-05,-0.0023455824863173,2.2870255685468847e-05,-0.0031274433150898,5.1583842349796906e-05,0.0007818608287726,3.115153270186535e-06,0.001563721657545,2.561391241660208e-06,0.0023455824863174,2.6379930540618755e-05,0.00312744331509,2.1128865658656497e-05,0.0039093041438624,1.9987287752190623e-05,1,2,1,1,1
836,3,13:51:51,4,0.001563721657545,215047.0,0.0011727912431587,0.0007818608287726,7.932999011034033e-07,0.0,9.295539963124318e-06,-0.0007818608287724,2.979711823656685e-05,-0.0015637216575449,4.990049865721163e-05,-0.0023455824863173,2.2870255685468847e-05,0.001563721657545,2.425949795130358e-06,0.0023455824863174,2.6379930540618755e-05,0.00312744331509,2.1128865658656497e-05,0.0039093041438624,1.9987287752190623e-05,0.0046911649726348,3.0615378061387905e-05,1,1,1,0,1
837,3,13:51:54,4,0.001563721657545,0.0,0.0011727912431587,0.0007818608287726,7.932999011034033e-07,0.0,9.643817968486786e-06,-0.0007818608287724,2.979711823656685e-05,-0.0015637216575449,4.99972425475901e-05,-0.0023455824863173,2.2870255685468847e-05,0.001563721657545,3.006413137401141e-06,0.0023455824863174,2.7444113334781857e-05,0.00312744331509,2.1128865658656497e-05,0.0039093041438624,1.9987287752190623e-05,0.0046911649726348,3.0615378061387905e-05,1,1,1,1,1
838,3,13:51:57,4,0.001563721657545,8967.0,0.0011727912431587,0.0007818608287726,9.867876818603309e-07,0.0,1.0030793530000644e-05,-0.0007818608287724,2.979711823656685e-05,-0.0015637216575449,4.99972425475901e-05,-0.0023455824863173,2.2870255685468847e-05,0.001563721657545,2.870971690871292e-06,0.0023455824863174,2.7444113334781857e-05,0.00312744331509,2.1128865658656497e-05,0.0039093041438624,1.9987287752190623e-05,0.0046911649726348,3.0866912176371904e-05,1,1,1,1,1
839,3,13:52:00,4,0.0007818608287726,65280.0,0.0003909304143863,0.0,1.022428131075757e-05,-0.0007818608287724,2.979711823656685e-05,-0.0015637216575449,4.99972425475901e-05,-0.0023455824863173,2.2870255685468847e-05,-0.0031274433150898,5.162253990594829e-05,0.0007818608287726,1.547902246055421e-07,0.001563721657545,2.870971690871292e-06,0.0023455824863174,2.7444113334781857e-05,0.00312744331509,2.1128865658656497e-05,0.0039093041438624,1.989054386181216e-05,2,2,1,1,2
840,3,13:52:03,4,0.0007818608287726,21760.0,0.0003909304143863,0.0,1.022428131075757e-05,-0.0007818608287724,2.979711823656685e-05,-0.0015637216575449,4.99972425475901e-05,-0.0023455824863173,2.3141138578528543e-05,-0.0031274433150898,5.162253990594829e-05,0.0007818608287726,1.547902246055421e-07,0.001563721657545,2.870971690871292e-06,0.0023455824863174,2.7444113334781857e-05,0.00312744331509,2.1128865658656497e-05,0.0039093041438624,1.989054386181216e-05,2,2,1,1,2
841,3,13:52:06,4,0.001563721657545,96067.0,0.0011727912431587,0.0007818608287726,8.12648679179096e-07,0.0,1.022428131075757e-05,-0.0007818608287724,2.979711823656685e-05,-0.0015637216575449,4.99972425475901e-05,-0.0023455824863173,2.32572312469827e-05,0.001563721657545,1.574603559799877e-06,0.0023455824863174,2.7444113334781857e-05,0.00312744331509,2.1128865658656497e-05,0.0039093041438624,1.989054386181216e-05,0.0046911649726348,3.0712121951766367e-05,1,1,1,1,1
842,3,13:52:09,4,0.0007818608287726,425756.0,0.0011727912431587,0.0007818608287726,4.183205819964775e-07,0.0,1.0862790987255431e-05,-0.0007818608287724,2.9642328011961317e-05,-0.0015637216575449,4.99972425475901e-05,-0.0023455824863173,2.32572312469827e-05,0.001563721657545,9.674389037846383e-08,0.0023455824863174,2.728932311017632e-05,0.00312744331509,2.1128865658656497e-05,0.0039093041438624,1.989054386181216e-05,0.0046911649726348,3.0712121951766367e-05,1,1,1,1,1
843,3,13:52:12,4,0.0007818608287726,0.0,0.0011727912431587,0.0007818608287726,8.157831812273583e-06,0.0,1.1249766548769286e-05,-0.0007818608287724,2.9642328011961317e-05,-0.0015637216575449,4.99972425475901e-05,-0.0023455824863173,2.32572312469827e-05,0.001563721657545,5.243518858512739e-06,0.0023455824863174,2.728932311017632e-05,0.00312744331509,2.1128865658656497e-05,0.0039093041438624,1.989054386181216e-05,0.0046911649726348,3.0712121951766367e-05,1,1,1,1,1
844,3,13:52:15,4,0.001563721657545,33281.0,0.0011727912431587,0.0007818608287726,7.867600141138192e-06,0.0,1.183022989104007e-05,-0.0007818608287724,3.157720581953059e-05,-0.0015637216575449,4.99972425475901e-05,-0.0023455824863173,2.32572312469827e-05,0.001563721657545,5.282216414664124e-06,0.0023455824863174,2.728932311017632e-05,0.00312744331509,2.1128865658656497e-05,0.0039093041438624,1.989054386181216e-05,0.0046911649726348,3.0712121951766367e-05,1,0,1,1,1
845,3,13:52:18,4,0.001563721657545,460771.0,0.0011727912431587,0.0007818608287726,3.807065574173308e-06,0.0,1.183022989104007e-05,-0.0007818608287724,3.157720581953059e-05,-0.0015637216575449,4.99972425475901e-05,-0.0023455824863173,2.3276580025058394e-05,0.001563721657545,4.585660403939185e-06,0.0023455824863174,2.728932311017632e-05,0.00312744331509,2.1128865658656497e-05,0.0039093041438624,1.989054386181216e-05,0.0046911649726348,3.0712121951766367e-05,1,1,1,1,1
846,3,13:52:21,4,0.001563721657545,135691.0,0.0011727912431587,0.0007818608287726,2.3559072184963506e-06,0.0,1.1888276225267147e-05,-0.0007818608287724,3.157720581953059e-05,-0.0015637216575449,4.99972425475901e-05,-0.0023455824863173,2.3276580025058394e-05,0.001563721657545,5.851070490089492e-06,0.0023455824863174,2.728932311017632e-05,0.00312744331509,2.1128865658656497e-05,0.0039093041438624,1.989054386181216e-05,0.0046911649726348,3.0712121951766367e-05,1,1,1,1,1
847,3,13:52:24,4,0.001563721657545,0.0,0.0011727912431587,0.0007818608287726,3.5168339030379164e-06,0.0,1.1985020115645613e-05,-0.0007818608287724,3.157720581953059e-05,-0.0015637216575449,4.99972425475901e-05,-0.0023455824863173,2.3276580025058394e-05,0.001563721657545,6.818509393874129e-06,0.0023455824863174,2.728932311017632e-05,0.00312744331509,1.919398785108722e-05,0.0039093041438624,1.989054386181216e-05,0.0046911649726348,3.0712121951766367e-05,1,0,1,1,1
848,3,13:52:27,4,0.001563721657545,2562.0,0.0011727912431587,0.0007818608287726,4.1359948014600845e-06,0.0,2.040173857857196e-05,-0.0007818608287724,3.157720581953059e-05,-0.0015637216575449,4.99972425475901e-05,-0.0023455824863173,2.3276580025058394e-05,0.001563721657545,7.882692188037231e-06,0.0023455824863174,2.728932311017632e-05,0.00312744331509,1.919398785108722e-05,0.0039093041438624,1.989054386181216e-05,0.0046911649726348,3.0712121951766367e-05,1,0,1,1,1
849,3,13:52:30,4,0.001563721657545,69174.0,0.0011727912431587,0.0007818608287726,4.7551556998822536e-06,0.0,2.040173857857196e-05,-0.0007818608287724,3.157720581953059e-05,-0.0015637216575449,4.99972425475901e-05,-0.0023455824863173,2.3276580025058394e-05,0.001563721657545,6.895904506176901e-06,0.0023455824863174,2.8392203460490804e-05,0.00312744331509,1.919398785108722e-05,0.0039093041438624,1.989054386181216e-05,0.0046911649726348,3.0712121951766367e-05,0,1,1,1,1
850,3,13:52:33,4,0.0007818608287726,17920.0,0.0011727912431587,0.0007818608287726,4.832550812185024e-06,0.0,2.040173857857196e-05,-0.0007818608287724,3.157720581953059e-05,-0.0015637216575449,4.99972425475901e-05,-0.0023455824863173,2.3276580025058394e-05,0.001563721657545,6.934602062328286e-06,0.0023455824863174,2.8392203460490804e-05,0.00312744331509,1.919398785108722e-05,0.0039093041438624,1.989054386181216e-05,0.0046911649726348,3.0712121951766367e-05,1,1,1,1,1
851,3,13:52:36,4,0.0007818608287726,116568.0,0.0011727912431587,0.0007818608287726,6.593289617073066e-06,0.0,2.044043613472335e-05,-0.0007818608287724,3.157720581953059e-05,-0.0015637216575449,5.019073032834703e-05,-0.0023455824863173,2.3276580025058394e-05,0.001563721657545,5.231909591667323e-06,0.0023455824863174,2.7424764556706164e-05,0.00312744331509,1.919398785108722e-05,0.0039093041438624,1.989054386181216e-05,0.0046911649726348,3.0712121951766367e-05,1,1,1,1,1
852,3,13:52:39,4,0.0007818608287726,414721.0,0.0011727912431587,0.0007818608287726,4.403781890027673e-07,0.0,2.2800987059957863e-05,-0.0007818608287724,3.157720581953059e-05,-0.0015637216575449,5.019073032834703e-05,-0.0023455824863173,2.3276580025058394e-05,0.001563721657545,6.315441163906118e-06,0.0023455824863174,2.7153881663646468e-05,0.00312744331509,1.919398785108722e-05,0.0039093041438624,1.989054386181216e-05,0.0046911649726348,3.075081950791775e-05,0,1,1,1,1
853,3,13:52:42,4,0.001563721657545,641781.0,0.0011727912431587,0.0007818608287726,6.725635259110805e-07,0.0,2.3516891848758496e-05,-0.0007818608287724,3.157720581953059e-05,-0.0015637216575449,5.019073032834703e-05,-0.0023455824863173,2.312178980045285e-05,0.001563721657545,2.232848989934945e-06,0.0023455824863174,2.7153881663646468e-05,0.00312744331509,1.919398785108722e-05,0.0039093041438624,1.989054386181216e-05,0.0046911649726348,3.0847563398296215e-05,0,1,1,1,1
854,3,13:52:45,4,0.001563721657545,912995.0,0.0003909304143863,0.0,1.3416829693246876e-05,-0.0007818608287724,3.157720581953059e-05,-0.0015637216575449,5.019073032834703e-05,-0.0023455824863173,2.312178980045285e-05,-0.0031274433150898,5.162253990594829e-05,0.0007818608287726,9.674389037846383e-08,0.001563721657545,1.676378132478021e-06,0.0023455824863174,2.7153881663646468e-05,0.00312744331509,1.9213336629162917e-05,0.0039093041438624,1.989054386181216e-05,2,2,1,1,2
855,3,13:52:48,4,0.0007818608287726,6400.0,0.0011727912431587,0.0007818608287726,1.1222291283901802e-06,0.0,1.3629666252079497e-05,-0.0007818608287724,3.157720581953059e-05,-0.0015637216575449,5.019073032834703e-05,-0.0023455824863173,2.312178980045285e-05,0.001563721657545,1.676378132478021e-06,0.0023455824863174,2.7153881663646468e-05,0.00312744331509,1.9213336629162917e-05,0.0039093041438624,1.989054386181216e-05,0.0046911649726348,3.0847563398296215e-05,1,0,0,1,1
856,3,13:52:51,4,0.0007818608287726,14090.0,0.0011727912431587,0.0007818608287726,2.51534114984006e-07,0.0,1.4539058821637056e-05,-0.0007818608287724,3.157720581953059e-05,-0.0015637216575449,5.019073032834703e-05,-0.0023455824863173,2.312178980045285e-05,0.001563721657545,1.5602854640238644e-06,0.0023455824863174,2.7153881663646468e-05,0.00312744331509,1.9213336629162917e-05,0.0039093041438624,1.989054386181216e-05,0.0046911649726348,3.0847563398296215e-05,1,0,0,1,1
857,3,13:52:54,4,0.0007818608287726,104971.0,0.0003909304143863,0.0,1.4539058821637056e-05,-0.0007818608287724,3.157720581953059e-05,-0.0015637216575449,5.019073032834703e-05,-0.0023455824863173,2.312178980045285e-05,-0.0031274433150898,5.162253990594829e-05,0.0007818608287726,3.656919056305932e-06,0.001563721657545,1.6183317982509426e-06,0.0023455824863174,2.7153881663646468e-05,0.00312744331509,1.9213336629162917e-05,0.0039093041438624,1.989054386181216e-05,2,1,1,2,2
858,3,13:52:57,4,0.0007818608287726,29440.0,0.0003909304143863,0.0,2.479391120175422e-05,-0.0007818608287724,3.157720581953059e-05,-0.0015637216575449,5.019073032834703e-05,-0.0023455824863173,2.312178980045285e-05,-0.0031274433150898,5.162253990594829e-05,0.0007818608287726,3.9664995055170165e-06,0.001563721657545,2.5470731458841957e-06,0.0023455824863174,2.7153881663646468e-05,0.00312744331509,1.9213336629162917e-05,0.0039093041438624,1.989054386181216e-05,2,1,1,2,2
859,3,13:53:00,4,0.0007818608287726,262400.0,0.0011727912431587,0.0007818608287726,3.8117092809114736e-06,0.0,2.479391120175422e-05,-0.0007818608287724,3.157720581953059e-05,-0.0015637216575449,5.019073032834703e-05,-0.0023455824863173,2.312178980045285e-05,0.001563721657545,2.8373048170195867e-06,0.0023455824863174,2.7153881663646468e-05,0.00312744331509,1.9213336629162917e-05,0.0039093041438624,1.989054386181216e-05,0.0046911649726348,3.0866912176371904e-05,2,0,1,1,2
860,3,13:53:03,4,0.001563721657545,90936.0,0.0011727912431587,0.0007818608287726,4.4115214012579495e-06,0.0,2.527763065364654e-05,-0.0007818608287724,3.157720581953059e-05,-0.0015637216575449,5.019073032834703e-05,-0.0023455824863173,2.312178980045285e-05,0.001563721657545,1.753773244780792e-06,0.0023455824863174,2.7153881663646468e-05,0.00312744331509,1.834264161575674e-05,0.0039093041438624,1.989054386181216e-05,0.0046911649726348,3.0866912176371904e-05,0,0,1,1,2
861,3,13:53:06,4,0.0007818608287726,3982.0,0.0011727912431587,0.0007818608287726,5.744458722892424e-06,0.0,2.527763065364654e-05,-0.0007818608287724,3.0609766915745954e-05,-0.0015637216575449,5.019073032834703e-05,-0.0023455824863173,2.312178980045285e-05,0.001563721657545,2.411631699354346e-06,0.0023455824863174,2.6379930540618755e-05,0.00312744331509,1.834264161575674e-05,0.0039093041438624,1.989054386181216e-05,0.0046911649726348,3.0866912176371904e-05,0,0,1,1,2
862,3,13:53:09,4,0.0007818608287726,663536.0,0.001563721657545,0.0007818608287726,2.029493332359414e-06,0.0,2.527763065364654e-05,-0.0007818608287724,3.0609766915745954e-05,-0.0015637216575449,5.019073032834703e-05,-0.0023455824863173,2.312178980045285e-05,0.0023455824863174,2.269669714612988e-05,0.00312744331509,1.834264161575674e-05,0.0039093041438624,1.989054386181216e-05,0.0046911649726348,3.0866912176371904e-05,0.0054730258014072,3.9316717049807695e-05,0,0,0,1,2
863,3,13:53:12,4,0.0007818608287726,1280.0,0.001563721657545,0.0007818608287726,2.3971201157975765e-06,0.0,2.291707972841202e-05,-0.0007818608287724,3.119023025801673e-05,-0.0015637216575449,5.019073032834703e-05,-0.0023455824863173,2.312178980045285e-05,0.0023455824863174,2.269669714612988e-05,0.00312744331509,1.834264161575674e-05,0.0039093041438624,1.989054386181216e-05,0.0046911649726348,3.0866912176371904e-05,0.0054730258014072,3.9316717049807695e-05,0,0,0,1,2
864,3,13:53:15,4,0.001563721657545,2562.0,0.0019546520719313,0.001563721657545,1.9348778075692766e-07,0.0007818608287726,2.84214201153851e-06,0.0,2.291707972841202e-05,-0.0007818608287724,3.134502048262228e-05,-0.0015637216575449,5.019073032834703e-05,0.0023455824863174,2.283213859265973e-05,0.00312744331509,1.834264161575674e-05,0.0039093041438624,1.9987287752190623e-05,0.0046911649726348,3.0866912176371904e-05,0.0054730258014072,3.9316717049807695e-05,0,0,0,1,1
865,3,13:53:18,4,0.0007818608287726,357069.0,0.0003909304143863,0.0,2.0498482468950428e-05,-0.0007818608287724,3.173199604413613e-05,-0.0015637216575449,5.019073032834703e-05,-0.0023455824863173,2.312178980045285e-05,-0.0031274433150898,5.162253990594829e-05,0.0007818608287726,3.4017280222656206e-05,0.0023455824863174,2.283213859265973e-05,0.00312744331509,1.834264161575674e-05,0.0039093041438624,1.9987287752190623e-05,0.0046911649726348,3.0866912176371904e-05,1,0,1,2,2
866,3,13:53:21,4,0.0007818608287726,171520.0,0.0003909304143863,0.0,2.059522635932889e-05,-0.0007818608287724,3.173199604413613e-05,-0.0015637216575449,5.019073032834703e-05,-0.0023455824863173,2.312178980045285e-05,-0.0031274433150898,5.162253990594829e-05,0.0007818608287726,3.185021707817861e-05,0.0023455824863174,2.283213859265973e-05,0.00312744331509,1.834264161575674e-05,0.0039093041438624,1.9987287752190623e-05,0.0046911649726348,3.0866912176371904e-05,1,0,1,2,2
867,3,13:53:24,4,0.0007818608287726,2560.0,0.0003909304143863,0.0,2.241401149844401e-05,-0.0007818608287724,3.173199604413613e-05,-0.0015637216575449,5.019073032834703e-05,-0.0023455824863173,2.312178980045285e-05,-0.0031274433150898,5.162253990594829e-05,0.0007818608287726,3.181151952202723e-05,0.0023455824863174,2.302562637341666e-05,0.00312744331509,1.834264161575674e-05,0.0039093041438624,1.9987287752190623e-05,0.0046911649726348,3.0866912176371904e-05,1,1,1,2,2
868,3,13:53:27,4,0.0007818608287726,33280.0,0.0003909304143863,0.0,2.3574938182985572e-05,-0.0007818608287724,3.173199604413613e-05,-0.0015637216575449,5.019073032834703e-05,-0.0023455824863173,2.312178980045285e-05,-0.0031274433150898,5.104207656367751e-05,0.0007818608287726,3.097952206477244e-05,0.0023455824863174,2.302562637341666e-05,0.00312744331509,1.834264161575674e-05,0.0039093041438624,1.9987287752190623e-05,0.0046911649726348,3.0866912176371904e-05,1,1,1,2,2
869,3,13:53:30,4,0.0007818608287726,23040.0,0.0003909304143863,0.0,2.3574938182985572e-05,-0.0007818608287724,3.173199604413613e-05,-0.0015637216575449,5.019073032834703e-05,-0.0023455824863173,2.312178980045285e-05,-0.0031274433150898,5.104207656367751e-05,0.0007818608287726,3.092147573054536e-05,0.0023455824863174,2.4728318844077623e-05,0.00312744331509,1.834264161575674e-05,0.0039093041438624,1.9987287752190623e-05,0.0046911649726348,3.0866912176371904e-05,0,1,1,2,2
870,3,13:53:33,4,0.0,10232.0,0.0003909304143863,0.0,1.421012959435028e-05,-0.0007818608287724,3.173199604413613e-05,-0.0015637216575449,5.019073032834703e-05,-0.0023455824863173,2.312178980045285e-05,-0.0031274433150898,5.104207656367751e-05,0.0007818608287726,3.1231056179756444e-05,0.0023455824863174,2.4728318844077623e-05,0.00312744331509,1.834264161575674e-05,0.0039093041438624,1.9987287752190623e-05,0.0046911649726348,3.0866912176371904e-05,0,1,1,2,2
871,3,13:53:36,4,0.0007818608287726,110075.0,0.0003909304143863,0.0,8.308752281263986e-06,-0.0007818608287724,3.173199604413613e-05,-0.0015637216575449,5.019073032834703e-05,-0.0023455824863173,2.312178980045285e-05,-0.0031274433150898,5.104207656367751e-05,0.0007818608287726,2.966380515562533e-05,0.0023455824863174,2.4728318844077623e-05,0.00312744331509,1.834264161575674e-05,0.0039093041438624,1.9987287752190623e-05,0.0046911649726348,3.0866912176371904e-05,0,1,1,2,2
872,3,13:53:39,4,0.0,12790.0,0.0003909304143863,0.0,8.095915722431366e-06,-0.0007818608287724,3.231245938640691e-05,-0.0015637216575449,5.019073032834703e-05,-0.0023455824863173,2.312178980045285e-05,-0.0031274433150898,5.104207656367751e-05,0.0007818608287726,3.808052361855168e-05,0.0023455824863174,2.4728318844077623e-05,0.00312744331509,1.834264161575674e-05,0.0039093041438624,1.9987287752190623e-05,0.0046911649726348,3.0866912176371904e-05,1,1,1,2,1
873,3,13:53:42,4,0.0,0.0,0.0003909304143863,0.0,8.095915722431366e-06,-0.0007818608287724,3.231245938640691e-05,-0.0015637216575449,5.019073032834703e-05,-0.0023455824863173,2.312178980045285e-05,-0.0031274433150898,5.104207656367751e-05,0.0007818608287726,3.808052361855168e-05,0.001563721657545,1.934877807569276e-08,0.0023455824863174,2.492180662483455e-05,0.00312744331509,1.834264161575674e-05,0.0039093041438624,1.9116592738784448e-05,1,1,1,2,1
874,3,13:53:45,4,0.0,1014164.0,-0.0003909304143862,-0.0007818608287724,2.790906447194076e-05,-0.0015637216575449,5.019073032834703e-05,-0.0023455824863173,2.312178980045285e-05,-0.0031274433150898,5.104207656367751e-05,-0.0039093041438622,2.788158920707327e-05,0.0,3.482780053624697e-07,0.0007818608287726,3.527495079757623e-05,0.001563721657545,1.934877807569276e-08,0.0023455824863174,2.5444223632878253e-05,0.00312744331509,1.834264161575674e-05,2,2,2,2,2
875,3,13:53:48,4,0.0,177871.0,-0.0003909304143862,-0.0007818608287724,2.7676879135032443e-05,-0.0015637216575449,5.019073032834703e-05,-0.0023455824863173,2.312178980045285e-05,-0.0031274433150898,5.104207656367751e-05,-0.0039093041438622,2.788158920707327e-05,0.0,3.0571069359594564e-06,0.0007818608287726,3.5797367805619935e-05,0.001563721657545,1.934877807569276e-08,0.0023455824863174,2.5444223632878253e-05,0.00312744331509,1.834264161575674e-05,2,2,2,2,2
876,3,13:53:51,4,0.0,11511.0,-0.0003909304143862,-0.0007818608287724,2.856692292651431e-05,-0.0015637216575449,5.019073032834703e-05,-0.0023455824863173,2.312178980045285e-05,-0.0031274433150898,5.104207656367751e-05,-0.0039093041438622,2.788158920707327e-05,0.0,2.8829679332782217e-06,0.0007818608287726,3.5797367805619935e-05,0.001563721657545,5.998121203464756e-07,0.0023455824863174,2.5444223632878253e-05,0.00312744331509,1.834264161575674e-05,2,2,2,2,2
877,3,13:53:54,4,0.0,226366.0,0.0003909304143863,0.0,6.772072326492467e-06,-0.0007818608287724,2.8334737589606e-05,-0.0015637216575449,5.019073032834703e-05,-0.0023455824863173,2.312178980045285e-05,-0.0031274433150898,5.104207656367751e-05,0.0007818608287726,3.591346047407409e-05,0.001563721657545,5.998121203464756e-07,0.0023455824863174,2.5444223632878253e-05,0.00312744331509,1.931008051954138e-05,0.0039093041438624,1.892310495802752e-05,1,1,2,2,2
878,3,13:53:57,4,0.0,0.0,0.0003909304143863,0.0,6.8107698826438525e-06,-0.0007818608287724,3.220449320474455e-05,-0.0015637216575449,5.019073032834703e-05,-0.0023455824863173,2.312178980045285e-05,-0.0031274433150898,5.104207656367751e-05,0.0007818608287726,3.591346047407409e-05,0.001563721657545,5.998121203464756e-07,0.0023455824863174,2.5444223632878253e-05,0.00312744331509,1.931008051954138e-05,0.0039093041438624,1.892310495802752e-05,1,1,2,2,2
879,3,13:54:00,4,0.0,24301.0,0.0003909304143863,0.0,7.236443000309093e-06,-0.0007818608287724,3.278495654701533e-05,-0.0015637216575449,5.019073032834703e-05,-0.0023455824863173,2.312178980045285e-05,-0.0031274433150898,5.104207656367751e-05,0.0007818608287726,3.591346047407409e-05,0.001563721657545,5.998121203464756e-07,0.0023455824863174,2.5444223632878253e-05,0.00312744331509,1.931008051954138e-05,0.0039093041438624,1.892310495802752e-05,1,1,2,2,2
880,3,13:54:03,4,0.0007818608287726,492645.0,0.0003909304143863,0.0,7.720162452201413e-06,-0.0007818608287724,3.4719834354584606e-05,-0.0015637216575449,5.019073032834703e-05,-0.0023455824863173,2.312178980045285e-05,-0.0031274433150898,5.104207656367751e-05,0.0007818608287726,3.146324151666476e-05,0.001563721657545,7.932999011034033e-07,0.0023455824863174,2.5444223632878253e-05,0.00312744331509,1.931008051954138e-05,0.0039093041438624,1.892310495802752e-05,1,1,2,2,2
881,3,13:54:06,4,0.0,790489.0,0.0003909304143863,0.0,1.722041248736656e-06,-0.0007818608287724,3.4719834354584606e-05,-0.0015637216575449,5.019073032834703e-05,-0.0023455824863173,2.312178980045285e-05,-0.0031274433150898,5.104207656367751e-05,0.0007818608287726,3.0031431939063494e-05,0.001563721657545,7.932999011034033e-07,0.0023455824863174,2.5444223632878253e-05,0.00312744331509,1.9019848848405983e-05,0.0039093041438624,1.892310495802752e-05,1,1,2,2,2
882,3,13:54:09,4,0.0,442845.0,0.0003909304143863,0.0,6.868816216870931e-06,-0.0007818608287724,3.617099271026156e-05,-0.0015637216575449,5.019073032834703e-05,-0.0023455824863173,2.312178980045285e-05,-0.0031274433150898,5.100337900752612e-05,0.0007818608287726,2.401396195752305e-05,0.001563721657545,7.932999011034033e-07,0.0023455824863174,2.5444223632878253e-05,0.00312744331509,1.9019848848405983e-05,0.0039093041438624,1.892310495802752e-05,1,1,2,2,2
883,3,13:54:12,4,0.0,153483.0,0.0003909304143863,0.0,6.772072326492467e-06,-0.0007818608287724,3.617099271026156e-05,-0.0015637216575449,5.019073032834703e-05,-0.0023455824863173,2.3373323915436856e-05,-0.0031274433150898,5.100337900752612e-05,0.0007818608287726,2.3994613179447356e-05,0.001563721657545,7.932999011034033e-07,0.0023455824863174,2.575380408208934e-05,0.00312744331509,1.9019848848405983e-05,0.0039093041438624,1.892310495802752e-05,1,1,2,2,2
884,3,13:54:15,4,0.0007818608287726,235483.0,0.0003909304143863,0.0,3.20802740494986e-05,-0.0007818608287724,3.617099271026156e-05,-0.0015637216575449,5.0751844892542114e-05,-0.0023455824863173,2.3373323915436856e-05,-0.0031274433150898,5.100337900752612e-05,0.0007818608287726,2.1827550034969763e-05,0.001563721657545,1.8381339171908123e-06,0.0023455824863174,2.5444223632878253e-05,0.00312744331509,1.9019848848405983e-05,0.0039093041438624,1.892310495802752e-05,1,2,2,2,2
885,3,13:54:18,4,0.0,28138.0,0.0003909304143863,0.0,3.2467249611012455e-05,-0.0007818608287724,3.9827911766567496e-05,-0.0015637216575449,5.0751844892542114e-05,-0.0023455824863173,2.3373323915436856e-05,-0.0031274433150898,5.111947167598028e-05,0.0007818608287726,2.1827550034969763e-05,0.001563721657545,1.8381339171908123e-06,0.0023455824863174,2.5444223632878253e-05,0.00312744331509,1.882636106764906e-05,0.0039093041438624,1.931008051954138e-05,1,2,2,2,2
886,3,13:54:21,4,0.0,37098.0,0.0003909304143863,0.0,3.238985449870968e-05,-0.0007818608287724,3.9827911766567496e-05,-0.0015637216575449,5.0751844892542114e-05,-0.0023455824863173,2.3373323915436856e-05,-0.0031274433150898,5.110012289790458e-05,0.0007818608287726,2.1730806144591297e-05,0.001563721657545,1.8381339171908123e-06,0.0023455824863174,2.5444223632878253e-05,0.00312744331509,1.882636106764906e-05,0.0039093041438624,1.931008051954138e-05,1,2,2,2,1
887,3,13:54:24,4,0.0,70396.0,0.0003909304143863,0.0,3.459561519933866e-05,-0.0007818608287724,3.9827911766567496e-05,-0.0015637216575449,5.0751844892542114e-05,-0.0023455824863173,2.310244102237716e-05,-0.0031274433150898,5.110012289790458e-05,0.0007818608287726,1.2327299999804616e-05,0.001563721657545,1.8381339171908123e-06,0.0023455824863174,2.5463572410953943e-05,0.00312744331509,1.882636106764906e-05,0.0039093041438624,1.931008051954138e-05,1,2,2,2,2
888,3,13:54:27,4,0.0007818608287726,163840.0,0.0003909304143863,0.0,3.7381839242238414e-05,-0.0007818608287724,3.963442398581057e-05,-0.0015637216575449,5.0751844892542114e-05,-0.0023455824863173,2.300569713199869e-05,-0.0031274433150898,5.110012289790458e-05,0.0007818608287726,9.850656406115942e-06,0.001563721657545,1.8381339171908123e-06,0.0023455824863174,2.556031630133241e-05,0.00312744331509,1.882636106764906e-05,0.0039093041438624,1.931008051954138e-05,1,2,2,2,2
889,3,13:54:30,4,0.0,445410.0,0.0003909304143863,0.0,3.711095634917872e-05,-0.0007818608287724,3.963442398581057e-05,-0.0015637216575449,5.0751844892542114e-05,-0.0023455824863173,2.300569713199869e-05,-0.0031274433150898,5.110012289790458e-05,0.0007818608287726,3.697744978045644e-06,0.001563721657545,2.03162169794774e-06,0.0023455824863174,2.556031630133241e-05,0.00312744331509,1.882636106764906e-05,0.0039093041438624,1.931008051954138e-05,2,2,2,2,2
890,3,13:54:33,4,0.0007818608287726,410880.0,0.0003909304143863,0.0,4.0284155953592335e-05,-0.0007818608287724,3.963442398581057e-05,-0.0015637216575449,5.0751844892542114e-05,-0.0023455824863173,2.300569713199869e-05,-0.0031274433150898,5.100337900752612e-05,0.0007818608287726,6.8128982482321785e-06,0.001563721657545,2.225109478704668e-06,0.0023455824863174,2.556031630133241e-05,0.00312744331509,1.882636106764906e-05,0.0039093041438624,1.936812685376845e-05,2,2,2,2,2
891,3,13:54:36,4,0.0007818608287726,252160.0,0.0003909304143863,0.0,4.252861421037269e-05,-0.0007818608287724,3.963442398581057e-05,-0.0015637216575449,5.0751844892542114e-05,-0.0023455824863173,2.300569713199869e-05,-0.0031274433150898,5.10614253417532e-05,0.0007818608287726,3.0011889673207045e-06,0.001563721657545,2.225109478704668e-06,0.0023455824863174,2.554096752325672e-05,0.00312744331509,1.882636106764906e-05,0.0039093041438624,1.936812685376845e-05,2,2,2,2,2
892,3,13:54:39,4,0.0,398093.0,0.0007818608287726,0.0,4.004984225109569e-05,-0.0007818608287724,3.963442398581057e-05,-0.0015637216575449,5.0751844892542114e-05,-0.0023455824863173,2.300569713199869e-05,-0.0031274433150898,5.10614253417532e-05,0.001563721657545,2.225109478704668e-06,0.0023455824863174,2.5831199194392108e-05,0.00312744331509,1.882636106764906e-05,0.0039093041438624,1.936812685376845e-05,0.0046911649726348,3.216328030744332e-05,2,2,2,1,2
893,3,13:54:42,4,0.0007818608287726,358400.0,0.0003909304143863,0.0,4.268127606938991e-05,-0.0007818608287724,3.944093620505364e-05,-0.0015637216575449,5.084858878292058e-05,-0.0023455824863173,2.300569713199869e-05,-0.0031274433150898,5.10614253417532e-05,0.0007818608287726,1.1609266845415657e-07,0.001563721657545,2.225109478704668e-06,0.0023455824863174,2.548292118902964e-05,0.00312744331509,1.882636106764906e-05,0.0039093041438624,1.936812685376845e-05,2,2,2,1,2
894,3,13:54:45,4,0.0007818608287726,861440.0,0.0011727912431587,0.0007818608287726,2.250262890203068e-05,0.0,4.4906385548094576e-05,-0.0007818608287724,3.944093620505364e-05,-0.0015637216575449,5.084858878292058e-05,-0.0023455824863173,2.300569713199869e-05,0.001563721657545,2.8055728209754507e-06,0.0023455824863174,2.548292118902964e-05,0.00312744331509,1.8729617177270597e-05,0.0039093041438624,1.936812685376845e-05,0.0046911649726348,3.216328030744332e-05,2,2,1,1,1
895,3,13:54:48,4,0.0007818608287726,275203.0,0.0011727912431587,0.0007818608287726,2.0625797428688484e-05,0.0,4.746042425408602e-05,-0.0007818608287724,3.781563884669545e-05,-0.0015637216575449,5.084858878292058e-05,-0.0023455824863173,2.300569713199869e-05,0.001563721657545,3.095804492110842e-06,0.0023455824863174,2.548292118902964e-05,0.00312744331509,1.8729617177270597e-05,0.0039093041438624,1.936812685376845e-05,0.0046911649726348,3.216328030744332e-05,2,2,1,1,1
896,3,13:54:51,4,0.001563721657545,291953.0,0.0011727912431587,0.0007818608287726,1.9387475631844148e-05,0.0,4.554489522459244e-05,-0.0007818608287724,3.781563884669545e-05,-0.0015637216575449,5.111947167598028e-05,-0.0023455824863173,2.300569713199869e-05,0.001563721657545,3.4634312755490046e-06,0.0023455824863174,2.548292118902964e-05,0.00312744331509,1.8729617177270597e-05,0.0039093041438624,1.936812685376845e-05,0.0046911649726348,3.216328030744332e-05,2,2,1,1,1
897,3,13:54:54,4,0.001563721657545,280539.0,0.0019546520719313,0.001563721657545,8.358672128699274e-06,0.0007818608287726,1.9600312190676768e-05,0.0,4.769260959099433e-05,-0.0007818608287724,3.781563884669545e-05,-0.0015637216575449,5.111947167598028e-05,0.0023455824863174,2.7069520991236444e-05,0.00312744331509,1.8729617177270597e-05,0.0039093041438624,1.936812685376845e-05,0.0046911649726348,3.216328030744332e-05,0.0054730258014072,3.9974575504381245e-05,1,1,1,1,1
898,3,13:54:57,4,0.0023455824863174,229478.0,0.0019546520719313,0.001563721657545,8.378020906774967e-06,0.0007818608287726,2.0683843762915563e-05,0.0,4.769260959099433e-05,-0.0007818608287724,3.781563884669545e-05,-0.0015637216575449,5.111947167598028e-05,0.0023455824863174,2.401241405527699e-05,0.00312744331509,1.8729617177270597e-05,0.0039093041438624,1.936812685376845e-05,0.0046911649726348,3.216328030744332e-05,0.0054730258014072,3.9974575504381245e-05,1,1,1,1,1
899,3,13:55:00,4,0.001563721657545,10248.0,0.0019546520719313,0.001563721657545,8.687601355986051e-06,0.0007818608287726,2.087733154367249e-05,0.0,4.7634563256767255e-05,-0.0007818608287724,3.781563884669545e-05,-0.0015637216575449,5.111947167598028e-05,0.0023455824863174,2.29095337049625e-05,0.00312744331509,1.8729617177270597e-05,0.0039093041438624,1.936812685376845e-05,0.0046911649726348,3.612977981296034e-05,0.0054730258014072,3.9974575504381245e-05,1,1,1,1,1
900,3,13:55:03,4,0.001563721657545,12810.0,0.0019546520719313,0.001563721657545,1.5362929792100053e-05,0.0007818608287726,2.182542166938144e-05,0.0,4.734433158563186e-05,-0.0007818608287724,3.781563884669545e-05,-0.0015637216575449,5.111947167598028e-05,0.0023455824863174,2.29095337049625e-05,0.00312744331509,1.8729617177270597e-05,0.0039093041438624,1.936812685376845e-05,0.0046911649726348,3.612977981296034e-05,0.0054730258014072,3.9974575504381245e-05,1,1,1,1,1
901,3,13:55:06,4,0.0023455824863174,193581.0,0.0019546520719313,0.001563721657545,1.588534680014376e-05,0.0007818608287726,2.387639214540487e-05,0.0,4.734433158563186e-05,-0.0007818608287724,3.781563884669545e-05,-0.0015637216575449,5.024877666257411e-05,0.0023455824863174,2.0007216993608588e-05,0.00312744331509,1.8729617177270597e-05,0.0039093041438624,1.936812685376845e-05,0.0046911649726348,3.612977981296034e-05,0.0054730258014072,3.9974575504381245e-05,1,1,1,1,1
902,3,13:55:09,4,0.0023455824863174,401262.0,0.0019546520719313,0.001563721657545,1.5924044356295145e-05,0.0007818608287726,2.387639214540487e-05,0.0,4.72475876952534e-05,-0.0007818608287724,3.7235175504424665e-05,-0.0015637216575449,5.024877666257411e-05,0.0023455824863174,1.398974701206814e-05,0.00312744331509,1.8729617177270597e-05,0.0039093041438624,1.936812685376845e-05,0.0046911649726348,3.612977981296034e-05,0.0054730258014072,3.9974575504381245e-05,1,1,1,1,1
903,3,13:55:12,4,0.001563721657545,107353.0,0.0019546520719313,0.001563721657545,1.4399360643930554e-05,0.0007818608287726,2.577257239682276e-05,0.0,4.69767048021937e-05,-0.0007818608287724,3.7235175504424665e-05,-0.0015637216575449,5.024877666257411e-05,0.0023455824863174,1.3893003121689677e-05,0.00312744331509,1.836199039383243e-05,0.0039093041438624,1.936812685376845e-05,0.0046911649726348,3.612977981296034e-05,0.0054730258014072,3.9974575504381245e-05,1,1,1,1,1
904,3,13:55:15,4,0.0023455824863174,108952.0,0.0019546520719313,0.001563721657545,1.4244570419325013e-05,0.0007818608287726,2.8945772001236373e-05,0.0,4.676386824336109e-05,-0.0007818608287724,3.7235175504424665e-05,-0.0015637216575449,5.024877666257411e-05,0.0023455824863174,1.3080354442510578e-05,0.00312744331509,1.6175578471279148e-05,0.0039093041438624,1.936812685376845e-05,0.0046911649726348,3.612977981296034e-05,0.0054730258014072,3.9974575504381245e-05,1,1,1,1,1
905,3,13:55:18,4,0.0023455824863174,316654.0,0.0019546520719313,0.001563721657545,1.4418709422006249e-05,0.0007818608287726,2.91392597819933e-05,0.0,4.635754390377153e-05,-0.0007818608287724,3.7235175504424665e-05,-0.0015637216575449,5.024877666257411e-05,0.0023455824863174,1.0874593741881605e-05,0.00312744331509,1.6175578471279148e-05,0.0039093041438624,1.942617318799553e-05,0.0046911649726348,3.612977981296034e-05,0.0054730258014072,3.9974575504381245e-05,1,0,1,1,1
906,3,13:55:21,4,0.0023455824863174,125633.0,0.0019546520719313,0.001563721657545,1.556028732847212e-05,0.0007818608287726,2.871358666432806e-05,0.0,4.881483871938452e-05,-0.0007818608287724,3.7235175504424665e-05,-0.0015637216575449,5.024877666257411e-05,0.0023455824863174,9.036459824690792e-06,0.00312744331509,1.6175578471279148e-05,0.0039093041438624,1.942617318799553e-05,0.0046911649726348,3.5549316470689554e-05,0.0054730258014072,3.958759994286739e-05,1,1,1,1,1
907,3,13:55:24,4,0.001563721657545,24339.0,0.0019546520719313,0.001563721657545,1.4147826528946547e-05,0.0007818608287726,2.8849028110857908e-05,0.0,4.881483871938452e-05,-0.0007818608287724,3.7235175504424665e-05,-0.0015637216575449,5.024877666257411e-05,0.0023455824863174,9.036459824690792e-06,0.00312744331509,1.6756041813549934e-05,0.0039093041438624,1.942617318799553e-05,0.0046911649726348,3.667154559907974e-05,0.0054730258014072,3.958759994286739e-05,1,2,1,1,1
908,3,13:55:27,4,0.001563721657545,140980.0,0.0019546520719313,0.001563721657545,1.3509316852448686e-05,0.0007818608287726,2.641108207332062e-05,0.0,4.881483871938452e-05,-0.0007818608287724,3.7235175504424665e-05,-0.0015637216575449,5.024877666257411e-05,0.0023455824863174,8.668833041252628e-06,0.00312744331509,1.6756041813549934e-05,0.0039093041438624,1.942617318799553e-05,0.0046911649726348,3.667154559907974e-05,0.0054730258014072,3.958759994286739e-05,1,2,1,1,1
909,3,13:55:30,4,0.0023455824863174,110252.0,0.0019546520719313,0.001563721657545,1.3509316852448686e-05,0.0007818608287726,2.641108207332062e-05,0.0,5.074971652695379e-05,-0.0007818608287724,3.7235175504424665e-05,-0.0015637216575449,5.024877666257411e-05,0.0023455824863174,1.2577286212542566e-05,0.00312744331509,1.694952959430686e-05,0.0039093041438624,1.942617318799553e-05,0.0046911649726348,3.57041066952951e-05,0.0054730258014072,3.958759994286739e-05,1,2,1,1,1
910,3,13:55:33,4,0.0023455824863174,614889.0,0.0019546520719313,0.001563721657545,4.5895301595543234e-06,0.0007818608287726,2.6082152846033843e-05,0.0,5.094320430771072e-05,-0.0007818608287724,3.7235175504424665e-05,-0.0015637216575449,5.024877666257411e-05,0.0023455824863174,1.2403147209861332e-05,0.00312744331509,1.694952959430686e-05,0.0039093041438624,1.942617318799553e-05,0.0046911649726348,3.62265237033388e-05,0.0054730258014072,3.958759994286739e-05,0,2,1,1,1
911,3,13:55:36,4,0.001563721657545,164081.0,0.0019546520719313,0.001563721657545,4.49278626917586e-06,0.0007818608287726,3.198353015912014e-05,0.0,5.094320430771072e-05,-0.0007818608287724,3.7235175504424665e-05,-0.0015637216575449,5.024877666257411e-05,0.0023455824863174,1.0216735287308049e-05,0.00312744331509,5.584057352644932e-05,0.0039093041438624,1.942617318799553e-05,0.0046911649726348,3.62265237033388e-05,0.0054730258014072,3.958759994286739e-05,1,2,1,1,1
912,3,13:55:39,4,0.001563721657545,224329.0,0.0019546520719313,0.001563721657545,4.860413052614022e-06,0.0007818608287726,3.585328577425869e-05,0.0,5.094320430771072e-05,-0.0007818608287724,3.530029769685539e-05,-0.0015637216575449,5.024877666257411e-05,0.0023455824863174,7.237023463651364e-06,0.00312744331509,5.622754908796317e-05,0.0039093041438624,1.942617318799553e-05,0.0046911649726348,3.642001148409573e-05,0.0054730258014072,3.958759994286739e-05,2,2,0,1,1
913,3,13:55:42,4,0.0023455824863174,284574.0,0.0019546520719313,0.001563721657545,4.279949710343239e-06,0.0007818608287726,3.598872722078854e-05,0.0,5.094320430771072e-05,-0.0007818608287724,3.530029769685539e-05,-0.0015637216575449,5.024877666257411e-05,0.0023455824863174,3.715545853875281e-06,0.00312744331509,5.622754908796317e-05,0.0039093041438624,1.942617318799553e-05,0.0046911649726348,3.642001148409573e-05,0.0054730258014072,3.958759994286739e-05,2,2,0,1,1
914,3,13:55:45,4,0.0023455824863174,829685.0,0.001563721657545,0.0007818608287726,2.8214388189975188e-05,0.0,5.10012506419378e-05,-0.0007818608287724,3.530029769685539e-05,-0.0015637216575449,5.024877666257411e-05,-0.0023455824863173,2.149649244209466e-05,0.0023455824863174,3.676848297723896e-06,0.00312744331509,5.622754908796317e-05,0.0039093041438624,1.942617318799553e-05,0.0046911649726348,3.642001148409573e-05,0.0054730258014072,3.958759994286739e-05,2,1,1,1,1
915,3,13:55:48,4,0.001563721657545,32030.0,0.0011727912431587,0.0007818608287726,2.8620712529564736e-05,0.0,5.216217732647936e-05,-0.0007818608287724,3.530029769685539e-05,-0.0015637216575449,5.024877666257411e-05,-0.0023455824863173,2.149649244209466e-05,0.001563721657545,5.8046334227078287e-08,0.0023455824863174,4.54754331113007e-06,0.00312744331509,5.622754908796317e-05,0.0039093041438624,1.942617318799553e-05,0.0046911649726348,3.680698704560959e-05,2,2,1,1,1
916,3,13:55:51,4,0.0023455824863174,149991.0,0.0019546520719313,0.001563721657545,6.772072326492467e-07,0.0007818608287726,2.982033677025769e-05,0.0,5.216217732647936e-05,-0.0007818608287724,3.530029769685539e-05,-0.0015637216575449,5.024877666257411e-05,0.0023455824863174,1.4710875970949208e-06,0.00312744331509,5.613080519758471e-05,0.0039093041438624,1.942617318799553e-05,0.0046911649726348,3.680698704560959e-05,0.0054730258014072,3.958759994286739e-05,2,1,1,1,1
917,3,13:55:54,4,0.0023455824863174,105163.0,0.0027365129007037,0.0023455824863174,8.31416993912518e-07,0.001563721657545,6.772072326492467e-07,0.0007818608287726,3.7656591890913255e-05,0.0,4.7462552619674346e-05,-0.0007818608287724,3.4410253905373524e-05,0.00312744331509,5.624689786603886e-05,0.0039093041438624,1.942617318799553e-05,0.0046911649726348,3.680698704560959e-05,0.0054730258014072,3.958759994286739e-05,0.0062548866301799,3.5946159909022016e-05,1,0,0,1,1
918,3,13:55:57,4,0.00312744331509,277092.0,0.0027365129007037,0.0023455824863174,5.024877666257411e-07,0.001563721657545,2.0509704760234327e-06,0.0007818608287726,3.471557762340796e-05,0.0,4.7462552619674346e-05,-0.0007818608287724,3.382979056310274e-05,0.00312744331509,5.276411781241417e-05,0.0039093041438624,1.942617318799553e-05,0.0046911649726348,3.680698704560959e-05,0.0054730258014072,3.958759994286739e-05,0.0062548866301799,3.5946159909022016e-05,1,1,1,1,1
919,3,13:56:00,4,0.0023455824863174,225784.0,0.0027365129007037,0.0023455824863174,7.661535654632063e-06,0.001563721657545,3.3086410509434626e-06,0.0007818608287726,2.906573442530567e-05,0.0,4.7462552619674346e-05,-0.0007818608287724,3.398458078770828e-05,0.00312744331509,4.982310354490887e-05,0.0039093041438624,1.942617318799553e-05,0.0046911649726348,3.680698704560959e-05,0.0054730258014072,3.958759994286739e-05,0.0062548866301799,3.5946159909022016e-05,0,1,0,1,1
920,3,13:56:03,4,0.0023455824863174,435912.0,0.0027365129007037,0.0023455824863174,1.8762510099999277e-06,0.001563721657545,1.4550281112920956e-05,0.0007818608287726,2.920117587183552e-05,0.0,4.7462552619674346e-05,-0.0007818608287724,3.398458078770828e-05,0.00312744331509,4.9203942646486696e-05,0.0039093041438624,1.942617318799553e-05,0.0046911649726348,3.680698704560959e-05,0.0054730258014072,3.958759994286739e-05,0.0062548866301799,3.5946159909022016e-05,0,1,0,1,1
921,3,13:56:06,4,0.00312744331509,289915.0,0.0027365129007037,0.0023455824863174,1.082951108896524e-06,0.001563721657545,1.5014651786737584e-05,0.0007818608287726,3.0400800112528468e-05,0.0,4.7462552619674346e-05,-0.0007818608287724,3.398458078770828e-05,0.00312744331509,4.566311625863492e-05,0.0039093041438624,1.942617318799553e-05,0.0046911649726348,3.680698704560959e-05,0.0054730258014072,3.958759994286739e-05,0.0062548866301799,3.5946159909022016e-05,0,1,1,1,1
922,3,13:56:09,4,0.00312744331509,488823.0,0.0027365129007037,0.0023455824863174,1.721460785394385e-06,0.001563721657545,1.5304883457872977e-05,0.0007818608287726,3.0594287893285395e-05,0.0,4.7462552619674346e-05,-0.0007818608287724,3.398458078770828e-05,0.00312744331509,3.815579036526613e-05,0.0039093041438624,1.9232685407238606e-05,0.0046911649726348,3.512364335302431e-05,0.0054730258014072,3.958759994286739e-05,0.0062548866301799,3.5946159909022016e-05,0,0,0,1,1
923,3,13:56:12,4,0.0023455824863174,64115.0,0.0027365129007037,0.0023455824863174,1.4312291142589936e-06,0.001563721657545,1.6543205254717313e-05,0.0007818608287726,3.061363667136109e-05,0.0,4.9397430427243626e-05,-0.0007818608287724,3.398458078770828e-05,0.00312744331509,3.786555869413074e-05,0.0039093041438624,1.9232685407238606e-05,0.0046911649726348,3.502689946264585e-05,0.0054730258014072,3.958759994286739e-05,0.0062548866301799,3.5946159909022016e-05,1,0,1,1,1
924,3,13:56:15,4,0.0023455824863174,121751.0,0.0019546520719313,0.001563721657545,1.6543205254717313e-05,0.0007818608287726,3.103930978902633e-05,0.0,4.9397430427243626e-05,-0.0007818608287724,3.398458078770828e-05,-0.0015637216575449,5.024877666257411e-05,0.0023455824863174,1.0448920624216362e-05,0.00312744331509,3.8001000140660586e-05,0.0039093041438624,1.9232685407238606e-05,0.0046911649726348,3.502689946264585e-05,0.0054730258014072,3.958759994286739e-05,2,0,1,1,1
925,3,13:56:18,4,0.0023455824863174,0.0,0.0019546520719313,0.001563721657545,1.8052409944621343e-05,0.0007818608287726,3.103930978902633e-05,0.0,4.9397430427243626e-05,-0.0007818608287724,3.398458078770828e-05,-0.0015637216575449,5.024877666257411e-05,0.0023455824863174,1.064240840497329e-05,0.00312744331509,3.8001000140660586e-05,0.0039093041438624,1.9232685407238606e-05,0.0046911649726348,3.502689946264585e-05,0.0054730258014072,3.958759994286739e-05,2,0,1,1,1
926,3,13:56:21,4,0.0023455824863174,198710.0,0.0019546520719313,0.001563721657545,2.339267269351255e-05,0.0007818608287726,3.103930978902633e-05,0.0,4.941677920531932e-05,-0.0007818608287724,3.398458078770828e-05,-0.0015637216575449,5.024877666257411e-05,0.0023455824863174,9.055808602766485e-06,0.00312744331509,3.8001000140660586e-05,0.0039093041438624,1.9232685407238606e-05,0.0046911649726348,3.502689946264585e-05,0.0054730258014072,3.958759994286739e-05,2,0,1,1,1
927,3,13:56:24,4,0.00312744331509,880953.0,0.0019546520719313,0.001563721657545,2.345071902773963e-05,0.0007818608287726,3.1368239016313105e-05,0.0,4.955222065184917e-05,-0.0007818608287724,3.398458078770828e-05,-0.0015637216575449,5.024877666257411e-05,0.0023455824863174,6.191608984221684e-07,0.00312744331509,3.376419820542614e-05,0.0039093041438624,2.0200124311023243e-05,0.0046911649726348,3.4639923901132e-05,0.0054730258014072,3.958759994286739e-05,0,1,1,1,1
928,3,13:56:27,4,0.0023455824863174,61535.0,0.0027365129007037,0.0023455824863174,3.115153270186535e-06,0.001563721657545,2.397313603578333e-05,0.0007818608287726,3.144563412861588e-05,0.0,4.955222065184917e-05,-0.0007818608287724,3.272691021278825e-05,0.00312744331509,3.376419820542614e-05,0.0039093041438624,2.0200124311023243e-05,0.0046911649726348,3.4639923901132e-05,0.0054730258014072,3.958759994286739e-05,0.0062548866301799,3.5946159909022016e-05,0,0,1,1,1
929,3,13:56:30,4,0.00312744331509,170535.0,0.0027365129007037,0.0023455824863174,1.4318095776012643e-06,0.001563721657545,2.472773838073535e-05,0.0007818608287726,2.842722474880781e-05,0.0,4.955222065184917e-05,-0.0007818608287724,3.272691021278825e-05,0.00312744331509,3.3203083641231054e-05,0.0039093041438624,2.0200124311023243e-05,0.0046911649726348,3.4639923901132e-05,0.0054730258014072,3.958759994286739e-05,0.0062548866301799,3.5946159909022016e-05,0,0,1,1,1
930,3,13:56:33,4,0.0023455824863174,110282.0,0.0027365129007037,0.0023455824863174,1.1319035174280268e-05,0.001563721657545,2.801703065360312e-05,0.0007818608287726,2.842722474880781e-05,0.0,4.955222065184917e-05,-0.0007818608287724,3.272691021278825e-05,0.00312744331509,3.262262029896027e-05,0.0039093041438624,2.0200124311023243e-05,0.0046911649726348,3.4639923901132e-05,0.0054730258014072,3.981978527977571e-05,0.0062548866301799,3.5946159909022016e-05,0,0,1,1,1
931,3,13:56:36,4,0.00312744331509,106439.0,0.0027365129007037,0.0023455824863174,1.1744708291945507e-05,0.001563721657545,2.641108207332062e-05,0.0007818608287726,2.842722474880781e-05,0.0,4.980375476683317e-05,-0.0007818608287724,3.282365410316672e-05,0.00312744331509,3.208085451284087e-05,0.0039093041438624,2.0200124311023243e-05,0.0046911649726348,3.4639923901132e-05,0.0054730258014072,3.981978527977571e-05,0.0062548866301799,3.5946159909022016e-05,0,0,1,1,1
932,3,13:56:39,4,0.0007818608287726,4782950.0,0.0003909304143863,0.0,4.980375476683317e-05,-0.0007818608287724,3.282365410316672e-05,-0.0015637216575449,5.024877666257411e-05,-0.0023455824863173,2.1380399773640504e-05,-0.0031274433150898,5.1390354569039976e-05,0.0007818608287726,1.331195931607662e-06,0.00312744331509,3.6473027136023125e-05,0.0039093041438624,2.010338042064478e-05,0.0046911649726348,3.4639923901132e-05,0.0054730258014072,3.981978527977571e-05,2,2,2,2,2
933,3,13:56:42,4,0.0007818608287726,66560.0,0.0003909304143863,0.0,4.980375476683317e-05,-0.0007818608287724,3.282365410316672e-05,-0.0015637216575449,5.024877666257411e-05,-0.0023455824863173,2.1380399773640504e-05,-0.0031274433150898,5.1390354569039976e-05,0.0007818608287726,3.250594716716385e-07,0.0023455824863174,4.005197061668402e-06,0.00312744331509,3.6473027136023125e-05,0.0039093041438624,2.010338042064478e-05,0.0046911649726348,3.446578489845076e-05,2,2,2,2,2
934,3,13:56:45,4,0.0,791515.0,0.0007818608287726,0.0,5.212560813591631e-05,-0.0007818608287724,3.282365410316672e-05,-0.0015637216575449,5.024877666257411e-05,-0.0023455824863173,2.1380399773640504e-05,-0.0031274433150898,5.1390354569039976e-05,0.001563721657545,2.1051470546353727e-06,0.0023455824863174,6.984908885325088e-06,0.00312744331509,3.852399761204656e-05,0.0039093041438624,2.010338042064478e-05,0.0046911649726348,3.446578489845076e-05,2,2,1,1,2
935,3,13:56:48,4,0.001563721657545,133124.0,0.0011727912431587,0.0007818608287726,7.739511230277105e-07,0.0,5.386699816272865e-05,-0.0007818608287724,3.282365410316672e-05,-0.0015637216575449,5.024877666257411e-05,-0.0023455824863173,2.1380399773640504e-05,0.001563721657545,1.834264161575674e-06,0.0023455824863174,7.062303997627858e-06,0.00312744331509,3.852399761204656e-05,0.0039093041438624,2.010338042064478e-05,0.0046911649726348,3.0499285392933743e-05,1,2,1,1,2
936,3,13:56:51,4,0.0007818608287726,790937.0,0.0011727912431587,0.0007818608287726,1.625297358358192e-06,0.0,5.425397372424251e-05,-0.0007818608287724,3.282365410316672e-05,-0.0015637216575449,4.9339384093016544e-05,-0.0023455824863173,2.1380399773640504e-05,0.001563721657545,1.934877807569276e-08,0.00312744331509,3.6701342717316304e-05,0.0039093041438624,2.010338042064478e-05,0.0046911649726348,3.0499285392933743e-05,0.0054730258014072,3.981978527977571e-05,2,1,1,1,2
937,3,13:56:54,4,0.0007818608287726,57611.0,0.001563721657545,0.0007818608287726,2.225109478704668e-06,0.0,5.440876394884805e-05,-0.0007818608287724,3.282365410316672e-05,-0.0015637216575449,4.9339384093016544e-05,-0.0023455824863173,2.1380399773640504e-05,0.0023455824863174,6.191608984221684e-07,0.00312744331509,3.6701342717316304e-05,0.0039093041438624,2.000663653026632e-05,0.0046911649726348,3.0499285392933743e-05,0.0054730258014072,3.981978527977571e-05,1,1,1,1,2
938,3,13:56:57,4,0.00312744331509,229606.0,0.0019546520719313,0.001563721657545,1.1609266845415657e-07,0.0007818608287726,4.2760799547281006e-06,0.0,5.440876394884805e-05,-0.0007818608287724,3.272691021278825e-05,-0.0015637216575449,4.9339384093016544e-05,0.0023455824863174,3.869755615138553e-07,0.00312744331509,3.5288881917790734e-05,0.0039093041438624,2.000663653026632e-05,0.0046911649726348,3.0499285392933743e-05,0.0054730258014072,3.951020483056462e-05,1,1,1,1,2
939,3,13:57:00,4,0.0007818608287726,319335.0,0.001563721657545,0.0007818608287726,3.8117092809114736e-06,0.0,5.433136883654528e-05,-0.0007818608287724,3.272691021278825e-05,-0.0015637216575449,4.9339384093016544e-05,-0.0023455824863173,2.1380399773640504e-05,0.0023455824863174,2.9023167113539144e-07,0.00312744331509,3.16319628614848e-05,0.0039093041438624,2.000663653026632e-05,0.0046911649726348,3.0499285392933743e-05,0.0054730258014072,3.951020483056462e-05,1,1,1,2,2
940,3,13:57:03,4,0.0007818608287726,98590.0,0.001563721657545,0.0007818608287726,3.018409379808071e-06,0.0,5.433136883654528e-05,-0.0007818608287724,3.2339934651274395e-05,-0.0015637216575449,4.9339384093016544e-05,-0.0023455824863173,2.1380399773640504e-05,0.0023455824863174,2.9023167113539144e-07,0.00312744331509,3.16319628614848e-05,0.0039093041438624,2.000663653026632e-05,0.0046911649726348,3.069277317369067e-05,0.0054730258014072,3.951020483056462e-05,1,1,1,2,2
941,3,13:57:06,4,0.0023455824863174,65378.0,0.0019546520719313,0.001563721657545,3.869755615138552e-08,0.0007818608287726,9.055228139424213e-06,0.0,5.597601497297916e-05,-0.0007818608287724,3.2339934651274395e-05,-0.0015637216575449,4.9339384093016544e-05,0.0023455824863174,3.947150727441323e-06,0.00312744331509,3.134173119034941e-05,0.0039093041438624,2.000663653026632e-05,0.0046911649726348,3.069277317369067e-05,0.0054730258014072,3.980043650170001e-05,0,1,1,1,2
942,3,13:57:09,4,0.0023455824863174,522972.0,0.001563721657545,0.0007818608287726,8.648903799834665e-06,0.0,5.597601497297916e-05,-0.0007818608287724,3.2339934651274395e-05,-0.0015637216575449,4.9339384093016544e-05,-0.0023455824863173,2.1380399773640504e-05,0.0023455824863174,8.455416019077737e-06,0.00312744331509,4.0435656885925e-05,0.0039093041438624,2.000663653026632e-05,0.0046911649726348,3.069277317369067e-05,0.0054730258014072,3.980043650170001e-05,1,1,1,2,2
943,3,13:57:12,4,0.001563721657545,2561.0,0.0019546520719313,0.001563721657545,2.128365588326204e-07,0.0007818608287726,8.648903799834665e-06,0.0,5.804633422707829e-05,-0.0007818608287724,3.2339934651274395e-05,-0.0015637216575449,4.9339384093016544e-05,0.0023455824863174,8.842391580591592e-06,0.00312744331509,4.0435656885925e-05,0.0039093041438624,2.1941514337835596e-05,0.0046911649726348,3.166021207747531e-05,0.0054730258014072,3.980043650170001e-05,1,1,1,1,2
944,3,13:57:15,4,0.0023455824863174,23066.0,0.0019546520719313,0.001563721657545,5.8046334227078287e-08,0.0007818608287726,1.2518659414973217e-05,0.0,5.804633422707829e-05,-0.0007818608287724,3.2339934651274395e-05,-0.0015637216575449,4.9339384093016544e-05,0.0023455824863174,9.326111032483912e-06,0.00312744331509,3.718506216920862e-05,0.0039093041438624,2.1941514337835596e-05,0.0046911649726348,3.166021207747531e-05,0.0054730258014072,3.980043650170001e-05,1,0,1,1,2
945,3,13:57:18,4,0.0007818608287726,5123.0,0.0019546520719313,0.001563721657545,7.739511230277106e-08,0.0007818608287726,1.3853725102196018e-05,0.0,5.804633422707829e-05,-0.0007818608287724,3.2339934651274395e-05,-0.0015637216575449,4.9339384093016544e-05,0.0023455824863174,9.51959881324084e-06,0.00312744331509,4.074523733513609e-05,0.0039093041438624,2.1941514337835596e-05,0.0046911649726348,3.175695596785377e-05,0.0054730258014072,3.980043650170001e-05,1,0,1,1,2
946,3,13:57:21,4,0.001563721657545,11532.0,0.0011727912431587,0.0007818608287726,1.3911771436423096e-05,0.0,5.705954654521796e-05,-0.0007818608287724,3.2339934651274395e-05,-0.0015637216575449,4.9339384093016544e-05,-0.0023455824863173,2.1380399773640504e-05,0.001563721657545,3.095804492110842e-07,0.0023455824863174,9.538947591316533e-06,0.00312744331509,4.482782950910727e-05,0.0039093041438624,2.213500211859252e-05,0.0046911649726348,3.340160210428766e-05,2,1,1,2,2
947,3,13:57:24,4,0.0023455824863174,34598.0,0.0019546520719313,0.001563721657545,9.65504025977069e-06,0.0007818608287726,1.4124607995255716e-05,0.0,5.7253034325974885e-05,-0.0007818608287724,3.2339934651274395e-05,-0.0015637216575449,4.8797618306897145e-05,0.0023455824863174,9.326111032483912e-06,0.00312744331509,4.488587584333434e-05,0.0039093041438624,2.213500211859252e-05,0.0046911649726348,3.446578489845076e-05,0.0054730258014072,3.980043650170001e-05,1,1,1,1,2
948,3,13:57:27,4,0.001563721657545,25620.0,0.0019546520719313,0.001563721657545,1.1377081508507344e-05,0.0007818608287726,1.6639949145095775e-05,0.0,5.568578330184377e-05,-0.0007818608287724,3.2339934651274395e-05,-0.0015637216575449,4.8797618306897145e-05,0.0023455824863174,9.51959881324084e-06,0.00312744331509,4.52728514048482e-05,0.0039093041438624,2.213500211859252e-05,0.0046911649726348,3.4659272679207686e-05,0.0054730258014072,3.980043650170001e-05,1,1,1,1,2
949,3,13:57:30,4,0.001563721657545,491906.0,0.0019546520719313,0.001563721657545,3.985848283592709e-06,0.0007818608287726,1.8013712388469963e-05,0.0,5.568578330184377e-05,-0.0007818608287724,3.2339934651274395e-05,-0.0015637216575449,4.8797618306897145e-05,0.0023455824863174,9.538947591316533e-06,0.00312744331509,4.217704691273735e-05,0.0039093041438624,2.213500211859252e-05,0.0046911649726348,3.601368714450618e-05,0.0054730258014072,3.980043650170001e-05,0,1,1,1,2
950,3,13:57:33,4,0.001563721657545,0.0,0.0019546520719313,0.001563721657545,3.985848283592709e-06,0.0007818608287726,1.8903756179951828e-05,0.0,5.572448085799516e-05,-0.0007818608287724,3.241732976357717e-05,-0.0015637216575449,4.8797618306897145e-05,0.0023455824863174,9.925923152830387e-06,0.00312744331509,4.217704691273735e-05,0.0039093041438624,2.213500211859252e-05,0.0046911649726348,3.669089437715543e-05,0.0054730258014072,3.980043650170001e-05,0,1,1,1,2
951,3,13:57:36,4,0.0023455824863174,29465.0,0.0019546520719313,0.001563721657545,5.1467749681342745e-06,0.0007818608287726,2.163193388862451e-05,0.0,5.572448085799516e-05,-0.0007818608287724,3.241732976357717e-05,-0.0015637216575449,4.8797618306897145e-05,0.0023455824863174,9.887225596679e-06,0.00312744331509,4.217704691273735e-05,0.0039093041438624,2.213500211859252e-05,0.0046911649726348,3.678763826753389e-05,0.0054730258014072,3.980043650170001e-05,0,1,1,2,2
952,3,13:57:39,4,0.001563721657545,19215.0,0.0019546520719313,0.001563721657545,4.8565432969988834e-06,0.0007818608287726,2.130300466133773e-05,0.0,5.6072758863357625e-05,-0.0007818608287724,3.241732976357717e-05,-0.0015637216575449,4.8797618306897145e-05,0.0023455824863174,9.887225596679e-06,0.00312744331509,4.237053469349428e-05,0.0039093041438624,2.213500211859252e-05,0.0046911649726348,3.678763826753389e-05,0.0054730258014072,3.995522672630556e-05,1,1,1,2,2
953,3,13:57:42,4,0.001563721657545,121780.0,0.0019546520719313,0.001563721657545,4.75979940662042e-06,0.0007818608287726,2.13997485517162e-05,0.0,6.383161887171042e-05,-0.0007818608287724,3.241732976357717e-05,-0.0015637216575449,4.8797618306897145e-05,0.0023455824863174,8.668252577910358e-06,0.00312744331509,3.881035952756681e-05,0.0039093041438624,2.213500211859252e-05,0.0046911649726348,3.678763826753389e-05,0.0054730258014072,3.995522672630556e-05,1,1,1,2,2
954,3,13:57:45,4,0.001563721657545,938488.0,0.0011727912431587,0.0007818608287726,1.2209078965762133e-05,0.0,6.387031642786181e-05,-0.0007818608287724,3.241732976357717e-05,-0.0015637216575449,4.8797618306897145e-05,-0.0023455824863173,2.109016810250511e-05,0.001563721657545,1.9348778075692766e-07,0.0023455824863174,8.764996468288822e-06,0.00312744331509,3.881035952756681e-05,0.0039093041438624,2.213500211859252e-05,0.0046911649726348,3.678763826753389e-05,2,1,1,2,2
955,3,13:57:48,4,0.001563721657545,16653.0,0.0011727912431587,0.0007818608287726,1.2092986297307976e-05,0.0,6.441208221398121e-05,-0.0007818608287724,3.241732976357717e-05,-0.0015637216575449,4.8797618306897145e-05,-0.0023455824863173,2.109016810250511e-05,0.001563721657545,6.578584545735539e-07,0.0023455824863174,1.0351596270495628e-05,0.00312744331509,3.881035952756681e-05,0.0039093041438624,2.205760700628975e-05,0.0046911649726348,3.678763826753389e-05,2,2,1,2,2
956,3,13:57:51,4,0.001563721657545,225456.0,0.0011727912431587,0.0007818608287726,1.3892422658347405e-05,0.0,6.441208221398121e-05,-0.0007818608287724,3.241732976357717e-05,-0.0015637216575449,4.8797618306897145e-05,-0.0023455824863173,2.120626077095927e-05,0.001563721657545,3.540826387851776e-06,0.0023455824863174,1.04289913827984e-05,0.00312744331509,3.848143030028004e-05,0.0039093041438624,2.0122729198720478e-05,0.0046911649726348,3.678763826753389e-05,2,2,1,2,2
957,3,13:57:54,4,0.001563721657545,234423.0,0.0019546520719313,0.001563721657545,3.2892922728677695e-07,0.0007818608287726,1.6117532137052072e-05,0.0,6.499254555625199e-05,-0.0007818608287724,3.2223841982820244e-05,-0.0015637216575449,4.8797618306897145e-05,0.0023455824863174,1.04289913827984e-05,0.00312744331509,4.0416308107849313e-05,0.0039093041438624,2.0122729198720478e-05,0.0046911649726348,3.669089437715543e-05,0.0054730258014072,4.06324339589548e-05,1,1,1,2,1
958,3,13:57:57,4,0.0023455824863174,269177.0,0.0019546520719313,0.001563721657545,3.869755615138553e-07,0.0007818608287726,1.4182654329482796e-05,0.0,6.508928944663045e-05,-0.0007818608287724,3.415871979038952e-05,-0.0015637216575449,4.8797618306897145e-05,0.0023455824863174,7.546023449520177e-06,0.00312744331509,4.119025923087702e-05,0.0039093041438624,2.0122729198720478e-05,0.0046911649726348,3.688438215791236e-05,0.0054730258014072,4.06324339589548e-05,1,1,1,2,1
959,3,13:58:00,4,0.0023455824863174,30768.0,0.0019546520719313,0.001563721657545,3.869755615138553e-07,0.0007818608287726,1.456962989099665e-05,0.0,6.518603333700892e-05,-0.0007818608287724,3.415871979038952e-05,-0.0015637216575449,4.8797618306897145e-05,0.0023455824863174,7.081652775703551e-06,0.00312744331509,4.119025923087702e-05,0.0039093041438624,2.0122729198720478e-05,0.0046911649726348,3.688438215791236e-05,0.0054730258014072,4.06324339589548e-05,0,1,1,2,1
960,3,13:58:03,4,0.0023455824863174,148702.0,0.0019546520719313,0.001563721657545,1.0835315722387947e-06,0.0007818608287726,1.5014651786737584e-05,0.0,6.522473089316031e-05,-0.0007818608287724,3.415871979038952e-05,-0.0015637216575449,4.8797618306897145e-05,0.0023455824863174,5.030682299680119e-06,0.00312744331509,4.153853723623949e-05,0.0039093041438624,2.0122729198720478e-05,0.0046911649726348,3.688438215791236e-05,0.0054730258014072,4.06324339589548e-05,1,1,1,2,1
961,3,13:58:06,4,0.0023455824863174,106356.0,0.0019546520719313,0.001563721657545,2.824921599051144e-06,0.0007818608287726,1.5014651786737584e-05,0.0,6.766267693069759e-05,-0.0007818608287724,3.415871979038952e-05,-0.0015637216575449,4.889436219727561e-05,0.0023455824863174,4.450218957409336e-06,0.00312744331509,4.353146137803585e-05,0.0039093041438624,2.0122729198720478e-05,0.0046911649726348,3.688438215791236e-05,0.0054730258014072,4.06324339589548e-05,1,1,1,2,1
962,3,13:58:09,4,0.00312744331509,483461.0,0.0023455824863174,0.001563721657545,3.018409379808071e-06,0.0007818608287726,1.787827094194011e-05,0.0,6.766267693069759e-05,-0.0007818608287724,3.415871979038952e-05,-0.0015637216575449,4.889436219727561e-05,0.00312744331509,4.068719100090901e-05,0.0039093041438624,2.0122729198720478e-05,0.0046911649726348,3.688438215791236e-05,0.0054730258014072,4.06324339589548e-05,0.0062548866301799,3.950633507494948e-05,1,1,1,2,1
963,3,13:58:12,4,0.001563721657545,294805.0,0.0023455824863174,0.001563721657545,1.4898559118283427e-06,0.0007818608287726,1.8168502613075504e-05,0.0,6.766267693069759e-05,-0.0007818608287724,3.415871979038952e-05,-0.0015637216575449,4.889436219727561e-05,0.00312744331509,3.900384730832374e-05,0.0039093041438624,2.0122729198720478e-05,0.0046911649726348,3.688438215791236e-05,0.0054730258014072,4.06324339589548e-05,0.0062548866301799,3.950633507494948e-05,1,1,1,2,1
964,3,13:58:15,4,0.001563721657545,102482.0,0.0011727912431587,0.0007818608287726,1.8168502613075504e-05,0.0,6.766267693069759e-05,-0.0007818608287724,3.415871979038952e-05,-0.0015637216575449,4.889436219727561e-05,-0.0023455824863173,2.13997485517162e-05,0.001563721657545,4.256731176652408e-07,0.0023455824863174,5.765935866556444e-06,0.00312744331509,3.900384730832374e-05,0.0039093041438624,2.0122729198720478e-05,0.0046911649726348,3.688438215791236e-05,2,1,2,2,2
965,3,13:58:18,4,0.001563721657545,28182.0,0.0019546520719313,0.001563721657545,1.547902246055421e-07,0.0007818608287726,1.8265246503453966e-05,0.0,6.766267693069759e-05,-0.0007818608287724,3.415871979038952e-05,-0.0015637216575449,4.889436219727561e-05,0.0023455824863174,5.765935866556444e-06,0.00312744331509,3.900384730832374e-05,0.0039093041438624,2.0122729198720478e-05,0.0046911649726348,3.688438215791236e-05,0.0054730258014072,4.06324339589548e-05,1,1,1,2,1
966,3,13:58:21,4,0.0023455824863174,205110.0,0.0019546520719313,0.001563721657545,4.817845740847498e-06,0.0007818608287726,1.8168502613075504e-05,0.0,6.766267693069759e-05,-0.0007818608287724,3.415871979038952e-05,-0.0015637216575449,4.8797618306897145e-05,0.0023455824863174,2.8636191552025287e-06,0.00312744331509,3.900384730832374e-05,0.0039093041438624,2.0122729198720478e-05,0.0046911649726348,3.688438215791236e-05,0.0054730258014072,4.06324339589548e-05,1,1,1,2,1
967,3,13:58:24,4,0.001563721657545,38430.0,0.0019546520719313,0.001563721657545,4.237382398576715e-06,0.0007818608287726,2.1612585110548817e-05,0.0,7.600200028132117e-05,-0.0007818608287724,3.431351001499506e-05,-0.0015637216575449,4.8797618306897145e-05,0.0023455824863174,4.546962847787799e-06,0.00312744331509,3.913928875485359e-05,0.0039093041438624,2.0122729198720478e-05,0.0046911649726348,3.701982360444221e-05,0.0054730258014072,4.06324339589548e-05,1,1,1,2,1
968,3,13:58:27,4,0.0023455824863174,3846.0,0.0019546520719313,0.001563721657545,5.069379855831504e-06,0.0007818608287726,2.170932900092728e-05,0.0,7.582786127863994e-05,-0.0007818608287724,3.431351001499506e-05,-0.0015637216575449,4.8797618306897145e-05,0.0023455824863174,5.378960305042588e-06,0.00312744331509,3.913928875485359e-05,0.0039093041438624,2.0122729198720478e-05,0.0046911649726348,3.701982360444221e-05,0.0054730258014072,4.06324339589548e-05,1,2,1,2,1
969,3,13:58:30,4,0.0023455824863174,19218.0,0.0019546520719313,0.001563721657545,6.404445543054305e-06,0.0007818608287726,2.2018909450138365e-05,0.0,7.582786127863994e-05,-0.0007818608287724,3.431351001499506e-05,-0.0015637216575449,4.8797618306897145e-05,0.0023455824863174,5.32091397081551e-06,0.00312744331509,3.8752313193339736e-05,0.0039093041438624,2.0122729198720478e-05,0.0046911649726348,3.701982360444221e-05,0.0054730258014072,4.06324339589548e-05,1,2,1,2,1
970,3,13:58:33,4,0.001563721657545,73060.0,0.0019546520719313,0.001563721657545,6.30770165267584e-06,0.0007818608287726,2.196086311591129e-05,0.0,7.576981494441285e-05,-0.0007818608287724,3.431351001499506e-05,-0.0015637216575449,4.8797618306897145e-05,0.0023455824863174,4.488916513560721e-06,0.00312744331509,3.8752313193339736e-05,0.0039093041438624,2.0064682864493395e-05,0.0046911649726348,3.701982360444221e-05,0.0054730258014072,4.06324339589548e-05,1,2,1,2,1
971,3,13:58:36,4,0.0023455824863174,125631.0,0.0019546520719313,0.001563721657545,6.578584545735539e-06,0.0007818608287726,2.196086311591129e-05,0.0,7.576981494441285e-05,-0.0007818608287724,3.431351001499506e-05,-0.0015637216575449,4.8797618306897145e-05,0.0023455824863174,2.689480152521294e-06,0.00312744331509,3.8752313193339736e-05,0.0039093041438624,2.0064682864493395e-05,0.0046911649726348,3.73100552755776e-05,0.0054730258014072,4.06324339589548e-05,1,2,2,2,1
972,3,13:58:39,4,0.001563721657545,39712.0,0.0019546520719313,0.001563721657545,6.191608984221684e-06,0.0007818608287726,3.357012996132694e-05,0.0,7.441540047911436e-05,-0.0007818608287724,3.431351001499506e-05,-0.0015637216575449,4.8797618306897145e-05,0.0023455824863174,2.6701313744456013e-06,0.00312744331509,3.8752313193339736e-05,0.0039093041438624,2.0064682864493395e-05,0.0046911649726348,3.73100552755776e-05,0.0054730258014072,4.06324339589548e-05,1,2,2,2,1
973,3,13:58:42,4,0.001563721657545,67933.0,0.0019546520719313,0.001563721657545,5.998121203464756e-06,0.0007818608287726,3.4227988415900494e-05,0.0,7.547958327327747e-05,-0.0007818608287724,3.431351001499506e-05,-0.0015637216575449,4.8797618306897145e-05,0.0023455824863174,1.8961802514178909e-06,0.00312744331509,3.768813039917664e-05,0.0039093041438624,2.0064682864493395e-05,0.0046911649726348,3.73100552755776e-05,0.0054730258014072,4.06324339589548e-05,2,2,2,2,1
974,3,13:58:45,4,0.0023455824863174,832320.0,0.001563721657545,0.0007818608287726,2.8055728209754506e-05,0.0,7.547958327327747e-05,-0.0007818608287724,3.431351001499506e-05,-0.0015637216575449,4.8797618306897145e-05,-0.0023455824863173,2.1593236332473124e-05,0.0023455824863174,1.799436361039427e-06,0.00312744331509,3.768813039917664e-05,0.0039093041438624,2.0064682864493395e-05,0.0046911649726348,3.73100552755776e-05,0.0054730258014072,4.06324339589548e-05,2,2,2,2,1
975,3,13:58:48,4,0.0023455824863174,16660.0,0.0019546520719313,0.001563721657545,6.191608984221684e-07,0.0007818608287726,2.8210518434360047e-05,0.0,7.547958327327747e-05,-0.0007818608287724,3.431351001499506e-05,-0.0015637216575449,4.8797618306897145e-05,0.0023455824863174,5.591796863875208e-06,0.00312744331509,3.7765525511479407e-05,0.0039093041438624,2.0064682864493395e-05,0.0046911649726348,3.73100552755776e-05,0.0054730258014072,4.06324339589548e-05,2,2,2,1,1
976,3,13:58:51,4,0.0023455824863174,214094.0,0.0019546520719313,0.001563721657545,6.191608984221684e-07,0.0007818608287726,2.9023167113539146e-05,0.0,7.547958327327747e-05,-0.0007818608287724,3.431351001499506e-05,-0.0015637216575449,4.8797618306897145e-05,0.0023455824863174,2.360550925234517e-06,0.00312744331509,3.7765525511479407e-05,0.0039093041438624,2.0064682864493395e-05,0.0046911649726348,3.736810160980468e-05,0.0054730258014072,4.06324339589548e-05,2,2,2,1,1
977,3,13:58:54,4,0.001563721657545,220486.0,0.0019546520719313,0.001563721657545,2.708828930596987e-07,0.0007818608287726,3.037758157883764e-05,0.0,7.547958327327747e-05,-0.0007818608287724,3.431351001499506e-05,-0.0015637216575449,4.8797618306897145e-05,0.0023455824863174,1.3737632433741862e-06,0.00312744331509,3.7784874289555096e-05,0.0039093041438624,2.0064682864493395e-05,0.0046911649726348,3.736810160980468e-05,0.0054730258014072,5.746587088480751e-05,2,2,2,1,1
978,3,13:58:57,4,0.00312744331509,913880.0,0.0027365129007037,0.0023455824863174,1.064182794163102e-05,0.001563721657545,2.016142675487186e-05,0.0007818608287726,3.018409379808071e-05,0.0,7.549893205135316e-05,-0.0007818608287724,3.431351001499506e-05,0.00312744331509,3.3992513786719315e-05,0.0039093041438624,2.0064682864493395e-05,0.0046911649726348,3.736810160980468e-05,0.0054730258014072,5.746587088480751e-05,0.0062548866301799,3.940959118457102e-05,1,1,1,1,1
979,3,13:59:00,4,0.0023455824863174,103846.0,0.0027365129007037,0.0023455824863174,9.345459810559604e-06,0.001563721657545,2.455359937805412e-05,0.0007818608287726,3.031953524461056e-05,0.0,7.549893205135316e-05,-0.0007818608287724,3.431351001499506e-05,0.00312744331509,3.391511867441654e-05,0.0039093041438624,2.0064682864493395e-05,0.0046911649726348,3.711656749482067e-05,0.0054730258014072,5.746587088480751e-05,0.0062548866301799,3.940959118457102e-05,1,1,1,1,1
980,3,13:59:03,4,0.0023455824863174,118014.0,0.0027365129007037,0.0023455824863174,3.407319819129496e-05,0.001563721657545,2.8423354993192667e-05,0.0007818608287726,3.097739369918411e-05,0.0,7.197745444157708e-05,-0.0007818608287724,3.431351001499506e-05,0.00312744331509,3.2792889546026365e-05,0.0039093041438624,2.0064682864493395e-05,0.0046911649726348,3.711656749482067e-05,0.0054730258014072,5.746587088480751e-05,0.0062548866301799,3.940959118457102e-05,1,1,1,1,1
981,3,13:59:06,4,0.00312744331509,98790.0,0.0027365129007037,0.0023455824863174,3.405384941321926e-05,0.001563721657545,2.8423354993192667e-05,0.0007818608287726,3.10160912553355e-05,0.0,7.249987144962078e-05,-0.0007818608287724,3.431351001499506e-05,0.00312744331509,3.141912630265218e-05,0.0039093041438624,2.0064682864493395e-05,0.0046911649726348,3.711656749482067e-05,0.0054730258014072,5.746587088480751e-05,0.0062548866301799,3.940959118457102e-05,1,2,1,1,1
982,3,13:59:09,4,0.00312744331509,415682.0,0.0027365129007037,0.0023455824863174,3.428603475012758e-05,0.001563721657545,2.455359937805412e-05,0.0007818608287726,3.10160912553355e-05,0.0,7.249987144962078e-05,-0.0007818608287724,3.437155634922214e-05,0.00312744331509,2.532426120880896e-05,0.0039093041438624,2.0064682864493395e-05,0.0046911649726348,3.643936026217142e-05,0.0054730258014072,5.746587088480751e-05,0.0062548866301799,3.940959118457102e-05,1,2,1,1,1
983,3,13:59:12,4,0.00312744331509,341224.0,0.0027365129007037,0.0023455824863174,3.382166407631095e-05,0.001563721657545,2.523080661070336e-05,0.0007818608287726,3.2680086169845075e-05,0.0,7.249987144962078e-05,-0.0007818608287724,3.437155634922214e-05,0.00312744331509,2.1338412925216248e-05,0.0039093041438624,2.0064682864493395e-05,0.0046911649726348,3.6594150486776966e-05,0.0054730258014072,5.746587088480751e-05,0.0062548866301799,3.940959118457102e-05,1,2,1,1,1
984,3,13:59:15,4,0.00312744331509,59018.0,0.0027365129007037,0.0023455824863174,3.403450063514357e-05,0.001563721657545,2.0084031642569088e-05,0.0007818608287726,3.2680086169845075e-05,0.0,7.249987144962078e-05,-0.0007818608287724,3.437155634922214e-05,0.00312744331509,2.141580803751902e-05,0.0039093041438624,2.0064682864493395e-05,0.0046911649726348,3.6594150486776966e-05,0.0054730258014072,5.746587088480751e-05,0.0062548866301799,3.940959118457102e-05,1,2,1,1,1
985,3,13:59:18,4,0.00312744331509,33348.0,0.0027365129007037,0.0023455824863174,3.490519564854974e-05,0.001563721657545,2.0084031642569088e-05,0.0007818608287726,3.283487639445062e-05,0.0,7.249987144962078e-05,-0.0007818608287724,3.437155634922214e-05,0.00312744331509,2.110622758830793e-05,0.0039093041438624,1.983249752758508e-05,0.0046911649726348,3.669089437715543e-05,0.0054730258014072,5.746587088480751e-05,0.0062548866301799,3.940959118457102e-05,1,2,1,1,1
986,3,13:59:21,4,0.00312744331509,771083.0,0.0027365129007037,0.0023455824863174,3.490519564854974e-05,0.001563721657545,2.0084031642569088e-05,0.0007818608287726,3.283487639445062e-05,0.0,7.249987144962078e-05,-0.0007818608287724,3.437155634922214e-05,0.00312744331509,9.535658299043663e-06,0.0039093041438624,1.983249752758508e-05,0.0046911649726348,3.669089437715543e-05,0.0054730258014072,5.746587088480751e-05,0.0062548866301799,3.940959118457102e-05,2,2,1,1,1
987,3,13:59:24,4,0.00312744331509,241204.0,0.0027365129007037,0.0023455824863174,3.490519564854974e-05,0.001563721657545,2.0084031642569088e-05,0.0007818608287726,3.240920327678538e-05,0.0,7.249987144962078e-05,-0.0007818608287724,3.437155634922214e-05,0.00312744331509,5.472414903148184e-06,0.0039093041438624,1.983249752758508e-05,0.0046911649726348,3.669089437715543e-05,0.0054730258014072,5.746587088480751e-05,0.0062548866301799,3.940959118457102e-05,2,2,1,1,1
988,3,13:59:27,4,0.0023455824863174,280974.0,0.0027365129007037,0.0023455824863174,3.4847149314322666e-05,0.001563721657545,2.0084031642569088e-05,0.0007818608287726,3.240920327678538e-05,0.0,7.249987144962078e-05,-0.0007818608287724,3.437155634922214e-05,0.00312744331509,1.1064211767023392e-05,0.0039093041438624,1.983249752758508e-05,0.0046911649726348,4.05219524361426e-05,0.0054730258014072,5.746587088480751e-05,0.0062548866301799,3.940959118457102e-05,2,2,1,1,1
989,3,13:59:30,4,0.00312744331509,364368.0,0.0027365129007037,0.0023455824863174,3.571784432772884e-05,0.001563721657545,2.0084031642569088e-05,0.0007818608287726,3.07452083622758e-05,0.0,7.249987144962078e-05,-0.0007818608287724,3.437155634922214e-05,0.00312744331509,5.6852514619808045e-06,0.0039093041438624,1.983249752758508e-05,0.0046911649726348,4.05219524361426e-05,0.0054730258014072,5.746587088480751e-05,0.0062548866301799,3.940959118457102e-05,2,2,1,1,1
990,3,13:59:33,4,0.00312744331509,164224.0,0.0027365129007037,0.0023455824863174,3.571784432772884e-05,0.001563721657545,2.0084031642569088e-05,0.0007818608287726,3.07452083622758e-05,0.0,7.249987144962078e-05,-0.0007818608287724,3.437155634922214e-05,0.00312744331509,3.208607868292131e-06,0.0039093041438624,1.983249752758508e-05,0.0046911649726348,4.05219524361426e-05,0.0054730258014072,5.746587088480751e-05,0.0062548866301799,3.940959118457102e-05,2,2,1,1,1
991,3,13:59:36,4,0.0039093041438624,1376064.0,0.0035183737294763,0.00312744331509,1.7436538338472047e-05,0.0023455824863174,3.63563540042267e-05,0.001563721657545,2.0084031642569088e-05,0.0007818608287726,3.07452083622758e-05,0.0,7.249987144962078e-05,0.0039093041438624,2.9410142675053e-06,0.0046911649726348,4.096697433188353e-05,0.0054730258014072,5.746587088480751e-05,0.0062548866301799,3.940959118457102e-05,0.0070367474589523,6.139367283417314e-05,1,1,1,1,1
992,3,13:59:39,4,0.00312744331509,64150.0,0.0035183737294763,0.00312744331509,1.7010865220806806e-05,0.0023455824863174,3.654984178498363e-05,0.001563721657545,2.0084031642569088e-05,0.0007818608287726,3.07452083622758e-05,0.0,7.249987144962078e-05,0.0039093041438624,3.347338607094848e-06,0.0046911649726348,4.096697433188353e-05,0.0054730258014072,5.746587088480751e-05,0.0062548866301799,3.940959118457102e-05,0.0070367474589523,6.139367283417314e-05,1,1,1,1,1
993,3,13:59:42,4,0.00312744331509,0.0,0.0035183737294763,0.00312744331509,2.022276238137181e-05,0.0023455824863174,3.654984178498363e-05,0.001563721657545,2.0084031642569088e-05,0.0007818608287726,2.5308201723006133e-05,0.0,7.249987144962078e-05,0.0039093041438624,3.347338607094848e-06,0.0046911649726348,4.087023044150506e-05,0.0054730258014072,5.746587088480751e-05,0.0062548866301799,3.940959118457102e-05,0.0070367474589523,6.139367283417314e-05,1,1,1,1,1
994,3,13:59:45,4,0.0039093041438624,831387.0,0.0035183737294763,0.00312744331509,7.839544412928437e-06,0.0023455824863174,3.654984178498363e-05,0.001563721657545,2.0084031642569088e-05,0.0007818608287726,2.5308201723006133e-05,0.0,7.249987144962078e-05,0.0039093041438624,3.289292272867769e-06,0.0046911649726348,3.990279153772043e-05,0.0054730258014072,5.746587088480751e-05,0.0062548866301799,3.940959118457102e-05,0.0070367474589523,6.139367283417314e-05,1,1,1,0,1
995,3,13:59:48,4,0.00312744331509,228539.0,0.0035183737294763,0.00312744331509,1.772677000960744e-05,0.0023455824863174,3.654984178498363e-05,0.001563721657545,2.0084031642569088e-05,0.0007818608287726,2.59273626214283e-05,0.0,7.253856900577216e-05,0.0039093041438624,9.771132928224844e-06,0.0046911649726348,3.607173347873326e-05,0.0054730258014072,5.746587088480751e-05,0.0062548866301799,3.940959118457102e-05,0.0070367474589523,6.139367283417314e-05,1,1,1,0,1
996,3,13:59:51,4,0.00312744331509,251468.0,0.0035183737294763,0.00312744331509,1.3934409506771657e-05,0.0023455824863174,3.654984178498363e-05,0.001563721657545,2.0084031642569088e-05,0.0007818608287726,2.59273626214283e-05,0.0,7.253856900577216e-05,0.0039093041438624,1.2924983754562766e-05,0.0046911649726348,3.607173347873326e-05,0.0054730258014072,5.752391721903458e-05,0.0062548866301799,3.940959118457102e-05,0.0070367474589523,6.139367283417314e-05,1,1,1,0,1
997,3,13:59:54,4,0.0039093041438624,86028.0,0.0035183737294763,0.00312744331509,1.403115339715012e-05,0.0023455824863174,3.078390591842719e-05,0.001563721657545,2.0084031642569088e-05,0.0007818608287726,2.59273626214283e-05,0.0,7.253856900577216e-05,0.0039093041438624,1.1822103404248278e-05,0.0046911649726348,3.607173347873326e-05,0.0054730258014072,5.752391721903458e-05,0.0062548866301799,3.940959118457102e-05,0.0070367474589523,6.14904167245516e-05,1,1,1,0,1
998,3,13:59:57,4,0.0039093041438624,256800.0,0.0035183737294763,0.00312744331509,1.5888636092416625e-05,0.0023455824863174,3.078390591842719e-05,0.001563721657545,2.0084031642569088e-05,0.0007818608287726,2.612085040218523e-05,0.0,7.253856900577216e-05,0.0039093041438624,1.2015591185005204e-05,0.0046911649726348,3.5974989588354794e-05,0.0054730258014072,5.752391721903458e-05,0.0062548866301799,3.940959118457102e-05,0.0070367474589523,6.14904167245516e-05,1,1,1,1,1
999,3,14:00:00,4,0.0039093041438624,8988.0,0.0035183737294763,0.00312744331509,1.7049562776958192e-05,0.0023455824863174,3.088064980880565e-05,0.001563721657545,2.0084031642569088e-05,0.0007818608287726,2.612085040218523e-05,0.0,7.253856900577216e-05,0.0039093041438624,1.3853725102196018e-05,0.0046911649726348,3.653610415254989e-05,0.0054730258014072,5.85494024570463e-05,0.0062548866301799,3.482393078063183e-05,0.0070367474589523,6.14904167245516e-05,1,1,1,0,1
1000,3,14:00:03,4,0.0039093041438624,74472.0,0.0035183737294763,0.00312744331509,1.7049562776958192e-05,0.0023455824863174,3.088064980880565e-05,0.001563721657545,2.0084031642569088e-05,0.0007818608287726,2.9990606017323782e-05,0.0,7.253856900577216e-05,0.0039093041438624,1.2731495973805835e-05,0.0046911649726348,3.653610415254989e-05,0.0054730258014072,5.85494024570463e-05,0.0062548866301799,3.482393078063183e-05,0.0070367474589523,6.14904167245516e-05,1,1,1,0,1
1001,3,14:00:06,4,0.0039093041438624,74465.0,0.0035183737294763,0.00312744331509,1.691412133042834e-05,0.0023455824863174,3.088064980880565e-05,0.001563721657545,2.0084031642569088e-05,0.0007818608287726,3.157720581953059e-05,0.0,7.253856900577216e-05,0.0039093041438624,1.7413900268123488e-05,0.0046911649726348,3.653610415254989e-05,0.0054730258014072,5.85494024570463e-05,0.0062548866301799,3.482393078063183e-05,0.0070367474589523,6.14904167245516e-05,1,1,1,0,1
1002,3,14:00:09,4,0.0039093041438624,100128.0,0.0035183737294763,0.00312744331509,1.654649454699018e-05,0.0023455824863174,3.2467249611012455e-05,0.001563721657545,2.0084031642569088e-05,0.0007818608287726,3.1480461929152125e-05,0.0,7.253856900577216e-05,0.0039093041438624,1.6562554032793006e-05,0.0046911649726348,4.036716221153705e-05,0.0054730258014072,5.85494024570463e-05,0.0062548866301799,3.482393078063183e-05,0.0070367474589523,6.14904167245516e-05,1,1,1,0,1
1003,3,14:00:12,4,0.0039093041438624,12840.0,0.0035183737294763,0.00312744331509,1.654649454699018e-05,0.0023455824863174,3.2467249611012455e-05,0.001563721657545,2.0084031642569088e-05,0.0007818608287726,3.1480461929152125e-05,0.0,7.253856900577216e-05,0.0039093041438624,1.665929792317147e-05,0.0046911649726348,4.0309115877309975e-05,0.0054730258014072,5.85494024570463e-05,0.0062548866301799,3.478523322448045e-05,0.0070367474589523,6.14904167245516e-05,1,1,1,0,0
1004,3,14:00:15,4,0.0039093041438624,0.0,0.0035183737294763,0.00312744331509,1.733979444809358e-05,0.0023455824863174,3.2467249611012455e-05,0.001563721657545,2.0084031642569088e-05,0.0007818608287726,3.1480461929152125e-05,0.0,7.253856900577216e-05,0.0039093041438624,1.7123668596988095e-05,0.0046911649726348,4.0309115877309975e-05,0.0054730258014072,5.876223901587892e-05,0.0062548866301799,3.478523322448045e-05,0.0070367474589523,6.14904167245516e-05,1,0,1,1,0
1005,3,14:00:18,4,0.0039093041438624,0.0,0.0035183737294763,0.00312744331509,1.761067734115328e-05,0.0023455824863174,3.2467249611012455e-05,0.001563721657545,2.0084031642569088e-05,0.0007818608287726,3.132567170454658e-05,0.0,7.253856900577216e-05,0.0039093041438624,1.9019848848405983e-05,0.0046911649726348,4.0309115877309975e-05,0.0054730258014072,5.876223901587892e-05,0.0062548866301799,3.478523322448045e-05,0.0070367474589523,6.14904167245516e-05,1,0,1,1,0
1006,3,14:00:21,4,0.0039093041438624,123238.0,0.0035183737294763,0.00312744331509,1.7900909012288674e-05,0.0023455824863174,3.111283514571396e-05,0.001563721657545,2.0084031642569088e-05,0.0007818608287726,3.163525215375767e-05,0.0,7.253856900577216e-05,0.0039093041438624,1.766543438310749e-05,0.0046911649726348,4.0309115877309975e-05,0.0054730258014072,5.847200734474353e-05,0.0062548866301799,3.478523322448045e-05,0.0070367474589523,6.207088006682239e-05,1,0,1,1,0
1007,3,14:00:24,4,0.0039093041438624,89880.0,0.0035183737294763,0.00312744331509,1.7900909012288674e-05,0.0023455824863174,3.111283514571396e-05,0.001563721657545,2.0084031642569088e-05,0.0007818608287726,3.163525215375767e-05,0.0,7.43186565887359e-05,0.0039093041438624,1.6543205254717313e-05,0.0046911649726348,3.647805781832281e-05,0.0054730258014072,5.847200734474353e-05,0.0062548866301799,3.478523322448045e-05,0.0070367474589523,6.226436784757931e-05,1,0,1,1,0
1008,3,14:00:27,4,0.0039093041438624,19260.0,0.0035183737294763,0.00312744331509,2.5737164132944243e-05,0.0023455824863174,3.111283514571396e-05,0.001563721657545,2.0084031642569088e-05,0.0007818608287726,3.2235064274104145e-05,0.0,6.65597965803831e-05,0.0039093041438624,1.6446461364338848e-05,0.0046911649726348,3.657480170870127e-05,0.0054730258014072,5.847200734474353e-05,0.0062548866301799,3.354691142763611e-05,0.0070367474589523,6.226436784757931e-05,1,0,1,1,0
1009,3,14:00:30,4,0.0039093041438624,20538.0,0.0035183737294763,0.00312744331509,2.604674458215533e-05,0.0023455824863174,3.111283514571396e-05,0.001563721657545,2.0084031642569088e-05,0.0007818608287726,3.2235064274104145e-05,0.0,6.65597965803831e-05,0.0039093041438624,1.787827094194011e-05,0.0046911649726348,3.67682894894582e-05,0.0054730258014072,5.847200734474353e-05,0.0062548866301799,3.354691142763611e-05,0.0070367474589523,6.226436784757931e-05,0,0,1,1,0
1010,3,14:00:33,4,0.0039093041438624,12840.0,0.0035183737294763,0.00312744331509,2.614348847253379e-05,0.0023455824863174,3.111283514571396e-05,0.001563721657545,2.0084031642569088e-05,0.0007818608287726,3.2118971605649987e-05,0.0,6.65597965803831e-05,0.0039093041438624,1.876831473342198e-05,0.0046911649726348,3.67682894894582e-05,0.0054730258014072,5.847200734474353e-05,0.0062548866301799,3.3159935866122254e-05,0.0070367474589523,6.342529453212087e-05,0,0,1,1,0
1011,3,14:00:36,4,0.0039093041438624,315699.0,0.0035183737294763,0.00312744331509,2.2950940090044485e-05,0.0023455824863174,3.091934736495704e-05,0.001563721657545,2.0084031642569088e-05,0.0007818608287726,3.2118971605649987e-05,0.0,6.65597965803831e-05,0.0039093041438624,2.822986721243574e-05,0.0046911649726348,3.67682894894582e-05,0.0054730258014072,5.847200734474353e-05,0.0062548866301799,3.3159935866122254e-05,0.0070367474589523,6.361878231287781e-05,0,0,1,1,0
1012,3,14:00:39,4,0.00312744331509,23110.0,0.0035183737294763,0.00312744331509,2.345400832001249e-05,0.0023455824863174,3.091934736495704e-05,0.001563721657545,2.0084031642569088e-05,0.0007818608287726,3.2254413052179835e-05,0.0,6.65597965803831e-05,0.0039093041438624,2.823760672366602e-05,0.0046911649726348,3.522038724340278e-05,0.0054730258014072,5.847200734474353e-05,0.0062548866301799,3.5094813673691534e-05,0.0070367474589523,6.361878231287781e-05,0,0,1,1,0
1013,3,14:00:42,4,0.00312744331509,33360.0,0.0035183737294763,0.00312744331509,2.215764018894108e-05,0.0023455824863174,3.091934736495704e-05,0.001563721657545,2.018077553294755e-05,0.0007818608287726,3.2254413052179835e-05,0.0,6.65597965803831e-05,0.0039093041438624,2.8198909167514636e-05,0.0046911649726348,3.640066270602004e-05,0.0054730258014072,5.847200734474353e-05,0.0062548866301799,3.5094813673691534e-05,0.0070367474589523,6.265134340909316e-05,0,0,1,1,0
1014,3,14:00:45,4,0.00312744331509,1498782.0,0.0027365129007037,0.0023455824863174,3.089999858688134e-05,0.001563721657545,2.0122729198720478e-05,0.0007818608287726,3.2254413052179835e-05,0.0,6.68500282515185e-05,-0.0007818608287724,3.1914261533609154e-05,0.00312744331509,1.5150093233267433e-07,0.0039093041438624,2.7811933606000775e-05,0.0046911649726348,3.847098196011917e-05,0.0054730258014072,5.847200734474353e-05,0.0062548866301799,3.5094813673691534e-05,1,1,1,1,1
1015,3,14:00:48,4,0.00312744331509,3849.0,0.0027365129007037,0.0023455824863174,3.089999858688134e-05,0.001563721657545,2.0122729198720478e-05,0.0007818608287726,3.2254413052179835e-05,0.0,6.68500282515185e-05,-0.0007818608287724,3.1914261533609154e-05,0.00312744331509,1.946158145187405e-05,0.0039093041438624,2.9185696849374963e-05,0.0046911649726348,3.850967951627055e-05,0.0054730258014072,5.847200734474353e-05,0.0062548866301799,3.5094813673691534e-05,1,1,1,1,1
1016,3,14:00:51,4,0.00312744331509,55165.0,0.0027365129007037,0.0023455824863174,3.196418138104444e-05,0.001563721657545,2.0122729198720478e-05,0.0007818608287726,3.2254413052179835e-05,0.0,6.68500282515185e-05,-0.0007818608287724,3.1914261533609154e-05,0.00312744331509,1.882307177537619e-05,0.0039093041438624,2.9282440739753428e-05,0.0046911649726348,3.88966550777844e-05,0.0054730258014072,5.82785195639866e-05,0.0062548866301799,3.5094813673691534e-05,1,1,1,1,1
1017,3,14:00:54,4,0.00312744331509,65433.0,0.0027365129007037,0.0023455824863174,3.140306681684935e-05,0.001563721657545,2.0122729198720478e-05,0.0007818608287726,3.2022227715271525e-05,0.0,6.644370391192895e-05,-0.0007818608287724,3.1914261533609154e-05,0.00312744331509,1.793302798389432e-05,0.0039093041438624,2.8489140838650026e-05,0.0046911649726348,3.88966550777844e-05,0.0054730258014072,5.812372933938106e-05,0.0062548866301799,3.5094813673691534e-05,1,1,1,1,1
1018,3,14:00:57,4,0.00312744331509,347621.0,0.0027365129007037,0.0023455824863174,3.0009954795399475e-05,0.001563721657545,2.0122729198720478e-05,0.0007818608287726,3.2022227715271525e-05,0.0,6.644370391192895e-05,-0.0007818608287724,3.204970298013901e-05,0.00312744331509,1.483722349178348e-05,0.0039093041438624,2.8489140838650026e-05,0.0046911649726348,3.88966550777844e-05,0.0054730258014072,6.005860714695034e-05,0.0062548866301799,3.5094813673691534e-05,1,1,1,1,1
1019,3,14:01:00,4,0.00312744331509,89760.0,0.0027365129007037,0.0023455824863174,2.9042515891614835e-05,0.001563721657545,2.0122729198720478e-05,0.0007818608287726,3.2022227715271525e-05,0.0,6.779811837722744e-05,-0.0007818608287724,3.204970298013901e-05,0.00312744331509,1.5243547831373028e-05,0.0039093041438624,3.054011131467346e-05,0.0046911649726348,3.895470141201148e-05,0.0054730258014072,6.005860714695034e-05,0.0062548866301799,3.5094813673691534e-05,1,1,1,1,1
1020,3,14:01:03,4,0.0023455824863174,193643.0,0.0027365129007037,0.0023455824863174,2.730112586480249e-05,0.001563721657545,2.1806072891305745e-05,0.0007818608287726,3.2022227715271525e-05,0.0,6.779811837722744e-05,-0.0007818608287724,3.204970298013901e-05,0.00312744331509,1.42567601495127e-05,0.0039093041438624,3.092708687618731e-05,0.0046911649726348,3.914818919276841e-05,0.0054730258014072,6.005860714695034e-05,0.0062548866301799,3.5094813673691534e-05,1,1,1,1,1
1021,3,14:01:06,4,0.00312744331509,52603.0,0.0027365129007037,0.0023455824863174,2.730112586480249e-05,0.001563721657545,2.1806072891305745e-05,0.0007818608287726,3.2022227715271525e-05,0.0,6.779811837722744e-05,-0.0007818608287724,3.204970298013901e-05,0.00312744331509,1.4372852817966855e-05,0.0039093041438624,2.9882252860099903e-05,0.0046911649726348,4.419822027052422e-05,0.0054730258014072,6.005860714695034e-05,0.0062548866301799,3.5094813673691534e-05,1,1,1,1,1
1022,3,14:01:09,4,0.0023455824863174,14112.0,0.0027365129007037,0.0023455824863174,2.793963554130035e-05,0.001563721657545,2.1806072891305745e-05,0.0007818608287726,3.2022227715271525e-05,0.0,6.779811837722744e-05,-0.0007818608287724,3.204970298013901e-05,0.00312744331509,1.4179365037209928e-05,0.0039093041438624,3.084969176388454e-05,0.0046911649726348,4.419822027052422e-05,0.0054730258014072,6.005860714695034e-05,0.0062548866301799,3.5094813673691534e-05,1,1,1,1,1
1023,3,14:01:12,4,0.00312744331509,6415.0,0.0027365129007037,0.0023455824863174,2.793963554130035e-05,0.001563721657545,2.1806072891305745e-05,0.0007818608287726,3.2022227715271525e-05,0.0,6.779811837722744e-05,-0.0007818608287724,3.25914687662584e-05,0.00312744331509,1.5959452620173662e-05,0.0039093041438624,3.084969176388454e-05,0.0046911649726348,4.5088264062006086e-05,0.0054730258014072,6.005860714695034e-05,0.0062548866301799,3.4959372227161686e-05,1,1,1,1,1
1024,3,14:01:15,4,0.0023455824863174,14107.0,0.0027365129007037,0.0023455824863174,2.8597493995873905e-05,0.001563721657545,2.1806072891305745e-05,0.0007818608287726,3.339599095864571e-05,0.0,6.779811837722744e-05,-0.0007818608287724,3.25914687662584e-05,0.00312744331509,1.6772101299352758e-05,0.0039093041438624,3.084969176388454e-05,0.0046911649726348,4.5088264062006086e-05,0.0054730258014072,6.005860714695034e-05,0.0062548866301799,3.4959372227161686e-05,1,0,1,1,1
1025,3,14:01:18,4,0.00312744331509,143646.0,0.0027365129007037,0.0023455824863174,2.7630055092089265e-05,0.001563721657545,2.2754163017014688e-05,0.0007818608287726,3.337664218057001e-05,0.0,6.779811837722744e-05,-0.0007818608287724,3.25914687662584e-05,0.00312744331509,1.5572477058659807e-05,0.0039093041438624,3.084969176388454e-05,0.0046911649726348,4.5088264062006086e-05,0.0054730258014072,6.005860714695034e-05,0.0062548866301799,3.4959372227161686e-05,1,0,1,1,1
1026,3,14:01:21,4,0.0023455824863174,25640.0,0.0027365129007037,0.0023455824863174,2.724307953057541e-05,0.001563721657545,2.2754163017014688e-05,0.0007818608287726,3.335729340249432e-05,0.0,6.779811837722744e-05,-0.0007818608287724,3.25914687662584e-05,0.00312744331509,1.5572477058659807e-05,0.0039093041438624,3.084969176388454e-05,0.0046911649726348,4.479803239087069e-05,0.0054730258014072,6.005860714695034e-05,0.0062548866301799,3.4959372227161686e-05,1,0,1,1,1
1027,3,14:01:24,4,0.0023455824863174,374424.0,0.0027365129007037,0.0023455824863174,2.3141138578528543e-05,0.001563721657545,2.2754163017014688e-05,0.0007818608287726,3.335729340249432e-05,0.0,6.779811837722744e-05,-0.0007818608287724,3.25914687662584e-05,0.00312744331509,1.454699182064809e-05,0.0039093041438624,3.084969176388454e-05,0.0046911649726348,4.473998605664362e-05,0.0054730258014072,6.005860714695034e-05,0.0062548866301799,3.476588444640476e-05,1,0,1,1,1
1028,3,14:01:27,4,0.00312744331509,51282.0,0.0027365129007037,0.0023455824863174,2.3237882468907008e-05,0.001563721657545,2.2754163017014688e-05,0.0007818608287726,3.335729340249432e-05,0.0,6.779811837722744e-05,-0.0007818608287724,3.25914687662584e-05,0.00312744331509,1.4992013716389024e-05,0.0039093041438624,3.106252832271716e-05,0.0046911649726348,4.473998605664362e-05,0.0054730258014072,6.005860714695034e-05,0.0062548866301799,3.476588444640476e-05,1,1,1,1,1
1029,3,14:01:30,4,0.00312744331509,307744.0,0.0027365129007037,0.0023455824863174,2.0084031642569088e-05,0.001563721657545,2.2754163017014688e-05,0.0007818608287726,3.349273484902417e-05,0.0,6.779811837722744e-05,-0.0007818608287724,3.25914687662584e-05,0.00312744331509,1.4063272368755771e-05,0.0039093041438624,3.468074982287171e-05,0.0046911649726348,4.4875427503173466e-05,0.0054730258014072,6.011665348117741e-05,0.0062548866301799,3.476588444640476e-05,0,0,1,1,1
1030,3,14:01:33,4,0.00312744331509,102562.0,0.0027365129007037,0.0023455824863174,1.857482695266505e-05,0.001563721657545,2.2754163017014688e-05,0.0007818608287726,3.349273484902417e-05,0.0,6.779811837722744e-05,-0.0007818608287724,3.25914687662584e-05,0.00312744331509,1.4740479601405015e-05,0.0039093041438624,3.435182059558493e-05,0.0046911649726348,4.5842866406958106e-05,0.0054730258014072,6.056167537691835e-05,0.0062548866301799,3.476588444640476e-05,0,0,1,1,1
1031,3,14:01:36,4,0.0023455824863174,98745.0,0.0027365129007037,0.0023455824863174,1.7684783161183184e-05,0.001563721657545,2.2754163017014688e-05,0.0007818608287726,3.349273484902417e-05,0.0,6.779811837722744e-05,-0.0007818608287724,3.25914687662584e-05,0.00312744331509,1.462438693295086e-05,0.0039093041438624,3.435182059558493e-05,0.0046911649726348,4.545589084544425e-05,0.0054730258014072,6.056167537691835e-05,0.0062548866301799,3.476588444640476e-05,0,0,1,1,1
1032,3,14:01:39,4,0.0023455824863174,178198.0,0.0027365129007037,0.0023455824863174,1.4995303008661891e-05,0.001563721657545,2.2754163017014688e-05,0.0007818608287726,3.349273484902417e-05,0.0,6.779811837722744e-05,-0.0007818608287724,3.25914687662584e-05,0.00312744331509,1.7303999208653552e-05,0.0039093041438624,3.272652323722674e-05,0.0046911649726348,4.545589084544425e-05,0.0054730258014072,6.056167537691835e-05,0.0062548866301799,3.476588444640476e-05,0,0,1,1,1
1033,3,14:01:42,4,0.00312744331509,83335.0,0.0027365129007037,0.0023455824863174,1.3834376324120324e-05,0.001563721657545,2.2754163017014688e-05,0.0007818608287726,3.2892922728677696e-05,0.0,6.779811837722744e-05,-0.0007818608287724,3.25914687662584e-05,0.00312744331509,1.7400743099032014e-05,0.0039093041438624,3.272652323722674e-05,0.0046911649726348,4.545589084544425e-05,0.0054730258014072,6.056167537691835e-05,0.0062548866301799,3.476588444640476e-05,1,0,1,1,1
1034,3,14:01:45,4,0.0023455824863174,925606.0,0.0019546520719313,0.001563721657545,2.2754163017014688e-05,0.0007818608287726,3.2892922728677696e-05,0.0,6.779811837722744e-05,-0.0007818608287724,3.25914687662584e-05,-0.0015637216575449,4.868152563844299e-05,0.0023455824863174,1.9348778075692764e-06,0.00312744331509,1.792316010707572e-05,0.0039093041438624,3.251368667839412e-05,0.0046911649726348,4.448845194165961e-05,0.0054730258014072,6.056167537691835e-05,1,2,1,1,1
1035,3,14:01:48,4,0.0023455824863174,17948.0,0.0019546520719313,0.001563721657545,2.2754163017014688e-05,0.0007818608287726,3.2892922728677696e-05,0.0,6.779811837722744e-05,-0.0007818608287724,3.25914687662584e-05,-0.0015637216575449,4.868152563844299e-05,0.0023455824863174,1.6639949145095776e-06,0.00312744331509,1.7845764994772948e-05,0.0039093041438624,3.280391834952951e-05,0.0046911649726348,4.468193972241654e-05,0.0054730258014072,6.056167537691835e-05,1,2,1,1,1
1036,3,14:01:51,4,0.001563721657545,38430.0,0.0019546520719313,0.001563721657545,2.2986348353923e-05,0.0007818608287726,3.2892922728677696e-05,0.0,5.951684136083094e-05,-0.0007818608287724,3.220449320474455e-05,-0.0015637216575449,4.868152563844299e-05,0.0023455824863174,1.876831473342198e-06,0.00312744331509,1.821339177821111e-05,0.0039093041438624,3.183647944574487e-05,0.0046911649726348,4.4527149497811e-05,0.0054730258014072,6.075516315767528e-05,1,2,1,1,1
1037,3,14:01:54,4,0.001563721657545,0.0,0.0019546520719313,0.001563721657545,2.2986348353923e-05,0.0007818608287726,3.2892922728677696e-05,0.0,5.951684136083094e-05,-0.0007818608287724,3.220449320474455e-05,-0.0015637216575449,4.868152563844299e-05,0.0023455824863174,1.876831473342198e-06,0.00312744331509,1.8310135668589572e-05,0.0039093041438624,3.183647944574487e-05,0.0046911649726348,4.4527149497811e-05,0.0054730258014072,6.075516315767528e-05,1,2,1,1,1
1038,3,14:01:57,4,0.0023455824863174,445048.0,0.0027365129007037,0.0023455824863174,2.921665489429607e-06,0.001563721657545,2.2986348353923e-05,0.0007818608287726,3.44795225308845e-05,0.0,5.96135852512094e-05,-0.0007818608287724,3.220449320474455e-05,0.00312744331509,1.5523911625689817e-05,0.0039093041438624,3.0095089418932524e-05,0.0046911649726348,5.420153853565738e-05,0.0054730258014072,6.075516315767528e-05,0.0062548866301799,3.952568385302518e-05,0,1,1,1,0
1039,3,14:02:00,4,0.0023455824863174,221783.0,0.0019546520719313,0.001563721657545,2.2850906907393157e-05,0.0007818608287726,3.44795225308845e-05,0.0,5.96135852512094e-05,-0.0007818608287724,3.220449320474455e-05,-0.0015637216575449,4.868152563844299e-05,0.0023455824863174,3.676267834381625e-07,0.00312744331509,1.5640004294143975e-05,0.0039093041438624,3.0095089418932524e-05,0.0046911649726348,5.420153853565738e-05,0.0054730258014072,6.0851907048053736e-05,2,2,1,1,1
1040,3,14:02:03,4,0.001563721657545,296067.0,0.0019546520719313,0.001563721657545,2.290895324162023e-05,0.0007818608287726,3.74205367983898e-05,0.0,5.96135852512094e-05,-0.0007818608287724,3.220449320474455e-05,-0.0015637216575449,4.868152563844299e-05,0.0023455824863174,6.694677214189696e-06,0.00312744331509,1.5640004294143975e-05,0.0039093041438624,3.0095089418932524e-05,0.0046911649726348,5.429828242603584e-05,0.0054730258014072,6.0851907048053736e-05,2,2,1,1,1
1041,3,14:02:06,4,0.0023455824863174,39742.0,0.0019546520719313,0.001563721657545,2.449555304382704e-05,0.0007818608287726,3.5833936996183e-05,0.0,5.96135852512094e-05,-0.0007818608287724,3.220449320474455e-05,-0.0015637216575449,4.868152563844299e-05,0.0023455824863174,6.9655601072493945e-06,0.00312744331509,1.6220467636414757e-05,0.0039093041438624,3.0095089418932524e-05,0.0046911649726348,5.429828242603584e-05,0.0054730258014072,6.0851907048053736e-05,2,2,1,1,1
1042,3,14:02:09,4,0.0023455824863174,75638.0,0.0019546520719313,0.001563721657545,2.5269504166854747e-05,0.0007818608287726,3.5833936996183e-05,0.0,5.96135852512094e-05,-0.0007818608287724,3.220449320474455e-05,-0.0015637216575449,4.868152563844299e-05,0.0023455824863174,5.823982200783522e-06,0.00312744331509,1.6607443197928612e-05,0.0039093041438624,3.0037043084705444e-05,0.0046911649726348,5.410479464527892e-05,0.0054730258014072,6.065841926729681e-05,2,2,1,1,1
1043,3,14:02:12,4,0.0023455824863174,14101.0,0.0019546520719313,0.001563721657545,2.525015538877905e-05,0.0007818608287726,3.5833936996183e-05,0.0,5.7678707443640126e-05,-0.0007818608287724,3.220449320474455e-05,-0.0015637216575449,4.868152563844299e-05,0.0023455824863174,6.791421104568159e-06,0.00312744331509,1.6704187088307077e-05,0.0039093041438624,3.0037043084705444e-05,0.0046911649726348,5.410479464527892e-05,0.0054730258014072,6.065841926729681e-05,2,2,1,1,1
1044,3,14:02:15,4,0.0023455824863174,478186.0,0.0027365129007037,0.0023455824863174,2.5017970051870744e-05,0.001563721657545,2.544364316953598e-05,0.0007818608287726,3.5737193105804534e-05,0.0,5.7698056221715816e-05,-0.0007818608287724,3.220449320474455e-05,0.00312744331509,1.596893352143075e-05,0.0039093041438624,2.984355530394852e-05,0.0046911649726348,5.410479464527892e-05,0.0054730258014072,6.065841926729681e-05,0.0062548866301799,3.952568385302518e-05,1,1,1,1,1
1045,3,14:02:18,4,0.0023455824863174,24373.0,0.0027365129007037,0.0023455824863174,2.954558412158285e-05,0.001563721657545,2.5811269952974143e-05,0.0007818608287726,3.5737193105804534e-05,0.0,5.7698056221715816e-05,-0.0007818608287724,3.220449320474455e-05,0.00312744331509,1.5736748184522437e-05,0.0039093041438624,2.984355530394852e-05,0.0046911649726348,5.410479464527892e-05,0.0054730258014072,6.065841926729681e-05,0.0062548866301799,3.952568385302518e-05,1,1,1,1,1
1046,3,14:02:21,4,0.0023455824863174,17948.0,0.0027365129007037,0.0023455824863174,2.927470122852315e-05,0.001563721657545,2.5811269952974143e-05,0.0007818608287726,3.5737193105804534e-05,0.0,5.7698056221715816e-05,-0.0007818608287724,3.220449320474455e-05,0.00312744331509,1.7245952874426473e-05,0.0039093041438624,2.984355530394852e-05,0.0046911649726348,5.410479464527892e-05,0.0054730258014072,6.065841926729681e-05,0.0062548866301799,3.952568385302518e-05,1,1,1,1,1
1047,3,14:02:24,4,0.0023455824863174,99996.0,0.0027365129007037,0.0023455824863174,2.9332747562750228e-05,0.001563721657545,2.5791921174898453e-05,0.0007818608287726,3.5737193105804534e-05,0.0,5.7698056221715816e-05,-0.0007818608287724,3.220449320474455e-05,0.00312744331509,1.6820279756761232e-05,0.0039093041438624,2.9069604180920808e-05,0.0046911649726348,5.410479464527892e-05,0.0054730258014072,6.065841926729681e-05,0.0062548866301799,3.952568385302518e-05,1,1,1,1,1
1048,3,14:02:27,4,0.0023455824863174,102560.0,0.0027365129007037,0.0023455824863174,2.78041940947705e-05,0.001563721657545,2.5791921174898453e-05,0.0007818608287726,3.577589066195592e-05,0.0,5.7698056221715816e-05,-0.0007818608287724,3.3326722333134725e-05,0.00312744331509,1.6820279756761232e-05,0.0039093041438624,2.697993614874599e-05,0.0046911649726348,5.429828242603584e-05,0.0054730258014072,6.065841926729681e-05,0.0062548866301799,3.952568385302518e-05,1,1,1,1,1
1049,3,14:02:30,4,0.0023455824863174,647411.0,0.0027365129007037,0.0023455824863174,1.8052409944621343e-05,0.001563721657545,2.5791921174898453e-05,0.0007818608287726,3.577589066195592e-05,0.0,5.6924105098688107e-05,-0.0007818608287724,3.3326722333134725e-05,0.00312744331509,1.738139432095632e-05,0.0039093041438624,2.697993614874599e-05,0.0046911649726348,5.429828242603584e-05,0.0054730258014072,6.065841926729681e-05,0.0062548866301799,3.952568385302518e-05,1,1,1,1,1
1050,3,14:02:33,4,0.0023455824863174,15384.0,0.0027365129007037,0.0023455824863174,1.7820224607713036e-05,0.001563721657545,2.5791921174898453e-05,0.0007818608287726,3.577589066195592e-05,0.0,5.698215143291519e-05,-0.0007818608287724,3.3520210113891656e-05,0.00312744331509,2.314733018751277e-05,0.0039093041438624,2.7308865376032765e-05,0.0046911649726348,5.429828242603584e-05,0.0054730258014072,6.065841926729681e-05,0.0062548866301799,3.952568385302518e-05,1,1,1,1,1
1051,3,14:02:36,4,0.00312744331509,79523.0,0.0027365129007037,0.0023455824863174,1.8033061166545656e-05,0.001563721657545,2.4843831049189503e-05,0.0007818608287726,3.6046773555015616e-05,0.0,5.698215143291519e-05,-0.0007818608287724,3.3520210113891656e-05,0.00312744331509,2.161877671953304e-05,0.0039093041438624,2.7308865376032765e-05,0.0046911649726348,5.49561408806094e-05,0.0054730258014072,6.065841926729681e-05,0.0062548866301799,3.962242774340364e-05,1,1,1,1,1
1052,3,14:02:39,4,0.0023455824863174,153870.0,0.0027365129007037,0.0023455824863174,1.6291671139733307e-05,0.001563721657545,2.4843831049189503e-05,0.0007818608287726,3.5969378442712844e-05,0.0,5.698215143291519e-05,-0.0007818608287724,3.3520210113891656e-05,0.00312744331509,2.103831337726225e-05,0.0039093041438624,2.7308865376032765e-05,0.0046911649726348,5.49561408806094e-05,0.0054730258014072,6.065841926729681e-05,0.0062548866301799,3.962242774340364e-05,1,1,1,1,1
1053,3,14:02:42,4,0.0023455824863174,167948.0,0.0027365129007037,0.0023455824863174,1.3873073880271712e-05,0.001563721657545,2.4843831049189503e-05,0.0007818608287726,3.565979799350176e-05,0.0,5.698215143291519e-05,-0.0007818608287724,3.361695400427012e-05,0.00312744331509,2.09222207088081e-05,0.0039093041438624,2.7308865376032765e-05,0.0046911649726348,5.476265309985247e-05,0.0054730258014072,6.065841926729681e-05,0.0062548866301799,3.962242774340364e-05,1,0,1,1,1
1054,3,14:02:45,4,0.0023455824863174,825609.0,0.0027365129007037,0.0023455824863174,1.4318095776012643e-06,0.001563721657545,2.4843831049189503e-05,0.0007818608287726,3.5737193105804534e-05,0.0,5.698215143291519e-05,-0.0007818608287724,3.361695400427012e-05,0.00312744331509,2.1057662155337948e-05,0.0039093041438624,2.7366911710259844e-05,0.0046911649726348,5.476265309985247e-05,0.0054730258014072,6.075516315767528e-05,0.0062548866301799,3.962242774340364e-05,1,0,1,0,0
1055,3,14:02:48,4,0.00312744331509,21799.0,0.0027365129007037,0.0023455824863174,3.0571069359594564e-06,0.001563721657545,2.4843831049189503e-05,0.0007818608287726,3.5737193105804534e-05,0.0,5.698215143291519e-05,-0.0007818608287724,3.361695400427012e-05,0.00312744331509,2.1367242604549037e-05,0.0039093041438624,2.7366911710259844e-05,0.0046911649726348,5.573009200363711e-05,0.0054730258014072,6.075516315767528e-05,0.0062548866301799,3.962242774340364e-05,1,0,1,0,0
1056,3,14:02:51,4,0.00312744331509,67980.0,0.0027365129007037,0.0023455824863174,2.979711823656685e-06,0.001563721657545,2.4843831049189503e-05,0.0007818608287726,5.5085971181497295e-05,0.0,5.698215143291519e-05,-0.0007818608287724,3.361695400427012e-05,0.00312744331509,2.070938414997548e-05,0.0039093041438624,2.717342392950292e-05,0.0046911649726348,5.573009200363711e-05,0.0054730258014072,6.075516315767528e-05,0.0062548866301799,3.962242774340364e-05,1,0,1,0,0
1057,3,14:02:54,4,0.0023455824863174,67974.0,0.0027365129007037,0.0023455824863174,2.495992371764366e-06,0.001563721657545,2.4843831049189503e-05,0.0007818608287726,5.5085971181497295e-05,0.0,5.698215143291519e-05,-0.0007818608287724,3.361695400427012e-05,0.00312744331509,2.016761836385608e-05,0.0039093041438624,2.9669416301267283e-05,0.0046911649726348,4.706183942572675e-05,0.0054730258014072,6.077451193575097e-05,0.0062548866301799,3.962242774340364e-05,1,0,1,0,0
1058,3,14:02:57,4,0.0023455824863174,32050.0,0.0027365129007037,0.0023455824863174,2.0122729198720474e-06,0.001563721657545,2.4843831049189503e-05,0.0007818608287726,5.5085971181497295e-05,0.0,5.705954654521796e-05,-0.0007818608287724,3.361695400427012e-05,0.00312744331509,2.072873292805117e-05,0.0039093041438624,2.9669416301267283e-05,0.0046911649726348,4.706183942572675e-05,0.0054730258014072,6.077451193575097e-05,0.0062548866301799,3.962242774340364e-05,0,0,1,0,0
1059,3,14:03:00,4,0.0023455824863174,0.0,0.0027365129007037,0.0023455824863174,2.0122729198720474e-06,0.001563721657545,3.064846447189733e-05,0.0007818608287726,5.5085971181497295e-05,0.0,5.705954654521796e-05,-0.0007818608287724,3.361695400427012e-05,0.00312744331509,2.072873292805117e-05,0.0039093041438624,3.160429410883656e-05,0.0046911649726348,4.706183942572675e-05,0.0054730258014072,6.077451193575097e-05,0.0062548866301799,3.962242774340364e-05,0,0,1,0,1
1060,3,14:03:03,4,0.0023455824863174,14109.0,0.0027365129007037,0.0023455824863174,1.9348778075692764e-06,0.001563721657545,3.064846447189733e-05,0.0007818608287726,4.35734482264601e-05,0.0,5.705954654521796e-05,-0.0007818608287724,3.361695400427012e-05,0.00312744331509,2.1463986494927492e-05,0.0039093041438624,3.160429410883656e-05,0.0046911649726348,4.7158583316105214e-05,0.0054730258014072,6.077451193575097e-05,0.0062548866301799,3.962242774340364e-05,0,0,1,0,1
1061,3,14:03:06,4,0.0023455824863174,132046.0,0.0027365129007037,0.0023455824863174,1.354414465298493e-06,0.001563721657545,3.064846447189733e-05,0.0007818608287726,4.35734482264601e-05,0.0,5.705954654521796e-05,-0.0007818608287724,3.361695400427012e-05,0.00312744331509,2.1463986494927492e-05,0.0039093041438624,3.160429410883656e-05,0.0046911649726348,4.7158583316105214e-05,0.0054730258014072,6.077451193575097e-05,0.0062548866301799,3.962242774340364e-05,0,0,1,0,1
1062,3,14:03:09,4,0.0023455824863174,12820.0,0.0027365129007037,0.0023455824863174,1.2383217968443368e-06,0.001563721657545,3.064846447189733e-05,0.0007818608287726,4.35734482264601e-05,0.0,5.705954654521796e-05,-0.0007818608287724,3.361695400427012e-05,0.00312744331509,2.1754218166062888e-05,0.0039093041438624,3.160429410883656e-05,0.0046911649726348,4.7158583316105214e-05,0.0054730258014072,6.077451193575097e-05,0.0062548866301799,3.969982285570641e-05,0,0,1,0,1
1063,3,14:03:12,4,0.0023455824863174,82048.0,0.0019546520719313,0.001563721657545,3.064846447189733e-05,0.0007818608287726,4.376693600721703e-05,0.0,5.764000988748874e-05,-0.0007818608287724,3.361695400427012e-05,-0.0015637216575449,4.868152563844299e-05,0.0023455824863174,3.482780053624697e-07,0.00312744331509,2.1754218166062888e-05,0.0039093041438624,3.25717330126212e-05,0.0046911649726348,4.7158583316105214e-05,0.0054730258014072,6.077451193575097e-05,1,1,1,1,1
1064,3,14:03:15,4,0.0023455824863174,189592.0,0.0019546520719313,0.001563721657545,2.7862240428997575e-05,0.0007818608287726,4.376693600721703e-05,0.0,5.9574887695058014e-05,-0.0007818608287724,3.361695400427012e-05,-0.0015637216575449,4.868152563844299e-05,0.0023455824863174,3.869755615138553e-07,0.00312744331509,2.1754218166062888e-05,0.0039093041438624,3.2958708574135054e-05,0.0046911649726348,4.7158583316105214e-05,0.0054730258014072,6.077451193575097e-05,1,1,1,1,1
1065,3,14:03:18,4,0.0023455824863174,5128.0,0.0019546520719313,0.001563721657545,2.7862240428997575e-05,0.0007818608287726,4.376693600721703e-05,0.0,5.9574887695058014e-05,-0.0007818608287724,3.361695400427012e-05,-0.0015637216575449,4.868152563844299e-05,0.0023455824863174,8.33932335062358e-06,0.00312744331509,2.1754218166062888e-05,0.0039093041438624,3.2958708574135054e-05,0.0046911649726348,4.711988575995383e-05,0.0054730258014072,6.077451193575097e-05,1,1,1,1,1
1066,3,14:03:21,4,0.0023455824863174,1282.0,0.0019546520719313,0.001563721657545,2.80750769878302e-05,0.0007818608287726,4.376693600721703e-05,0.0,5.9574887695058014e-05,-0.0007818608287724,3.361695400427012e-05,-0.0015637216575449,4.868152563844299e-05,0.0023455824863174,1.6156229693203455e-05,0.00312744331509,2.1754218166062888e-05,0.0039093041438624,3.2958708574135054e-05,0.0046911649726348,4.711988575995383e-05,0.0054730258014072,6.077451193575097e-05,1,2,1,1,1
1067,3,14:03:24,4,0.0023455824863174,0.0,0.0019546520719313,0.001563721657545,2.8307262324738512e-05,0.0007818608287726,4.415391156873088e-05,0.0,5.9574887695058014e-05,-0.0007818608287724,3.361695400427012e-05,-0.0015637216575449,4.868152563844299e-05,0.0023455824863174,1.6717344257398548e-05,0.00312744331509,2.562397378120144e-05,0.0039093041438624,3.1991269670350414e-05,0.0046911649726348,4.711988575995383e-05,0.0054730258014072,6.077451193575097e-05,1,2,1,1,1
1068,3,14:03:27,4,0.001563721657545,15372.0,0.0019546520719313,0.001563721657545,3.815579036526613e-05,0.0007818608287726,4.415391156873088e-05,0.0,5.9574887695058014e-05,-0.0007818608287724,3.361695400427012e-05,-0.0015637216575449,4.868152563844299e-05,0.0023455824863174,1.7104319818912402e-05,0.00312744331509,2.562397378120144e-05,0.0039093041438624,3.1991269670350414e-05,0.0046911649726348,4.711988575995383e-05,0.0054730258014072,6.106474360688636e-05,1,2,1,1,1
1069,3,14:03:30,4,0.0023455824863174,25630.0,0.0019546520719313,0.001563721657545,3.79623025845092e-05,0.0007818608287726,4.415391156873088e-05,0.0,5.967163158543648e-05,-0.0007818608287724,3.3326722333134725e-05,-0.0015637216575449,4.868152563844299e-05,0.0023455824863174,1.7104319818912402e-05,0.00312744331509,2.597225178656391e-05,0.0039093041438624,3.1991269670350414e-05,0.0046911649726348,4.711988575995383e-05,0.0054730258014072,6.106474360688636e-05,1,2,1,1,1
1070,3,14:03:33,4,0.0023455824863174,19230.0,0.0019546520719313,0.001563721657545,3.79623025845092e-05,0.0007818608287726,4.415391156873088e-05,0.0,5.967163158543648e-05,-0.0007818608287724,3.3326722333134725e-05,-0.0015637216575449,4.868152563844299e-05,0.0023455824863174,1.681408814777701e-05,0.00312744331509,2.622378590154792e-05,0.0039093041438624,3.1991269670350414e-05,0.0046911649726348,4.711988575995383e-05,0.0054730258014072,6.106474360688636e-05,1,1,1,1,1
1071,3,14:03:36,4,0.001563721657545,114009.0,0.0019546520719313,0.001563721657545,3.624026133577255e-05,0.0007818608287726,4.415391156873088e-05,0.0,5.967163158543648e-05,-0.0007818608287724,3.3326722333134725e-05,-0.0015637216575449,4.868152563844299e-05,0.0023455824863174,1.681408814777701e-05,0.00312744331509,2.610769323309376e-05,0.0039093041438624,3.1023830766565774e-05,0.0046911649726348,4.711988575995383e-05,0.0054730258014072,6.116148749726483e-05,2,1,1,1,1
1072,3,14:03:39,4,0.001563721657545,171654.0,0.0019546520719313,0.001563721657545,3.4653661533565735e-05,0.0007818608287726,4.432805057141212e-05,0.0,5.967163158543648e-05,-0.0007818608287724,3.3326722333134725e-05,-0.0015637216575449,4.868152563844299e-05,0.0023455824863174,1.681408814777701e-05,0.00312744331509,2.734601502993809e-05,0.0039093041438624,3.1023830766565774e-05,0.0046911649726348,4.725532720648368e-05,0.0054730258014072,6.116148749726483e-05,2,1,1,1,1
1073,3,14:03:42,4,0.0023455824863174,12820.0,0.0019546520719313,0.001563721657545,3.4653661533565735e-05,0.0007818608287726,4.601139426399739e-05,0.0,5.967163158543648e-05,-0.0007818608287724,3.3326722333134725e-05,-0.0015637216575449,4.868152563844299e-05,0.0023455824863174,1.7704131939258877e-05,0.00312744331509,2.734601502993809e-05,0.0039093041438624,3.1023830766565774e-05,0.0046911649726348,4.725532720648368e-05,0.0054730258014072,6.116148749726483e-05,2,1,1,1,1
1074,3,14:03:45,4,0.001563721657545,859551.0,0.0019546520719313,0.001563721657545,2.3624858030420863e-05,0.0007818608287726,4.601139426399739e-05,0.0,5.967163158543648e-05,-0.0007818608287724,3.3326722333134725e-05,-0.0015637216575449,4.868152563844299e-05,0.0023455824863174,2.0548402316385715e-05,0.00312744331509,2.734601502993809e-05,0.0039093041438624,3.1023830766565774e-05,0.0046911649726348,4.919020501405296e-05,0.0054730258014072,6.116148749726483e-05,2,1,1,1,1
1075,3,14:03:48,4,0.0023455824863174,153740.0,0.0019546520719313,0.001563721657545,2.1689980222851583e-05,0.0007818608287726,4.601139426399739e-05,0.0,5.967163158543648e-05,-0.0007818608287724,3.3326722333134725e-05,-0.0015637216575449,4.868152563844299e-05,0.0023455824863174,2.016142675487186e-05,0.00312744331509,2.734601502993809e-05,0.0039093041438624,2.773453849369801e-05,0.0046911649726348,4.917085623597726e-05,0.0054730258014072,6.116148749726483e-05,1,1,1,1,1
1076,3,14:03:51,4,0.0023455824863174,1403790.0,0.0027365129007037,0.0023455824863174,9.03587936134852e-06,0.001563721657545,2.170932900092728e-05,0.0007818608287726,4.601139426399739e-05,0.0,5.967163158543648e-05,-0.0007818608287724,3.3442815001588883e-05,0.00312744331509,2.7539502810695025e-05,0.0039093041438624,2.773453849369801e-05,0.0046911649726348,4.917085623597726e-05,0.0054730258014072,6.116148749726483e-05,0.0062548866301799,3.958373018725225e-05,0,1,0,0,0
1077,3,14:03:54,4,0.0023455824863174,30768.0,0.0027365129007037,0.0023455824863174,8.571508687531894e-06,0.001563721657545,2.170932900092728e-05,0.0007818608287726,4.601139426399739e-05,0.0,5.971032914158787e-05,-0.0007818608287724,3.3326722333134725e-05,0.00312744331509,2.7539502810695025e-05,0.0039093041438624,2.773453849369801e-05,0.0046911649726348,4.917085623597726e-05,0.0054730258014072,6.116148749726483e-05,0.0062548866301799,3.958373018725225e-05,0,1,0,0,0
1078,3,14:03:57,4,0.0023455824863174,64100.0,0.0027365129007037,0.0023455824863174,1.01581084897387e-05,0.001563721657545,1.128033761812888e-05,0.0007818608287726,4.794627207156666e-05,0.0,5.971032914158787e-05,-0.0007818608287724,3.3326722333134725e-05,0.00312744331509,2.94743806182643e-05,0.0039093041438624,2.6825145924140445e-05,0.0046911649726348,4.917085623597726e-05,0.0054730258014072,6.116148749726483e-05,0.0062548866301799,3.958373018725225e-05,0,1,0,0,0
1079,3,14:04:00,4,0.0023455824863174,666640.0,0.0027365129007037,0.0023455824863174,1.4898559118283427e-06,0.001563721657545,1.106750105929626e-05,0.0007818608287726,4.808171351809652e-05,0.0,5.971032914158787e-05,-0.0007818608287724,3.3326722333134725e-05,0.00312744331509,2.9648519620945533e-05,0.0039093041438624,2.692188981451891e-05,0.0046911649726348,4.917085623597726e-05,0.0054730258014072,6.116148749726483e-05,0.0062548866301799,3.958373018725225e-05,0,1,0,1,0
1080,3,14:04:03,4,0.0023455824863174,115380.0,0.0019546520719313,0.001563721657545,1.106750105929626e-05,0.0007818608287726,5.1583842349796906e-05,0.0,5.971032914158787e-05,-0.0007818608287724,3.326867599890765e-05,-0.0015637216575449,4.868152563844299e-05,0.0023455824863174,2.9023167113539144e-07,0.00312744331509,2.9648519620945533e-05,0.0039093041438624,2.692188981451891e-05,0.0046911649726348,4.917085623597726e-05,0.0054730258014072,6.096799971650789e-05,1,2,1,1,1
1081,3,14:04:06,4,0.0023455824863174,35896.0,0.0019546520719313,0.001563721657545,1.106750105929626e-05,0.0007818608287726,5.1583842349796906e-05,0.0,5.971032914158787e-05,-0.0007818608287724,3.326867599890765e-05,-0.0015637216575449,4.868152563844299e-05,0.0023455824863174,2.9023167113539144e-07,0.00312744331509,3.0035495182459388e-05,0.0039093041438624,2.6960587370670297e-05,0.0046911649726348,4.917085623597726e-05,0.0054730258014072,6.096799971650789e-05,2,2,1,1,1
1082,3,14:04:09,4,0.0023455824863174,14102.0,0.0019546520719313,0.001563721657545,1.304107642301692e-05,0.0007818608287726,4.990049865721163e-05,0.0,5.971032914158787e-05,-0.0007818608287724,3.326867599890765e-05,-0.0015637216575449,4.868152563844299e-05,0.0023455824863174,1.2383217968443368e-06,0.00312744331509,3.351827523608409e-05,0.0039093041438624,2.6960587370670297e-05,0.0046911649726348,4.917085623597726e-05,0.0054730258014072,6.096799971650789e-05,2,2,1,1,1
1083,3,14:04:12,4,0.001563721657545,96075.0,0.0019546520719313,0.001563721657545,5.978772425389064e-06,0.0007818608287726,4.993919621336302e-05,0.0,5.971032914158787e-05,-0.0007818608287724,3.3288024776983346e-05,-0.0015637216575449,4.868152563844299e-05,0.0023455824863174,1.2576705749200296e-06,0.00312744331509,3.376980935106809e-05,0.0039093041438624,2.7154075151427224e-05,0.0046911649726348,4.917085623597726e-05,0.0054730258014072,6.096799971650789e-05,2,2,1,1,1
1084,3,14:04:15,4,0.0023455824863174,64100.0,0.0019546520719313,0.001563721657545,6.772072326492467e-06,0.0007818608287726,4.993919621336302e-05,0.0,5.971032914158787e-05,-0.0007818608287724,3.3288024776983346e-05,-0.0015637216575449,4.868152563844299e-05,0.0023455824863174,2.9023167113539144e-07,0.00312744331509,3.315064845264592e-05,0.0039093041438624,2.7154075151427224e-05,0.0046911649726348,4.917085623597726e-05,0.0054730258014072,6.096799971650789e-05,2,0,1,1,0
1085,3,14:04:18,4,0.0023455824863174,0.0,0.0019546520719313,0.001563721657545,6.9655601072493945e-06,0.0007818608287726,5.013268399411995e-05,0.0,5.971032914158787e-05,-0.0007818608287724,3.3288024776983346e-05,-0.0015637216575449,4.868152563844299e-05,0.0023455824863174,2.9023167113539144e-07,0.00312744331509,3.3982645909900714e-05,0.0039093041438624,2.7154075151427224e-05,0.0046911649726348,4.936434401673419e-05,0.0054730258014072,6.096799971650789e-05,2,0,1,1,0
1086,3,14:04:21,4,0.00312744331509,142397.0,0.0027365129007037,0.0023455824863174,5.998121203464756e-07,0.001563721657545,6.9655601072493945e-06,0.0007818608287726,5.013268399411995e-05,0.0,5.971032914158787e-05,-0.0007818608287724,3.3288024776983346e-05,0.00312744331509,3.6014267607848456e-05,0.0039093041438624,2.7154075151427224e-05,0.0046911649726348,4.936434401673419e-05,0.0054730258014072,6.096799971650789e-05,0.0062548866301799,3.57139745721137e-05,1,0,1,1,0
1087,3,14:04:24,4,0.0023455824863174,38460.0,0.0027365129007037,0.0023455824863174,1.934877807569276e-08,0.001563721657545,7.178396666082015e-06,0.0007818608287726,5.015203277219564e-05,0.0,5.9865119366193406e-05,-0.0007818608287724,3.3288024776983346e-05,0.00312744331509,3.6014267607848456e-05,0.0039093041438624,2.7366911710259844e-05,0.0046911649726348,4.936434401673419e-05,0.0054730258014072,6.108409238496205e-05,0.0062548866301799,3.57139745721137e-05,1,0,1,0,0
1088,3,14:04:27,4,0.0023455824863174,21794.0,0.0027365129007037,0.0023455824863174,1.625297358358192e-06,0.001563721657545,7.5653722275958705e-06,0.0007818608287726,5.015203277219564e-05,0.0,5.9865119366193406e-05,-0.0007818608287724,3.3288024776983346e-05,0.00312744331509,3.6014267607848456e-05,0.0039093041438624,2.7366911710259844e-05,0.0046911649726348,4.9751319578248046e-05,0.0054730258014072,6.108409238496205e-05,0.0062548866301799,3.57139745721137e-05,1,0,1,0,0
1089,3,14:04:30,4,0.0023455824863174,8974.0,0.0027365129007037,0.0023455824863174,2.3992484813859025e-06,0.001563721657545,7.70081367412572e-06,0.0007818608287726,5.015203277219564e-05,0.0,5.9865119366193406e-05,-0.0007818608287724,3.3288024776983346e-05,0.00312744331509,3.272497533498068e-05,0.0039093041438624,2.7366911710259844e-05,0.0046911649726348,4.9751319578248046e-05,0.0054730258014072,6.108409238496205e-05,0.0062548866301799,3.57139745721137e-05,0,0,1,0,0
1090,3,14:04:33,4,0.0023455824863174,60260.0,0.0027365129007037,0.0023455824863174,1.6833436925852705e-06,0.001563721657545,7.758860008352799e-06,0.0007818608287726,5.015203277219564e-05,0.0,5.9865119366193406e-05,-0.0007818608287724,3.388783689732982e-05,0.00312744331509,3.376980935106809e-05,0.0039093041438624,2.7366911710259844e-05,0.0046911649726348,5.01382951397619e-05,0.0054730258014072,6.108409238496205e-05,0.0062548866301799,3.57139745721137e-05,0,0,1,0,0
1091,3,14:04:36,4,0.0023455824863174,11539.0,0.0027365129007037,0.0023455824863174,1.5285534679797282e-06,0.001563721657545,7.758860008352799e-06,0.0007818608287726,5.034552055295257e-05,0.0,5.9865119366193406e-05,-0.0007818608287724,3.3113885774302105e-05,0.00312744331509,3.37504605729924e-05,0.0039093041438624,2.7366911710259844e-05,0.0046911649726348,5.052527070127576e-05,0.0054730258014072,6.079386071382666e-05,0.0062548866301799,3.57139745721137e-05,0,0,1,0,0
1092,3,14:04:39,4,0.0023455824863174,192300.0,0.0027365129007037,0.0023455824863174,8.513462353304816e-07,0.001563721657545,7.758860008352799e-06,0.0007818608287726,6.009730470310172e-05,0.0,5.9865119366193406e-05,-0.0007818608287724,3.3113885774302105e-05,0.00312744331509,3.378915812914378e-05,0.0039093041438624,2.7366911710259844e-05,0.0046911649726348,5.052527070127576e-05,0.0054730258014072,6.079386071382666e-05,0.0062548866301799,3.57139745721137e-05,0,0,1,0,0
1093,3,14:04:42,4,0.00312744331509,67959.0,0.0027365129007037,0.0023455824863174,7.739511230277106e-08,0.001563721657545,7.758860008352799e-06,0.0007818608287726,6.009730470310172e-05,0.0,5.9865119366193406e-05,-0.0007818608287724,3.3113885774302105e-05,0.00312744331509,3.3537624014159776e-05,0.0039093041438624,2.7366911710259844e-05,0.0046911649726348,5.052527070127576e-05,0.0054730258014072,6.079386071382666e-05,0.0062548866301799,3.57139745721137e-05,0,0,1,0,0
1094,3,14:04:45,4,0.001563721657545,617446.0,0.0011727912431587,0.0007818608287726,6.0194048593480185e-05,0.0,5.9865119366193406e-05,-0.0007818608287724,3.3113885774302105e-05,-0.0015637216575449,4.868152563844299e-05,-0.0023455824863173,1.9580963412601075e-05,0.001563721657545,3.3860361632462336e-06,0.0023455824863174,3.869755615138553e-07,0.00312744331509,3.373111179491671e-05,0.0039093041438624,2.8140862833287557e-05,0.0046911649726348,5.052527070127576e-05,1,2,1,1,1
1095,3,14:04:48,4,0.001563721657545,69174.0,0.0011727912431587,0.0007818608287726,6.058102415499404e-05,0.0,5.9865119366193406e-05,-0.0007818608287724,3.3113885774302105e-05,-0.0015637216575449,4.868152563844299e-05,-0.0023455824863173,1.9580963412601075e-05,0.001563721657545,2.341202147158824e-06,0.0023455824863174,6.655979658038311e-06,0.00312744331509,3.37504605729924e-05,0.0039093041438624,2.8140862833287557e-05,0.0046911649726348,5.052527070127576e-05,1,2,1,1,1
1096,3,14:04:51,4,0.001563721657545,7686.0,0.0011727912431587,0.0007818608287726,6.158716061493007e-05,0.0,5.9865119366193406e-05,-0.0007818608287724,3.3113885774302105e-05,-0.0015637216575449,4.868152563844299e-05,-0.0023455824863173,1.9580963412601075e-05,0.001563721657545,2.2444582567803605e-06,0.0023455824863174,9.113274473651292e-06,0.00312744331509,3.514357259444228e-05,0.0039093041438624,2.8140862833287557e-05,0.0046911649726348,5.052527070127576e-05,1,2,1,1,1
1097,3,14:04:54,4,0.001563721657545,125538.0,0.0011727912431587,0.0007818608287726,6.205153128874669e-05,0.0,5.9865119366193406e-05,-0.0007818608287724,3.3113885774302105e-05,-0.0015637216575449,4.862347930421591e-05,-0.0023455824863173,1.9580963412601075e-05,0.001563721657545,3.482780053624697e-07,0.0023455824863174,9.30676225440822e-06,0.00312744331509,3.452441169602011e-05,0.0039093041438624,2.7947375052530623e-05,0.0046911649726348,5.052527070127576e-05,1,2,1,1,1
1098,3,14:04:57,4,0.001563721657545,648967.0,0.0011727912431587,0.0007818608287726,5.237714225090031e-05,0.0,5.9865119366193406e-05,-0.0007818608287724,3.321062966468057e-05,-0.0015637216575449,4.765604040043128e-05,-0.0023455824863173,1.9580963412601075e-05,0.001563721657545,2.128365588326204e-07,0.0023455824863174,9.30676225440822e-06,0.00312744331509,3.4621155586398575e-05,0.0039093041438624,2.7947375052530623e-05,0.0046911649726348,5.081550237241115e-05,2,2,1,1,1
1099,3,14:05:00,4,0.001563721657545,0.0,0.0011727912431587,0.0007818608287726,5.251258369743016e-05,0.0,5.9865119366193406e-05,-0.0007818608287724,3.321062966468057e-05,-0.0015637216575449,4.765604040043128e-05,-0.0023455824863173,1.9580963412601075e-05,0.001563721657545,2.128365588326204e-07,0.0023455824863174,1.3950468992574482e-05,0.00312744331509,3.532158135273865e-05,0.0039093041438624,2.7947375052530623e-05,0.0046911649726348,5.071875848203268e-05,2,2,1,1,1
1100,3,14:05:03,4,0.001563721657545,7686.0,0.0011727912431587,0.0007818608287726,5.251258369743016e-05,0.0,5.9865119366193406e-05,-0.0007818608287724,3.321062966468057e-05,-0.0015637216575449,4.765604040043128e-05,-0.0023455824863173,1.9580963412601075e-05,0.001563721657545,9.674389037846383e-08,0.0023455824863174,1.5711207797462525e-05,0.00312744331509,3.474111801046787e-05,0.0039093041438624,2.7947375052530623e-05,0.0046911649726348,5.129922182430346e-05,2,2,1,1,1
1101,3,14:05:06,4,0.001563721657545,43524.0,0.0011727912431587,0.0007818608287726,5.1932120355159375e-05,0.0,5.9865119366193406e-05,-0.0007818608287724,3.321062966468057e-05,-0.0015637216575449,4.765604040043128e-05,-0.0023455824863173,1.9580963412601075e-05,0.001563721657545,9.674389037846383e-08,0.0023455824863174,1.942617318799553e-05,0.00312744331509,3.474111801046787e-05,0.0039093041438624,2.7715189715622316e-05,0.0046911649726348,5.261493873345057e-05,2,2,1,1,1
1102,3,14:05:09,4,0.001563721657545,5124.0,0.0011727912431587,0.0007818608287726,5.1932120355159375e-05,0.0,5.9865119366193406e-05,-0.0007818608287724,3.321062966468057e-05,-0.0015637216575449,4.765604040043128e-05,-0.0023455824863173,1.9580963412601075e-05,0.001563721657545,3.2892922728677695e-07,0.0023455824863174,2.559843339414153e-05,0.00312744331509,3.474111801046787e-05,0.0039093041438624,2.7715189715622316e-05,0.0046911649726348,5.261493873345057e-05,2,2,1,1,1
1103,3,14:05:12,4,0.0007818608287726,143460.0,0.0019546520719313,0.001563721657545,9.674389037846382e-07,0.0007818608287726,5.1699935018251065e-05,0.0,5.9865119366193406e-05,-0.0007818608287724,3.321062966468057e-05,-0.0015637216575449,4.765604040043128e-05,0.0023455824863174,2.5637130950292912e-05,0.00312744331509,3.458632778586233e-05,0.0039093041438624,2.7715189715622316e-05,0.0046911649726348,5.276972895805612e-05,0.0054730258014072,5.524076140610284e-05,1,1,1,1,1
1104,3,14:05:15,4,0.001563721657545,56364.0,0.0019546520719313,0.001563721657545,1.5672510241311135e-06,0.0007818608287726,5.18547252428566e-05,0.0,5.9865119366193406e-05,-0.0007818608287724,3.321062966468057e-05,-0.0015637216575449,4.765604040043128e-05,0.0023455824863174,2.5637130950292912e-05,0.00312744331509,3.477981556661926e-05,0.0039093041438624,2.7715189715622316e-05,0.0046911649726348,5.2924519182661655e-05,0.0054730258014072,5.524076140610284e-05,1,0,1,0,1
1105,3,14:05:18,4,0.0023455824863174,135773.0,0.0019546520719313,0.001563721657545,1.064182794163102e-06,0.0007818608287726,5.148709845941845e-05,0.0,5.9865119366193406e-05,-0.0007818608287724,3.321062966468057e-05,-0.0015637216575449,4.765604040043128e-05,0.0023455824863174,2.5521038281838757e-05,0.00312744331509,3.477981556661926e-05,0.0039093041438624,2.7715189715622316e-05,0.0046911649726348,5.2924519182661655e-05,0.0054730258014072,5.524076140610284e-05,1,0,1,0,1
1106,3,14:05:21,4,0.001563721657545,12810.0,0.0019546520719313,0.001563721657545,2.999060601732378e-06,0.0007818608287726,5.1583842349796906e-05,0.0,5.9865119366193406e-05,-0.0007818608287724,3.321062966468057e-05,-0.0015637216575449,4.765604040043128e-05,0.0023455824863174,2.668196496638032e-05,0.00312744331509,3.872696629406058e-05,0.0039093041438624,2.7715189715622316e-05,0.0046911649726348,5.2924519182661655e-05,0.0054730258014072,5.6053410085281935e-05,1,0,1,0,1
1107,3,14:05:24,4,0.001563721657545,99923.0,0.0019546520719313,0.001563721657545,8.726298912137435e-06,0.0007818608287726,5.206756180168922e-05,0.0,5.9865119366193406e-05,-0.0007818608287724,3.321062966468057e-05,-0.0015637216575449,4.765604040043128e-05,0.0023455824863174,2.7378520977105255e-05,0.00312744331509,3.872696629406058e-05,0.0039093041438624,2.7715189715622316e-05,0.0046911649726348,5.2924519182661655e-05,0.0054730258014072,5.6053410085281935e-05,1,0,1,0,1
1108,3,14:05:27,4,0.001563721657545,28185.0,0.0019546520719313,0.001563721657545,1.17640570700212e-05,0.0007818608287726,5.206756180168922e-05,0.0,5.9865119366193406e-05,-0.0007818608287724,3.321062966468057e-05,-0.0015637216575449,4.765604040043128e-05,0.0023455824863174,2.354746291811809e-05,0.00312744331509,3.872696629406058e-05,0.0039093041438624,2.7715189715622316e-05,0.0046911649726348,5.2924519182661655e-05,0.0054730258014072,5.6053410085281935e-05,1,0,1,0,1
1109,3,14:05:30,4,0.001563721657545,462441.0,0.0019546520719313,0.001563721657545,4.8565432969988834e-06,0.0007818608287726,5.206756180168922e-05,0.0,5.9865119366193406e-05,-0.0007818608287724,3.326867599890765e-05,-0.0015637216575449,4.765604040043128e-05,0.0023455824863174,2.40698799261618e-05,0.00312744331509,3.8862407740590425e-05,0.0039093041438624,2.574161435190165e-05,0.0046911649726348,5.2924519182661655e-05,0.0054730258014072,5.6053410085281935e-05,0,1,1,0,1
1110,3,14:05:33,4,0.001563721657545,15374.0,0.0019546520719313,0.001563721657545,4.663055516241956e-06,0.0007818608287726,5.440876394884805e-05,0.0,5.9865119366193406e-05,-0.0007818608287724,3.326867599890765e-05,-0.0015637216575449,4.765604040043128e-05,0.0023455824863174,2.4224670150767335e-05,0.00312744331509,3.8862407740590425e-05,0.0039093041438624,2.574161435190165e-05,0.0046911649726348,5.2924519182661655e-05,0.0054730258014072,5.6053410085281935e-05,0,1,1,0,1
1111,3,14:05:36,4,0.001563721657545,64050.0,0.0019546520719313,0.001563721657545,3.6956166124573177e-06,0.0007818608287726,5.440876394884805e-05,0.0,5.9865119366193406e-05,-0.0007818608287724,3.326867599890765e-05,-0.0015637216575449,4.765604040043128e-05,0.0023455824863174,2.6275640626790773e-05,0.00312744331509,3.9249383302104286e-05,0.0039093041438624,2.574161435190165e-05,0.0046911649726348,5.2924519182661655e-05,0.0054730258014072,5.6053410085281935e-05,0,1,1,0,1
1112,3,14:05:39,4,0.001563721657545,0.0,0.0019546520719313,0.001563721657545,4.237382398576715e-06,0.0007818608287726,5.440876394884805e-05,0.0,5.996186325657187e-05,-0.0007818608287724,3.326867599890765e-05,-0.0015637216575449,5.1525796015569824e-05,0.0023455824863174,2.6372384517169235e-05,0.00312744331509,3.81465029517898e-05,0.0039093041438624,2.574161435190165e-05,0.0046911649726348,5.2924519182661655e-05,0.0054730258014072,5.6053410085281935e-05,0,1,1,1,1
1113,3,14:05:42,4,0.0023455824863174,17937.0,0.0019546520719313,0.001563721657545,4.218033620501022e-06,0.0007818608287726,5.440876394884805e-05,0.0,5.996186325657187e-05,-0.0007818608287724,3.326867599890765e-05,-0.0015637216575449,5.1525796015569824e-05,0.0023455824863174,2.689480152521294e-05,0.00312744331509,3.81465029517898e-05,0.0039093041438624,2.574161435190165e-05,0.0046911649726348,5.2924519182661655e-05,0.0054730258014072,5.6053410085281935e-05,0,0,1,1,1
1114,3,14:05:45,4,0.001563721657545,859102.0,0.0011727912431587,0.0007818608287726,4.568246503671061e-05,0.0,5.996186325657187e-05,-0.0007818608287724,3.326867599890765e-05,-0.0015637216575449,5.1525796015569824e-05,-0.0023455824863173,1.9580963412601075e-05,0.001563721657545,4.852673541383745e-07,0.0023455824863174,2.722373075249972e-05,0.00312744331509,3.81465029517898e-05,0.0039093041438624,2.574161435190165e-05,0.0046911649726348,5.2924519182661655e-05,2,2,1,1,1
1115,3,14:05:48,4,0.001563721657545,0.0,0.0011727912431587,0.0007818608287726,4.587595281746754e-05,0.0,5.996186325657187e-05,-0.0007818608287724,3.326867599890765e-05,-0.0015637216575449,5.1525796015569824e-05,-0.0023455824863173,1.9580963412601075e-05,0.001563721657545,4.852673541383745e-07,0.0023455824863174,2.7417218533256644e-05,0.00312744331509,3.81465029517898e-05,0.0039093041438624,2.574161435190165e-05,0.0046911649726348,5.242145095269364e-05,2,2,1,1,1
1116,3,14:05:51,4,0.001563721657545,12810.0,0.0011727912431587,0.0007818608287726,4.709492583623618e-05,0.0,5.9981212034647565e-05,-0.0007818608287724,3.326867599890765e-05,-0.0015637216575449,5.1525796015569824e-05,-0.0023455824863173,1.9580963412601075e-05,0.001563721657545,5.820112445168383e-07,0.0023455824863174,2.7417218533256644e-05,0.00312744331509,3.797236394910856e-05,0.0039093041438624,2.574161435190165e-05,0.0046911649726348,5.242145095269364e-05,2,2,1,1,1
1117,3,14:05:54,4,0.001563721657545,331524.0,0.0011727912431587,0.0007818608287726,4.216098742693453e-05,0.0,5.9981212034647565e-05,-0.0007818608287724,3.326867599890765e-05,-0.0015637216575449,5.1525796015569824e-05,-0.0023455824863173,1.9580963412601075e-05,0.001563721657545,1.1237770306362355e-06,0.0023455824863174,2.7630055092089265e-05,0.00312744331509,3.816585172986549e-05,0.0039093041438624,2.574161435190165e-05,0.0046911649726348,5.242145095269364e-05,2,1,1,1,1
1118,3,14:05:57,4,0.0023455824863174,101173.0,0.0011727912431587,0.0007818608287726,4.179336064349637e-05,0.0,5.9981212034647565e-05,-0.0007818608287724,3.326867599890765e-05,-0.0015637216575449,5.1525796015569824e-05,-0.0023455824863173,1.9580963412601075e-05,0.001563721657545,4.256731176652408e-07,0.0023455824863174,2.7572008757862185e-05,0.00312744331509,3.816585172986549e-05,0.0039093041438624,2.574161435190165e-05,0.0046911649726348,5.244079973076934e-05,1,1,1,1,1
1119,3,14:06:00,4,0.001563721657545,56357.0,0.0019546520719313,0.001563721657545,1.218973018768644e-06,0.0007818608287726,4.165791919696652e-05,0.0,5.9981212034647565e-05,-0.0007818608287724,3.326867599890765e-05,-0.0015637216575449,5.055835711178519e-05,0.0023455824863174,2.78041940947705e-05,0.00312744331509,3.615357880999344e-05,0.0039093041438624,2.574161435190165e-05,0.0046911649726348,5.244079973076934e-05,0.0054730258014072,5.6053410085281935e-05,1,0,1,0,1
1120,3,14:06:03,4,0.001563721657545,0.0,0.0019546520719313,0.001563721657545,1.2576705749200296e-06,0.0007818608287726,4.165791919696652e-05,0.0,5.9981212034647565e-05,-0.0007818608287724,3.326867599890765e-05,-0.0015637216575449,5.055835711178519e-05,0.0023455824863174,2.78041940947705e-05,0.00312744331509,3.712101771377808e-05,0.0039093041438624,2.574161435190165e-05,0.0046911649726348,5.244079973076934e-05,0.0054730258014072,5.6053410085281935e-05,1,0,1,0,1
1121,3,14:06:06,4,0.001563721657545,12810.0,0.0019546520719313,0.001563721657545,1.2770193529957225e-06,0.0007818608287726,4.2257731317312994e-05,0.0,5.994251447849618e-05,-0.0007818608287724,3.326867599890765e-05,-0.0015637216575449,5.055835711178519e-05,0.0023455824863174,2.823373696805088e-05,0.00312744331509,3.712101771377808e-05,0.0039093041438624,2.5838358242280115e-05,0.0046911649726348,5.244079973076934e-05,0.0054730258014072,5.6053410085281935e-05,1,0,1,0,1
1122,3,14:06:09,4,0.001563721657545,3843.0,0.0019546520719313,0.001563721657545,1.218973018768644e-06,0.0007818608287726,4.2257731317312994e-05,0.0,5.994251447849618e-05,-0.0007818608287724,3.326867599890765e-05,-0.0015637216575449,5.055835711178519e-05,0.0023455824863174,2.943336120874383e-05,0.00312744331509,3.808845661756272e-05,0.0039093041438624,2.5838358242280115e-05,0.0046911649726348,5.244079973076934e-05,0.0054730258014072,5.6053410085281935e-05,0,0,1,0,0
1123,3,14:06:12,4,0.001563721657545,93513.0,0.0011727912431587,0.0007818608287726,4.2354475207691456e-05,0.0,5.994251447849618e-05,-0.0007818608287724,3.326867599890765e-05,-0.0015637216575449,5.055835711178519e-05,-0.0023455824863173,1.9580963412601075e-05,0.001563721657545,1.9348778075692766e-07,0.0023455824863174,2.9588151433349373e-05,0.00312744331509,3.8494780957152267e-05,0.0039093041438624,2.5838358242280115e-05,0.0046911649726348,5.244079973076934e-05,1,1,1,1,1
1124,3,14:06:15,4,0.001563721657545,20496.0,0.0019546520719313,0.001563721657545,7.081652775703551e-06,0.0007818608287726,4.2354475207691456e-05,0.0,6.001990959079895e-05,-0.0007818608287724,3.326867599890765e-05,-0.0015637216575449,5.055835711178519e-05,0.0023455824863174,2.9588151433349373e-05,0.00312744331509,3.8494780957152267e-05,0.0039093041438624,2.5838358242280115e-05,0.0046911649726348,5.244079973076934e-05,0.0054730258014072,5.6053410085281935e-05,0,0,0,1,0
1125,3,14:06:18,4,0.001563721657545,131943.0,0.0019546520719313,0.001563721657545,5.127426190058582e-06,0.0007818608287726,4.2354475207691456e-05,0.0,6.001990959079895e-05,-0.0007818608287724,3.326867599890765e-05,-0.0015637216575449,5.036486933102826e-05,0.0023455824863174,3.011056844139308e-05,0.00312744331509,3.8494780957152267e-05,0.0039093041438624,2.5838358242280115e-05,0.0046911649726348,5.176359249812009e-05,0.0054730258014072,5.6053410085281935e-05,0,0,0,1,0
1126,3,14:06:21,4,0.001563721657545,19215.0,0.0019546520719313,0.001563721657545,4.83719451892319e-06,0.0007818608287726,4.529548947519676e-05,0.0,6.001990959079895e-05,-0.0007818608287724,3.326867599890765e-05,-0.0015637216575449,5.036486933102826e-05,0.0023455824863174,2.6550393275465607e-05,0.00312744331509,3.905589552134736e-05,0.0039093041438624,2.5838358242280115e-05,0.0046911649726348,5.176359249812009e-05,0.0054730258014072,5.6053410085281935e-05,0,0,0,1,0
1127,3,14:06:24,4,0.001563721657545,829730.0,0.0011727912431587,0.0007818608287726,3.815579036526613e-05,0.0,6.031014126193434e-05,-0.0007818608287724,3.326867599890765e-05,-0.0015637216575449,5.036486933102826e-05,-0.0023455824863173,1.9580963412601075e-05,0.001563721657545,7.546023449520178e-07,0.0023455824863174,2.6298859160481604e-05,0.00312744331509,3.905589552134736e-05,0.0039093041438624,2.5838358242280115e-05,0.0046911649726348,5.176359249812009e-05,1,1,1,1,1
1128,3,14:06:27,4,0.0023455824863174,407637.0,0.0011727912431587,0.0007818608287726,3.815579036526613e-05,0.0,6.031014126193434e-05,-0.0007818608287724,3.388783689732982e-05,-0.0015637216575449,5.036486933102826e-05,-0.0023455824863173,1.9580963412601075e-05,0.001563721657545,7.739511230277105e-07,0.0023455824863174,2.200343042767781e-05,0.00312744331509,4.041030998664585e-05,0.0039093041438624,2.5838358242280115e-05,0.0046911649726348,5.176359249812009e-05,1,1,1,1,1
1129,3,14:06:30,4,0.0023455824863174,0.0,0.0011727912431587,0.0007818608287726,3.952955360864032e-05,0.0,6.031014126193434e-05,-0.0007818608287724,3.388783689732982e-05,-0.0015637216575449,5.036486933102826e-05,-0.0023455824863173,1.9580963412601075e-05,0.001563721657545,4.605009182014878e-06,0.0023455824863174,2.2196918208434737e-05,0.00312744331509,4.041030998664585e-05,0.0039093041438624,2.5838358242280115e-05,0.0046911649726348,5.176359249812009e-05,1,1,1,1,1
1130,3,14:06:33,4,0.0023455824863174,0.0,0.0011727912431587,0.0007818608287726,3.952955360864032e-05,0.0,6.031014126193434e-05,-0.0007818608287724,3.388783689732982e-05,-0.0015637216575449,5.036486933102826e-05,-0.0023455824863173,1.9580963412601075e-05,0.001563721657545,5.572448085799515e-06,0.0023455824863174,2.235170843304028e-05,0.00312744331509,4.041030998664585e-05,0.0039093041438624,2.5838358242280115e-05,0.0046911649726348,5.176359249812009e-05,1,1,1,1,1
1131,3,14:06:36,4,0.0007818608287726,1280.0,0.0011727912431587,0.0007818608287726,3.951020483056462e-05,0.0,6.031014126193434e-05,-0.0007818608287724,3.388783689732982e-05,-0.0015637216575449,5.036486933102826e-05,-0.0023455824863173,1.9580963412601075e-05,0.001563721657545,1.0274201158192858e-05,0.0023455824863174,2.2196918208434737e-05,0.00312744331509,4.041030998664585e-05,0.0039093041438624,2.5838358242280115e-05,0.0046911649726348,5.176359249812009e-05,1,1,1,1,1
1132,3,14:06:39,4,0.001563721657545,26890.0,0.0011727912431587,0.0007818608287726,3.9316717049807695e-05,0.0,6.127758016571898e-05,-0.0007818608287724,3.4081324678086745e-05,-0.0015637216575449,5.036486933102826e-05,-0.0023455824863173,1.9580963412601075e-05,0.001563721657545,1.0603130385479636e-05,0.0023455824863174,2.22936620988132e-05,0.00312744331509,4.041030998664585e-05,0.0039093041438624,2.5838358242280115e-05,0.0046911649726348,5.176359249812009e-05,1,1,1,1,1
1133,3,14:06:42,4,0.001563721657545,0.0,0.0011727912431587,0.0007818608287726,3.937476338403477e-05,0.0,6.127758016571898e-05,-0.0007818608287724,3.4081324678086745e-05,-0.0015637216575449,5.036486933102826e-05,-0.0023455824863173,1.9580963412601075e-05,0.001563721657545,1.441096991077597e-05,0.0023455824863174,2.351263511758185e-05,0.00312744331509,4.060379776740277e-05,0.0039093041438624,2.5838358242280115e-05,0.0046911649726348,5.176359249812009e-05,1,1,1,1,1
1134,3,14:06:45,4,0.0007818608287726,830720.0,0.0011727912431587,0.0007818608287726,2.7262428308651103e-05,0.0,6.127758016571898e-05,-0.0007818608287724,3.4081324678086745e-05,-0.0015637216575449,5.036486933102826e-05,-0.0023455824863173,1.9580963412601075e-05,0.001563721657545,1.638454527449663e-05,0.0023455824863174,2.461551546789633e-05,0.00312744331509,4.060379776740277e-05,0.0039093041438624,2.572226557382596e-05,0.0046911649726348,5.172489494196871e-05,1,0,1,1,1
1135,3,14:06:48,4,0.0007818608287726,883842.0,0.0011727912431587,0.0007818608287726,2.9003818335463453e-05,0.0,6.127758016571898e-05,-0.0007818608287724,3.4081324678086745e-05,-0.0015637216575449,5.036486933102826e-05,-0.0023455824863173,1.9580963412601075e-05,0.001563721657545,6.032949004001004e-06,0.0023455824863174,2.4108577482313183e-05,0.00312744331509,4.060379776740277e-05,0.0039093041438624,2.572226557382596e-05,0.0046911649726348,5.172489494196871e-05,1,0,1,1,1
1136,3,14:06:51,4,0.001563721657545,55083.0,0.0011727912431587,0.0007818608287726,2.983581579271824e-05,0.0,6.127758016571898e-05,-0.0007818608287724,3.4081324678086745e-05,-0.0015637216575449,5.036486933102826e-05,-0.0023455824863173,1.9580963412601075e-05,0.001563721657545,1.0599260629864497e-05,0.0023455824863174,2.5966060177579687e-05,0.00312744331509,4.060379776740277e-05,0.0039093041438624,2.5915753354582888e-05,0.0046911649726348,5.20151266131041e-05,1,0,1,1,1
1137,3,14:06:54,4,0.001563721657545,126819.0,0.0011727912431587,0.0007818608287726,3.066781324997303e-05,0.0,6.315441163906117e-05,-0.0007818608287724,3.4081324678086745e-05,-0.0015637216575449,5.036486933102826e-05,-0.0023455824863173,1.9580963412601075e-05,0.001563721657545,8.87721938112784e-06,0.0023455824863174,2.7359172199029565e-05,0.00312744331509,4.060379776740277e-05,0.0039093041438624,2.5915753354582888e-05,0.0046911649726348,5.20151266131041e-05,1,0,1,1,1
1138,3,14:06:57,4,0.001563721657545,7686.0,0.0011727912431587,0.0007818608287726,2.099342421212665e-05,0.0,6.31157140829098e-05,-0.0007818608287724,3.4081324678086745e-05,-0.0015637216575449,5.036486933102826e-05,-0.0023455824863173,1.9580963412601075e-05,0.001563721657545,8.26192823832081e-06,0.0023455824863174,2.625629184871508e-05,0.00312744331509,4.029421731819169e-05,0.0039093041438624,2.5915753354582888e-05,0.0046911649726348,5.20151266131041e-05,1,0,1,1,1
1139,3,14:07:00,4,0.001563721657545,0.0,0.0011727912431587,0.0007818608287726,2.099342421212665e-05,0.0,3.84847195925529e-05,-0.0007818608287724,3.44683002396006e-05,-0.0015637216575449,5.036486933102826e-05,-0.0023455824863173,1.9580963412601075e-05,0.001563721657545,8.668252577910358e-06,0.0023455824863174,2.625629184871508e-05,0.00312744331509,4.029421731819169e-05,0.0039093041438624,2.5915753354582888e-05,0.0046911649726348,5.20151266131041e-05,0,0,1,1,1
1140,3,14:07:03,4,0.0007818608287726,273920.0,0.0011727912431587,0.0007818608287726,1.762673682695611e-05,0.0,3.84847195925529e-05,-0.0007818608287724,3.44683002396006e-05,-0.0015637216575449,5.036486933102826e-05,-0.0023455824863173,1.973575363720662e-05,0.001563721657545,9.59699392554361e-06,0.0023455824863174,2.625629184871508e-05,0.00312744331509,4.029421731819169e-05,0.0039093041438624,2.5915753354582888e-05,0.0046911649726348,5.207317294733117e-05,0,0,1,1,0
1141,3,14:07:06,4,0.001563721657545,24330.0,0.0011727912431587,0.0007818608287726,1.745259782427487e-05,0.0,3.84847195925529e-05,-0.0007818608287724,3.44683002396006e-05,-0.0015637216575449,5.036486933102826e-05,-0.0023455824863173,1.973575363720662e-05,0.001563721657545,1.085466450046364e-05,0.0023455824863174,2.625629184871508e-05,0.00312744331509,4.035226365241877e-05,0.0039093041438624,2.5915753354582888e-05,0.0046911649726348,5.207317294733117e-05,0,0,1,1,0
1142,3,14:07:09,4,0.0007818608287726,57606.0,0.0011727912431587,0.0007818608287726,1.809110750077273e-05,0.0,3.84847195925529e-05,-0.0007818608287724,3.456504412997907e-05,-0.0015637216575449,5.036486933102826e-05,-0.0023455824863173,1.973575363720662e-05,0.001563721657545,1.0738571832009485e-05,0.0023455824863174,2.625629184871508e-05,0.00312744331509,4.044900754279724e-05,0.0039093041438624,2.5819009464204426e-05,0.0046911649726348,5.207317294733117e-05,0,1,1,1,1
1143,3,14:07:12,4,0.0007818608287726,928000.0,0.0011727912431587,0.0007818608287726,4.1019409520468654e-06,0.0,4.0168063285138176e-05,-0.0007818608287724,3.456504412997907e-05,-0.0015637216575449,5.036486933102826e-05,-0.0023455824863173,1.973575363720662e-05,0.001563721657545,1.2383217968443369e-05,0.0023455824863174,2.6294989404866463e-05,0.00312744331509,4.044900754279724e-05,0.0039093041438624,2.5819009464204426e-05,0.0046911649726348,5.207317294733117e-05,0,1,1,1,0
1144,3,14:07:15,4,0.0007818608287726,271360.0,0.0003909304143863,0.0,4.03808998439708e-05,-0.0007818608287724,3.44683002396006e-05,-0.0015637216575449,5.055835711178519e-05,-0.0023455824863173,1.973575363720662e-05,-0.0031274433150898,5.206756180168922e-05,0.0007818608287726,4.670795027472233e-06,0.001563721657545,1.1938196072702436e-05,0.0023455824863174,2.6294989404866463e-05,0.00312744331509,4.044900754279724e-05,0.0039093041438624,2.5819009464204426e-05,1,1,1,1,1
1145,3,14:07:18,4,0.0007818608287726,85760.0,0.0003909304143863,0.0,4.03808998439708e-05,-0.0007818608287724,3.44683002396006e-05,-0.0015637216575449,5.055835711178519e-05,-0.0023455824863173,1.973575363720662e-05,-0.0031274433150898,5.206756180168922e-05,0.0007818608287726,4.535353580942384e-06,0.001563721657545,1.2421915524594751e-05,0.0023455824863174,2.6294989404866463e-05,0.00312744331509,4.044900754279724e-05,0.0039093041438624,2.5993148466885656e-05,1,1,1,1,1
1146,3,14:07:21,4,0.0007818608287726,79360.0,0.0003909304143863,0.0,4.03808998439708e-05,-0.0007818608287724,3.44683002396006e-05,-0.0015637216575449,5.0751844892542114e-05,-0.0023455824863173,1.973575363720662e-05,-0.0031274433150898,5.206756180168922e-05,0.0007818608287726,5.233457493913378e-06,0.001563721657545,1.2421915524594751e-05,0.0023455824863174,2.6294989404866463e-05,0.00312744331509,4.060379776740277e-05,0.0039093041438624,2.5993148466885656e-05,1,1,2,1,1
1147,3,14:07:24,4,0.0007818608287726,25600.0,0.0003909304143863,0.0,4.009066817283541e-05,-0.0007818608287724,3.44683002396006e-05,-0.0015637216575449,5.0751844892542114e-05,-0.0023455824863173,1.973575363720662e-05,-0.0031274433150898,5.206756180168922e-05,0.0007818608287726,5.8526183923355465e-06,0.001563721657545,1.4318095776012644e-05,0.0023455824863174,2.6488477185623397e-05,0.00312744331509,4.070054165778124e-05,0.0039093041438624,2.5993148466885656e-05,2,1,2,1,1
1148,3,14:07:27,4,0.0007818608287726,0.0,0.0003909304143863,0.0,4.009066817283541e-05,-0.0007818608287724,3.44683002396006e-05,-0.0015637216575449,5.0751844892542114e-05,-0.0023455824863173,1.973575363720662e-05,-0.0031274433150898,5.206756180168922e-05,0.0007818608287726,6.6265695153632576e-06,0.001563721657545,1.3389354428379392e-05,0.0023455824863174,2.6488477185623397e-05,0.00312744331509,4.0797285548159705e-05,0.0039093041438624,2.6302728916096746e-05,2,1,1,1,1
1149,3,14:07:30,4,0.0007818608287726,458106.0,0.0003909304143863,0.0,3.749793191069257e-05,-0.0007818608287724,3.44683002396006e-05,-0.0015637216575449,5.0751844892542114e-05,-0.0023455824863173,1.973575363720662e-05,-0.0031274433150898,5.206756180168922e-05,0.0007818608287726,2.9503016809816325e-06,0.001563721657545,1.3389354428379392e-05,0.0023455824863174,2.5521038281838757e-05,0.00312744331509,4.0797285548159705e-05,0.0039093041438624,2.6302728916096746e-05,1,1,1,1,1
1150,3,14:07:33,4,0.0007818608287726,161280.0,0.0003909304143863,0.0,3.749793191069257e-05,-0.0007818608287724,3.44683002396006e-05,-0.0015637216575449,5.0751844892542114e-05,-0.0023455824863173,1.973575363720662e-05,-0.0031274433150898,5.206756180168922e-05,0.0007818608287726,5.123556434443444e-07,0.001563721657545,1.3389354428379392e-05,0.0023455824863174,2.5521038281838757e-05,0.00312744331509,4.0797285548159705e-05,0.0039093041438624,2.6302728916096746e-05,1,1,1,1,1
1151,3,14:07:36,4,0.0,166274.0,0.0003909304143863,0.0,3.4866498092398355e-05,-0.0007818608287724,3.4855275801114454e-05,-0.0015637216575449,5.0751844892542114e-05,-0.0023455824863173,1.973575363720662e-05,-0.0031274433150898,5.206756180168922e-05,0.0007818608287726,4.349605311415733e-07,0.001563721657545,1.3253912981849542e-05,0.0023455824863174,2.542429439146029e-05,0.00312744331509,3.930742963633136e-05,0.0039093041438624,2.6302728916096746e-05,1,1,1,1,0
1152,3,14:07:39,4,0.0007818608287726,92724.0,0.0011727912431587,0.0007818608287726,1.499917276427703e-06,0.0,3.467301031164143e-05,-0.0007818608287724,3.4855275801114454e-05,-0.0015637216575449,5.0751844892542114e-05,-0.0023455824863173,1.973575363720662e-05,0.001563721657545,1.3253912981849542e-05,0.0023455824863174,2.542429439146029e-05,0.00312744331509,3.930742963633136e-05,0.0039093041438624,2.6534914253005056e-05,0.0046911649726348,5.2924519182661655e-05,0,0,1,1,0
1153,3,14:07:42,4,0.0007818608287726,145920.0,0.0011727912431587,0.0007818608287726,1.6485158920490234e-07,0.0,3.558240288119899e-05,-0.0007818608287724,3.4855275801114454e-05,-0.0015637216575449,5.0751844892542114e-05,-0.0023455824863173,1.973575363720662e-05,0.001563721657545,1.400851532680156e-05,0.0023455824863174,2.523080661070336e-05,0.00312744331509,3.930742963633136e-05,0.0039093041438624,2.6534914253005056e-05,0.0046911649726348,5.3118006963418586e-05,0,1,1,1,0
1154,3,14:07:45,4,0.0,872529.0,0.0003909304143863,0.0,2.723379211709908e-05,-0.0007818608287724,3.501006602572e-05,-0.0015637216575449,5.0751844892542114e-05,-0.0023455824863173,1.973575363720662e-05,-0.0031274433150898,5.206756180168922e-05,0.0007818608287726,1.2770193529957225e-06,0.001563721657545,1.323456420377385e-05,0.0023455824863174,2.523080661070336e-05,0.00312744331509,3.930742963633136e-05,0.0039093041438624,2.6728402033761983e-05,1,2,1,1,1
1155,3,14:07:48,4,0.0,0.0,0.0003909304143863,0.0,2.781425545936986e-05,-0.0007818608287724,3.501006602572e-05,-0.0015637216575449,5.0751844892542114e-05,-0.0023455824863173,1.973575363720662e-05,-0.0031274433150898,5.206756180168922e-05,0.0007818608287726,2.6701313744456013e-06,0.001563721657545,1.323456420377385e-05,0.0023455824863174,2.523080661070336e-05,0.00312744331509,3.930742963633136e-05,0.0039093041438624,2.6728402033761983e-05,1,2,1,1,0
1156,3,14:07:51,4,0.0007818608287726,133120.0,0.0003909304143863,0.0,2.8626904138548955e-05,-0.0007818608287724,3.501006602572e-05,-0.0015637216575449,5.0751844892542114e-05,-0.0023455824863173,1.973575363720662e-05,-0.0031274433150898,5.206756180168922e-05,0.0007818608287726,9.480901257089452e-07,0.001563721657545,1.7007575928533937e-05,0.0023455824863174,2.4108577482313183e-05,0.00312744331509,3.930742963633136e-05,0.0039093041438624,2.6728402033761983e-05,1,2,1,1,0
1157,3,14:07:54,4,0.0007818608287726,2560.0,0.0003909304143863,0.0,2.8646252916624648e-05,-0.0007818608287724,3.460374168613045e-05,-0.0015637216575449,5.0751844892542114e-05,-0.0023455824863173,1.973575363720662e-05,-0.0031274433150898,5.206756180168922e-05,0.0007818608287726,1.3931120214498788e-06,0.001563721657545,1.7007575928533937e-05,0.0023455824863174,2.4108577482313183e-05,0.00312744331509,3.930742963633136e-05,0.0039093041438624,2.6728402033761983e-05,1,2,1,1,0
1158,3,14:07:57,4,0.0,90813.0,0.0003909304143863,0.0,2.7349884785553236e-05,-0.0007818608287724,3.460374168613045e-05,-0.0015637216575449,5.0751844892542114e-05,-0.0023455824863173,1.973575363720662e-05,-0.0031274433150898,5.206756180168922e-05,0.0007818608287726,1.7026924706609631e-06,0.001563721657545,1.7007575928533937e-05,0.0023455824863174,2.4282716484994417e-05,0.00312744331509,3.930742963633136e-05,0.0039093041438624,2.6728402033761983e-05,2,2,1,1,0
1159,3,14:08:00,4,0.0,0.0,0.0003909304143863,0.0,2.7349884785553236e-05,-0.0007818608287724,3.460374168613045e-05,-0.0015637216575449,5.0751844892542114e-05,-0.0023455824863173,1.973575363720662e-05,-0.0031274433150898,5.206756180168922e-05,0.0007818608287726,2.341202147158824e-06,0.001563721657545,1.7007575928533937e-05,0.0023455824863174,2.4282716484994417e-05,0.00312744331509,3.953961497323967e-05,0.0039093041438624,2.6728402033761983e-05,2,2,1,1,0
1160,3,14:08:03,4,0.0,12793.0,0.0003909304143863,0.0,2.7407931119780312e-05,-0.0007818608287724,3.460374168613045e-05,-0.0015637216575449,5.0751844892542114e-05,-0.0023455824863173,1.981314874950939e-05,-0.0031274433150898,5.206756180168922e-05,0.0007818608287726,2.9410142675053e-06,0.001563721657545,1.7007575928533937e-05,0.0023455824863174,2.364420680849656e-05,0.00312744331509,3.953961497323967e-05,0.0039093041438624,2.6728402033761983e-05,2,2,1,1,0
1161,3,14:08:06,4,0.0,62965.0,0.0003909304143863,0.0,2.780980524041245e-05,-0.0007818608287724,3.460374168613045e-05,-0.0015637216575449,5.0751844892542114e-05,-0.0023455824863173,1.981314874950939e-05,-0.0031274433150898,5.206756180168922e-05,0.0007818608287726,2.921665489429607e-06,0.001563721657545,1.7007575928533937e-05,0.0023455824863174,2.360550925234517e-05,0.00312744331509,3.953961497323967e-05,0.0039093041438624,2.6728402033761983e-05,2,2,1,1,0
1162,3,14:08:09,4,0.0,24301.0,0.0003909304143863,0.0,2.7442178456974288e-05,-0.0007818608287724,3.617099271026156e-05,-0.0015637216575449,5.0751844892542114e-05,-0.0023455824863173,1.981314874950939e-05,-0.0031274433150898,5.206756180168922e-05,0.0007818608287726,2.921665489429607e-06,0.001563721657545,1.7007575928533937e-05,0.0023455824863174,2.360550925234517e-05,0.00312744331509,3.953961497323967e-05,0.0039093041438624,2.6728402033761983e-05,2,2,1,1,0
1163,3,14:08:12,4,0.0007818608287726,261120.0,0.0011727912431587,0.0007818608287726,1.0835315722387947e-06,0.0,2.7442178456974288e-05,-0.0007818608287724,3.578401714874771e-05,-0.0015637216575449,5.0751844892542114e-05,-0.0023455824863173,1.981314874950939e-05,0.001563721657545,1.783957338578873e-05,0.0023455824863174,2.3702253142723635e-05,0.00312744331509,3.953961497323967e-05,0.0039093041438624,2.6728402033761983e-05,0.0046911649726348,5.379521419606784e-05,1,1,1,0,0
1164,3,14:08:15,4,0.001563721657545,1504681.0,0.0011727912431587,0.0007818608287726,1.456962989099665e-05,0.0,2.3785259400668355e-05,-0.0007818608287724,3.655796827177542e-05,-0.0015637216575449,5.1390354569039976e-05,-0.0023455824863173,1.981314874950939e-05,0.001563721657545,3.869755615138552e-08,0.0023455824863174,2.387639214540487e-05,0.00312744331509,3.953961497323967e-05,0.0039093041438624,2.6728402033761983e-05,0.0046911649726348,5.375651663991645e-05,1,1,1,0,0
1165,3,14:08:18,4,0.0007818608287726,202240.0,0.0011727912431587,0.0007818608287726,1.1899498516551049e-05,0.0,2.436572274293914e-05,-0.0007818608287724,3.669340971830527e-05,-0.0015637216575449,5.1390354569039976e-05,-0.0023455824863173,1.981314874950939e-05,0.001563721657545,3.869755615138552e-08,0.0023455824863174,2.387639214540487e-05,0.00312744331509,3.953961497323967e-05,0.0039093041438624,2.6728402033761983e-05,0.0046911649726348,5.375651663991645e-05,1,1,1,0,0
1166,3,14:08:21,4,0.0023455824863174,16661.0,0.001563721657545,0.0007818608287726,1.3911771436423096e-05,0.0,2.277912294073233e-05,-0.0007818608287724,3.512615869417416e-05,-0.0015637216575449,5.1390354569039976e-05,-0.0023455824863173,1.981314874950939e-05,0.0023455824863174,2.3624858030420863e-05,0.00312744331509,3.953961497323967e-05,0.0039093041438624,3.059815764890053e-05,0.0046911649726348,5.375651663991645e-05,0.0054730258014072,5.609210764143332e-05,1,1,0,0,0
1167,3,14:08:24,4,0.0007818608287726,29440.0,0.001563721657545,0.0007818608287726,1.6794739369701316e-05,0.0,2.444311785524191e-05,-0.0007818608287724,3.47391831326603e-05,-0.0015637216575449,5.1390354569039976e-05,-0.0023455824863173,1.981314874950939e-05,0.0023455824863174,2.3624858030420863e-05,0.00312744331509,3.953961497323967e-05,0.0039093041438624,3.059815764890053e-05,0.0046911649726348,5.4433723872565695e-05,0.0054730258014072,5.609210764143332e-05,1,1,0,0,0
1168,3,14:08:27,4,0.0007818608287726,0.0,0.0011727912431587,0.0007818608287726,1.687213448200409e-05,0.0,2.444311785524191e-05,-0.0007818608287724,3.47391831326603e-05,-0.0015637216575449,5.1390354569039976e-05,-0.0023455824863173,1.981314874950939e-05,0.001563721657545,2.128365588326204e-05,0.0023455824863174,2.3624858030420863e-05,0.00312744331509,3.953961497323967e-05,0.0039093041438624,3.059815764890053e-05,0.0046911649726348,5.365977274953798e-05,1,1,1,0,0
1169,3,14:08:30,4,0.001563721657545,11529.0,0.0011727912431587,0.0007818608287726,2.793963554130035e-05,0.0,2.39400496252739e-05,-0.0007818608287724,3.477788068881169e-05,-0.0015637216575449,5.1390354569039976e-05,-0.0023455824863173,1.981314874950939e-05,0.001563721657545,2.1109516880580804e-05,0.0023455824863174,2.3624858030420863e-05,0.00312744331509,3.938482474863413e-05,0.0039093041438624,3.059815764890053e-05,0.0046911649726348,5.365977274953798e-05,1,1,1,0,0
1170,3,14:08:33,4,0.001563721657545,47361.0,0.0011727912431587,0.0007818608287726,2.724307953057541e-05,0.0,2.397874718142529e-05,-0.0007818608287724,3.4932670913417226e-05,-0.0015637216575449,5.1390354569039976e-05,-0.0023455824863173,1.981314874950939e-05,0.001563721657545,2.109016810250511e-05,0.0023455824863174,2.312178980045285e-05,0.00312744331509,3.938482474863413e-05,0.0039093041438624,3.059815764890053e-05,0.0046911649726348,5.365977274953798e-05,1,1,1,0,0
1171,3,14:08:36,4,0.001563721657545,128100.0,0.0011727912431587,0.0007818608287726,2.7746147760543423e-05,0.0,3.4852760459964616e-05,-0.0007818608287724,3.6867548720986507e-05,-0.0015637216575449,5.1390354569039976e-05,-0.0023455824863173,1.981314874950939e-05,0.001563721657545,1.9155290294935838e-05,0.0023455824863174,2.312178980045285e-05,0.00312744331509,3.938482474863413e-05,0.0039093041438624,3.059815764890053e-05,0.0046911649726348,5.365977274953798e-05,1,1,1,0,0
1172,3,14:08:39,4,0.001563721657545,308481.0,0.0011727912431587,0.0007818608287726,2.583061873104984e-05,0.0,3.523973602147847e-05,-0.0007818608287724,3.6867548720986507e-05,-0.0015637216575449,5.1390354569039976e-05,-0.0023455824863173,1.981314874950939e-05,0.001563721657545,1.9174639073011527e-05,0.0023455824863174,2.3895740923480563e-05,0.00312744331509,3.938482474863413e-05,0.0039093041438624,3.059815764890053e-05,0.0046911649726348,5.269233384575335e-05,1,0,1,0,0
1173,3,14:08:42,4,0.0007818608287726,30720.0,0.0011727912431587,0.0007818608287726,2.730112586480249e-05,0.0,3.523973602147847e-05,-0.0007818608287724,3.6867548720986507e-05,-0.0015637216575449,5.1390354569039976e-05,-0.0023455824863173,1.981314874950939e-05,0.001563721657545,1.9174639073011527e-05,0.0023455824863174,2.408922870423749e-05,0.00312744331509,3.938482474863413e-05,0.0039093041438624,3.059815764890053e-05,0.0046911649726348,5.269233384575335e-05,1,0,1,0,0
1174,3,14:08:45,4,0.001563721657545,997260.0,0.0011727912431587,0.0007818608287726,1.4937256674434814e-05,0.0,3.523973602147847e-05,-0.0007818608287724,3.6867548720986507e-05,-0.0015637216575449,5.1390354569039976e-05,-0.0023455824863173,1.981314874950939e-05,0.001563721657545,1.7317156377745023e-05,0.0023455824863174,2.408922870423749e-05,0.00312744331509,3.938482474863413e-05,0.0039093041438624,3.059815764890053e-05,0.0046911649726348,5.269233384575335e-05,1,0,1,0,0
1175,3,14:08:48,4,0.0007818608287726,42243.0,0.0011727912431587,0.0007818608287726,1.435679333216403e-05,0.0,3.523973602147847e-05,-0.0007818608287724,3.6867548720986507e-05,-0.0015637216575449,5.1390354569039976e-05,-0.0023455824863173,1.981314874950939e-05,0.001563721657545,1.7259110043517943e-05,0.0023455824863174,3.028083768845917e-05,0.00312744331509,3.938482474863413e-05,0.0039093041438624,3.181713066766918e-05,0.0046911649726348,5.269233384575335e-05,1,0,1,0,0
1176,3,14:08:51,4,0.0007818608287726,55053.0,0.0011727912431587,0.0007818608287726,1.4975954230586198e-05,0.0,3.514299213110001e-05,-0.0007818608287724,3.68868974990622e-05,-0.0015637216575449,5.1390354569039976e-05,-0.0023455824863173,1.981314874950939e-05,0.001563721657545,1.7259110043517943e-05,0.0023455824863174,3.028083768845917e-05,0.00312744331509,3.9268732080179976e-05,0.0039093041438624,3.181713066766918e-05,0.0046911649726348,5.269233384575335e-05,1,0,1,0,0
1177,3,14:08:54,4,0.001563721657545,6405.0,0.0011727912431587,0.0007818608287726,1.4975954230586198e-05,0.0,3.514299213110001e-05,-0.0007818608287724,3.68868974990622e-05,-0.0015637216575449,5.1390354569039976e-05,-0.0023455824863173,1.981314874950939e-05,0.001563721657545,1.7491295380426257e-05,0.0023455824863174,3.028083768845917e-05,0.00312744331509,3.9268732080179976e-05,0.0039093041438624,3.326828902334614e-05,0.0046911649726348,5.269233384575335e-05,0,0,1,0,0
1178,3,14:08:57,4,0.001563721657545,156166.0,0.0011727912431587,0.0007818608287726,1.2731495973805835e-05,0.0,3.707786993866928e-05,-0.0007818608287724,3.68868974990622e-05,-0.0015637216575449,5.1390354569039976e-05,-0.0023455824863173,1.981314874950939e-05,0.001563721657545,1.7684783161183184e-05,0.0023455824863174,3.028083768845917e-05,0.00312744331509,3.9268732080179976e-05,0.0039093041438624,3.326828902334614e-05,0.0046911649726348,5.269233384575335e-05,0,0,1,0,0
1179,3,14:09:00,4,0.001563721657545,42019.0,0.0011727912431587,0.0007818608287726,1.447636878067181e-05,0.0,3.707786993866928e-05,-0.0007818608287724,3.68868974990622e-05,-0.0015637216575449,5.1390354569039976e-05,-0.0023455824863173,2.0084031642569088e-05,0.001563721657545,1.8884407401876135e-05,0.0023455824863174,3.028083768845917e-05,0.00312744331509,3.9268732080179976e-05,0.0039093041438624,3.326828902334614e-05,0.0046911649726348,5.269233384575335e-05,0,0,1,0,0
1180,3,14:09:03,4,0.001563721657545,19215.0,0.0011727912431587,0.0007818608287726,1.53083662379266e-05,0.0,3.7155265050972055e-05,-0.0007818608287724,3.68868974990622e-05,-0.0015637216575449,5.1390354569039976e-05,-0.0023455824863173,2.0084031642569088e-05,0.001563721657545,1.9580963412601075e-05,0.0023455824863174,3.028083768845917e-05,0.00312744331509,3.9268732080179976e-05,0.0039093041438624,3.326828902334614e-05,0.0046911649726348,5.263428751152626e-05,0,0,0,0,0
1181,3,14:09:06,4,0.0007818608287726,188160.0,0.0011727912431587,0.0007818608287726,1.292846653461639e-05,0.0,3.7155265050972055e-05,-0.0007818608287724,3.68868974990622e-05,-0.0015637216575449,5.1390354569039976e-05,-0.0023455824863173,2.0084031642569088e-05,0.001563721657545,1.946487074414692e-05,0.0023455824863174,3.028083768845917e-05,0.00312744331509,3.91913369678772e-05,0.0039093041438624,3.326828902334614e-05,0.0046911649726348,5.263428751152626e-05,0,0,0,0,0
1182,3,14:09:09,4,0.0007818608287726,934636.0,0.0003909304143863,0.0,4.218594735065217e-05,-0.0007818608287724,3.68868974990622e-05,-0.0015637216575449,5.1390354569039976e-05,-0.0023455824863173,2.0084031642569088e-05,-0.0031274433150898,5.226104958244616e-05,0.0007818608287726,6.381613984924987e-06,0.001563721657545,1.936812685376845e-05,0.0023455824863174,3.1828739934514594e-05,0.00312744331509,3.91913369678772e-05,0.0039093041438624,3.326828902334614e-05,1,1,1,0,0
1183,3,14:09:12,4,0.0007818608287726,35840.0,0.0003909304143863,0.0,4.218594735065217e-05,-0.0007818608287724,3.68868974990622e-05,-0.0015637216575449,5.1390354569039976e-05,-0.0023455824863173,2.0084031642569088e-05,-0.0031274433150898,5.226104958244616e-05,0.0007818608287726,6.536404209530529e-06,0.001563721657545,1.936812685376845e-05,0.0023455824863174,3.1828739934514594e-05,0.00312744331509,3.91913369678772e-05,0.0039093041438624,3.346177680410306e-05,1,1,1,0,0
1184,3,14:09:15,4,0.0007818608287726,198400.0,0.0003909304143863,0.0,4.328882770096666e-05,-0.0007818608287724,3.84928460793447e-05,-0.0015637216575449,5.1390354569039976e-05,-0.0023455824863173,2.0084031642569088e-05,-0.0031274433150898,5.226104958244616e-05,0.0007818608287726,4.1952020623717045e-06,0.001563721657545,1.975510241528231e-05,0.0023455824863174,3.1828739934514594e-05,0.00312744331509,3.91913369678772e-05,0.0039093041438624,3.346177680410306e-05,1,1,1,0,0
1185,3,14:09:18,4,0.0007818608287726,0.0,0.0003909304143863,0.0,4.328882770096666e-05,-0.0007818608287724,3.84928460793447e-05,-0.0015637216575449,5.1390354569039976e-05,-0.0023455824863173,2.0084031642569088e-05,-0.0031274433150898,5.226104958244616e-05,0.0007818608287726,4.291945952750169e-06,0.001563721657545,1.981314874950939e-05,0.0023455824863174,3.337664218057001e-05,0.00312744331509,3.91913369678772e-05,0.0039093041438624,3.346177680410306e-05,1,1,1,0,0
1186,3,14:09:21,4,0.0,55038.0,0.0003909304143863,0.0,4.342426914749651e-05,-0.0007818608287724,3.84928460793447e-05,-0.0015637216575449,5.1390354569039976e-05,-0.0023455824863173,2.0084031642569088e-05,-0.0031274433150898,5.226104958244616e-05,0.0007818608287726,3.4986460516467653e-06,0.001563721657545,1.975510241528231e-05,0.0023455824863174,3.3434688514797095e-05,0.00312744331509,3.928808085825567e-05,0.0039093041438624,3.346177680410306e-05,1,1,1,0,0
1187,3,14:09:24,4,0.0,48625.0,0.0003909304143863,0.0,4.37145008186319e-05,-0.0007818608287724,3.84928460793447e-05,-0.0015637216575449,5.1390354569039976e-05,-0.0023455824863173,2.0084031642569088e-05,-0.0031274433150898,5.226104958244616e-05,0.0007818608287726,4.2145508404473975e-06,0.001563721657545,2.023882186717463e-05,0.0023455824863174,3.3434688514797095e-05,0.00312744331509,3.905589552134736e-05,0.0039093041438624,3.346177680410306e-05,1,1,1,0,0
1188,3,14:09:27,4,0.0007818608287726,20480.0,0.0003909304143863,0.0,4.37145008186319e-05,-0.0007818608287724,3.84928460793447e-05,-0.0015637216575449,5.1390354569039976e-05,-0.0023455824863173,2.0084031642569088e-05,-0.0031274433150898,5.220300324821907e-05,0.0007818608287726,6.923379771044385e-06,0.001563721657545,2.023882186717463e-05,0.0023455824863174,3.4208639637824805e-05,0.00312744331509,3.905589552134736e-05,0.0039093041438624,3.346177680410306e-05,1,1,1,0,0
1189,3,14:09:30,4,0.0007818608287726,10240.0,0.0003909304143863,0.0,4.37145008186319e-05,-0.0007818608287724,4.042772388691397e-05,-0.0015637216575449,5.1390354569039976e-05,-0.0023455824863173,2.0084031642569088e-05,-0.0031274433150898,5.220300324821907e-05,0.0007818608287726,2.625280906866145e-05,0.001563721657545,2.023882186717463e-05,0.0023455824863174,3.4208639637824805e-05,0.00312744331509,3.905589552134736e-05,0.0039093041438624,3.346177680410306e-05,1,1,1,0,0
1190,3,14:09:33,4,0.0007818608287726,38400.0,0.0003909304143863,0.0,4.383059348708606e-05,-0.0007818608287724,4.042772388691397e-05,-0.0015637216575449,5.1390354569039976e-05,-0.0023455824863173,2.0084031642569088e-05,-0.0031274433150898,5.220300324821907e-05,0.0007818608287726,2.722024797244609e-05,0.001563721657545,2.029686820140171e-05,0.0023455824863174,3.4208639637824805e-05,0.00312744331509,3.905589552134736e-05,0.0039093041438624,3.346177680410306e-05,1,0,1,0,0
1191,3,14:09:36,4,0.0007818608287726,15350.0,0.0003909304143863,0.0,4.363710570632913e-05,-0.0007818608287724,4.042772388691397e-05,-0.0015637216575449,5.1390354569039976e-05,-0.0023455824863173,2.0084031642569088e-05,-0.0031274433150898,5.220300324821907e-05,0.0007818608287726,2.8148989320079345e-05,0.001563721657545,2.0277519423326012e-05,0.0023455824863174,3.4208639637824805e-05,0.00312744331509,3.911394185557443e-05,0.0039093041438624,3.346177680410306e-05,1,0,0,0,0
1192,3,14:09:39,4,0.0,147085.0,0.0003909304143863,0.0,4.141199622762446e-05,-0.0007818608287724,4.042772388691397e-05,-0.0015637216575449,5.1390354569039976e-05,-0.0023455824863173,2.1883468003608517e-05,-0.0031274433150898,5.229974713859754e-05,0.0007818608287726,2.8342477100836276e-05,0.001563721657545,2.0277519423326012e-05,0.0023455824863174,3.4208639637824805e-05,0.00312744331509,3.911394185557443e-05,0.0039093041438624,3.346177680410306e-05,1,1,0,0,0
1193,3,14:09:42,4,0.0,251221.0,0.0003909304143863,0.0,3.722453367648303e-05,-0.0007818608287724,4.046642144306536e-05,-0.0015637216575449,5.1390354569039976e-05,-0.0023455824863173,2.1883468003608517e-05,-0.0031274433150898,5.229974713859754e-05,0.0007818608287726,2.8419872213139045e-05,0.001563721657545,2.0084031642569088e-05,0.0023455824863174,3.4208639637824805e-05,0.00312744331509,3.911394185557443e-05,0.0039093041438624,3.346177680410306e-05,1,0,0,0,0
1194,3,14:09:45,4,0.0,904278.0,0.0003909304143863,0.0,2.402866702886057e-05,-0.0007818608287724,4.046642144306536e-05,-0.0015637216575449,5.1390354569039976e-05,-0.0023455824863173,2.1883468003608517e-05,-0.0031274433150898,5.036486933102826e-05,0.0007818608287726,2.869075510619874e-05,0.001563721657545,2.0084031642569088e-05,0.0023455824863174,3.4208639637824805e-05,0.00312744331509,3.911394185557443e-05,0.0039093041438624,3.346177680410306e-05,1,0,1,0,0
1195,3,14:09:48,4,0.0,26869.0,0.0003909304143863,0.0,2.472522303958551e-05,-0.0007818608287724,4.046642144306536e-05,-0.0015637216575449,5.1390354569039976e-05,-0.0023455824863173,2.1883468003608517e-05,-0.0031274433150898,5.036486933102826e-05,0.0007818608287726,2.898098677733413e-05,0.001563721657545,2.0084031642569088e-05,0.0023455824863174,3.4208639637824805e-05,0.00312744331509,3.911394185557443e-05,0.0039093041438624,3.346177680410306e-05,0,0,0,0,0
1196,3,14:09:51,4,0.0,640779.0,0.0003909304143863,0.0,1.5031485223663436e-05,-0.0007818608287724,4.046642144306536e-05,-0.0015637216575449,5.1390354569039976e-05,-0.0023455824863173,2.1883468003608517e-05,-0.0031274433150898,5.036486933102826e-05,0.0007818608287726,2.607867006598022e-05,0.001563721657545,2.0084031642569088e-05,0.0023455824863174,3.4208639637824805e-05,0.00312744331509,3.911394185557443e-05,0.0039093041438624,3.346177680410306e-05,0,0,0,0,0
1197,3,14:09:54,4,0.0,221267.0,0.0003909304143863,0.0,1.176154172887136e-05,-0.0007818608287724,4.046642144306536e-05,-0.0015637216575449,5.1390354569039976e-05,-0.0023455824863173,2.1883468003608517e-05,-0.0031274433150898,5.036486933102826e-05,0.0007818608287726,2.607867006598022e-05,0.001563721657545,2.0084031642569088e-05,0.0023455824863174,3.415059330359773e-05,0.00312744331509,3.911394185557443e-05,0.0039093041438624,3.346177680410306e-05,1,0,0,0,0
1198,3,14:09:57,4,0.0,500090.0,0.0003909304143863,0.0,1.961714562760262e-05,-0.0007818608287724,4.065990922382229e-05,-0.0015637216575449,5.1390354569039976e-05,-0.0023455824863173,2.1883468003608517e-05,-0.0031274433150898,5.048096199948242e-05,0.0007818608287726,2.5962577397526065e-05,0.001563721657545,2.0471007204082943e-05,0.0023455824863174,3.415059330359773e-05,0.00312744331509,3.913329063365013e-05,0.0039093041438624,3.346177680410306e-05,0,0,0,0,0
1199,3,14:10:00,4,0.0,1263652.0,0.0003909304143863,0.0,6.940406695750994e-07,-0.0007818608287724,4.056316533344382e-05,-0.0015637216575449,5.1390354569039976e-05,-0.0023455824863173,2.1883468003608517e-05,-0.0031274433150898,5.048096199948242e-05,0.0007818608287726,2.631085540288853e-05,0.001563721657545,2.0471007204082943e-05,0.0023455824863174,3.415059330359773e-05,0.00312744331509,3.913329063365013e-05,0.0039093041438624,3.481619126940156e-05,0,1,0,0,0
1200,3,14:10:03,4,0.0,89348.0,-0.0003909304143862,-0.0007818608287724,4.025358488423274e-05,-0.0015637216575449,5.129361067866152e-05,-0.0023455824863173,2.1883468003608517e-05,-0.0031274433150898,5.048096199948242e-05,-0.0039093041438622,2.5908013843352608e-05,0.0,7.954863130259565e-06,0.0007818608287726,2.565299694831498e-05,0.001563721657545,2.0471007204082943e-05,0.0023455824863174,3.415059330359773e-05,0.00312744331509,3.913329063365013e-05,1,1,0,0,0
1201,3,14:10:06,4,0.0,438697.0,-0.0003909304143862,-0.0007818608287724,4.025358488423274e-05,-0.0015637216575449,5.129361067866152e-05,-0.0023455824863173,2.1883468003608517e-05,-0.0031274433150898,5.048096199948242e-05,-0.0039093041438622,2.5908013843352608e-05,0.0,2.38241504446005e-06,0.0007818608287726,2.592387984137468e-05,0.001563721657545,2.0838633987521104e-05,0.0023455824863174,3.3086410509434627e-05,0.00312744331509,3.913329063365013e-05,1,0,0,0,0
1202,3,14:10:09,4,0.0,163878.0,0.0003909304143863,0.0,7.4879771152931e-08,-0.0007818608287724,4.025358488423274e-05,-0.0015637216575449,5.092598389522335e-05,-0.0023455824863173,2.1883468003608517e-05,-0.0031274433150898,5.048096199948242e-05,0.0007818608287726,2.592387984137468e-05,0.001563721657545,1.942617318799553e-05,0.0023455824863174,3.3086410509434627e-05,0.00312744331509,4.029421731819169e-05,0.0039093041438624,3.5009679050158486e-05,0,0,0,0,0
1203,3,14:10:12,4,0.0,70169.0,-0.0003909304143862,-0.0007818608287724,3.789303395899822e-05,-0.0015637216575449,5.092598389522335e-05,-0.0023455824863173,2.1883468003608517e-05,-0.0031274433150898,5.048096199948242e-05,-0.0039093041438622,2.5908013843352608e-05,0.0,4.06575873704532e-06,0.0007818608287726,2.5981926175601755e-05,0.001563721657545,1.942617318799553e-05,0.0023455824863174,3.3086410509434627e-05,0.00312744331509,4.029421731819169e-05,1,0,0,0,0
1204,3,14:10:15,4,-0.0007818608287724,2365689.0,-0.0003909304143862,-0.0007818608287724,4.419647888049741e-06,-0.0015637216575449,5.092598389522335e-05,-0.0023455824863173,2.1883468003608517e-05,-0.0031274433150898,5.048096199948242e-05,-0.0039093041438622,2.5908013843352608e-05,0.0,2.4017638225357427e-06,0.0007818608287726,2.5981926175601755e-05,0.001563721657545,1.942617318799553e-05,0.0023455824863174,3.132567170454658e-05,0.00312744331509,4.029421731819169e-05,1,1,0,0,0
1205,3,14:10:18,4,0.0,89530.0,-0.0003909304143862,-0.0007818608287724,4.497043000352512e-06,-0.0015637216575449,5.102272778560182e-05,-0.0023455824863173,2.1883468003608517e-05,-0.0031274433150898,5.048096199948242e-05,-0.0039093041438622,2.5908013843352608e-05,0.0,7.780724127578331e-06,0.0007818608287726,2.6136716400207296e-05,0.001563721657545,1.942617318799553e-05,0.0023455824863174,3.1035440033411195e-05,0.00312744331509,4.029421731819169e-05,1,0,0,0,0
1206,3,14:10:21,4,0.0,81845.0,-0.0003909304143862,-0.0007818608287724,6.954337815965493e-06,-0.0015637216575449,5.102272778560182e-05,-0.0023455824863173,2.1883468003608517e-05,-0.0031274433150898,5.048096199948242e-05,-0.0039093041438622,2.5908013843352608e-05,0.0,8.051607020638029e-06,0.0007818608287726,2.6136716400207296e-05,0.001563721657545,1.942617318799553e-05,0.0023455824863174,3.122892781416812e-05,0.00312744331509,4.029421731819169e-05,0,1,0,0,0
1207,3,14:10:24,4,-0.0007818608287724,61351.0,-0.0003909304143862,-0.0007818608287724,6.16103791486209e-06,-0.0015637216575449,3.167394970990905e-05,-0.0023455824863173,2.1883468003608517e-05,-0.0031274433150898,5.048096199948242e-05,-0.0039093041438622,2.5908013843352608e-05,0.0,7.91616557410818e-06,0.0007818608287726,2.6136716400207296e-05,0.001563721657545,1.942617318799553e-05,0.0023455824863174,3.124827659224381e-05,0.00312744331509,4.010072953743476e-05,0,0,0,0,0
1208,3,14:10:27,4,0.0,836312.0,-0.0003909304143862,-0.0007818608287724,3.181326091205404e-06,-0.0015637216575449,3.167394970990905e-05,-0.0023455824863173,2.196086311591129e-05,-0.0031274433150898,5.038421810910396e-05,-0.0039093041438622,2.5908013843352608e-05,0.0,8.035547534835204e-07,0.0007818608287726,2.6136716400207296e-05,0.001563721657545,1.942617318799553e-05,0.0023455824863174,3.1054788811486884e-05,0.00312744331509,4.010072953743476e-05,0,0,0,0,0
1209,3,14:10:30,4,-0.0007818608287724,149584.0,0.0,-0.0007818608287724,1.981701850512453e-06,-0.0015637216575449,3.167394970990905e-05,-0.0023455824863173,2.196086311591129e-05,-0.0031274433150898,5.038421810910396e-05,-0.0039093041438622,2.5908013843352608e-05,0.0007818608287726,2.635980781142004e-05,0.001563721657545,1.942617318799553e-05,0.0023455824863174,3.124827659224381e-05,0.00312744331509,3.998463686898061e-05,0.0039093041438624,3.520316683091541e-05,1,0,0,0,0
1210,3,14:10:33,4,-0.0007818608287724,125256.0,-0.0003909304143862,-0.0007818608287724,2.620211527010314e-06,-0.0015637216575449,3.167394970990905e-05,-0.0023455824863173,2.196086311591129e-05,-0.0031274433150898,5.038421810910396e-05,-0.0039093041438622,2.5908013843352608e-05,0.0,8.900437914818671e-07,0.0007818608287726,2.6282412699117265e-05,0.001563721657545,1.942617318799553e-05,0.0023455824863174,3.1480461929152125e-05,0.00312744331509,3.5708556914252505e-05,0,0,0,0,0
1211,3,14:10:36,4,-0.0007818608287724,175623.0,-0.0011727912431587,-0.0015637216575449,3.1712647266060435e-05,-0.0023455824863173,2.2115653340516827e-05,-0.0031274433150898,5.038421810910396e-05,-0.0039093041438622,2.5908013843352608e-05,-0.0046911649726347,3.689038027911582e-05,-0.0007818608287724,3.788490747220643e-07,0.0,2.109016810250511e-06,0.0007818608287726,2.856556851204901e-05,0.001563721657545,1.942617318799553e-05,0.0023455824863174,3.1480461929152125e-05,1,0,1,0,1
1212,3,14:10:39,4,-0.0015637216575449,47270.0,-0.0011727912431587,-0.0015637216575449,3.140306681684935e-05,-0.0023455824863173,2.507601638609782e-05,-0.0031274433150898,5.038421810910396e-05,-0.0039093041438622,2.5908013843352608e-05,-0.0046911649726347,3.689038027911582e-05,-0.0007818608287724,2.990934114940587e-06,0.0,1.7607388048880415e-06,0.0007818608287726,2.9146031854319792e-05,0.001563721657545,1.9503568300298303e-05,0.0023455824863174,3.1480461929152125e-05,1,0,1,0,1
1213,3,14:10:42,4,-0.0007818608287724,175086.0,-0.0011727912431587,-0.0015637216575449,3.140306681684935e-05,-0.0023455824863173,2.507601638609782e-05,-0.0031274433150898,5.038421810910396e-05,-0.0039093041438622,2.5908013843352608e-05,-0.0046911649726347,3.689038027911582e-05,-0.0007818608287724,5.5643215990077244e-06,0.0,6.0561675376918345e-06,0.0007818608287726,2.9146031854319792e-05,0.001563721657545,1.9503568300298303e-05,0.0023455824863174,3.1480461929152125e-05,1,0,1,0,1
1214,3,14:10:45,4,-0.0015637216575449,1513314.0,-0.0003909304143862,-0.0007818608287724,5.8046334227078287e-08,-0.0015637216575449,2.0188902019739345e-05,-0.0023455824863173,2.604345528988246e-05,-0.0031274433150898,5.038421810910396e-05,-0.0039093041438622,2.6062804067958156e-05,0.0,6.849467438795238e-06,0.0007818608287726,2.9146031854319792e-05,0.001563721657545,1.9639009746828158e-05,0.0023455824863174,3.1480461929152125e-05,0.00312744331509,3.712101771377808e-05,0,0,0,0,0
1215,3,14:10:48,4,-0.0007818608287724,251573.0,-0.0011727912431587,-0.0015637216575449,1.645458785113064e-05,-0.0023455824863173,2.6353035739093546e-05,-0.0031274433150898,5.038421810910396e-05,-0.0039093041438622,2.6062804067958156e-05,-0.0046911649726347,3.770302895829492e-05,-0.0007818608287724,7.739511230277105e-07,0.0,6.172260206145991e-06,0.0007818608287726,2.933951963507672e-05,0.001563721657545,1.9639009746828158e-05,0.0023455824863174,3.1480461929152125e-05,0,0,1,0,1
1216,3,14:10:51,4,-0.0015637216575449,850566.0,-0.0007818608287724,-0.0015637216575449,5.096855120698988e-06,-0.0023455824863173,2.8965120779312063e-05,-0.0031274433150898,5.038421810910396e-05,-0.0039093041438622,2.621759429256369e-05,-0.0046911649726347,3.770302895829492e-05,0.0,7.294489334536172e-06,0.0007818608287726,3.007477320195305e-05,0.001563721657545,1.9639009746828158e-05,0.0023455824863174,3.120957903609243e-05,0.00312744331509,3.712101771377808e-05,0,0,0,0,1
1217,3,14:10:54,4,-0.0007818608287724,334587.0,-0.0011727912431587,-0.0015637216575449,2.7900937985148964e-07,-0.0023455824863173,2.8965120779312063e-05,-0.0031274433150898,5.044226444333103e-05,-0.0039093041438622,2.621759429256369e-05,-0.0046911649726347,3.770302895829492e-05,-0.0007818608287724,1.625297358358192e-06,0.0,7.681464896050026e-06,0.0007818608287726,3.007477320195305e-05,0.001563721657545,1.9639009746828158e-05,0.0023455824863174,3.120957903609243e-05,0,0,1,0,1
1218,3,14:10:57,4,-0.0015637216575449,148197.0,-0.0011727912431587,-0.0015637216575449,3.587650430794952e-06,-0.0023455824863173,2.9448840231204383e-05,-0.0031274433150898,5.044226444333103e-05,-0.0039093041438622,2.621759429256369e-05,-0.0046911649726347,3.731605339678106e-05,-0.0007818608287724,2.573387484067137e-06,0.0,7.855603898731262e-06,0.0007818608287726,3.007477320195305e-05,0.001563721657545,1.9639009746828158e-05,0.0023455824863174,3.1054788811486884e-05,0,0,1,0,1
1219,3,14:11:00,4,-0.0015637216575449,160902.0,-0.0011727912431587,-0.0015637216575449,1.8574826952665047e-06,-0.0023455824863173,3.1906135046817366e-05,-0.0031274433150898,5.044226444333103e-05,-0.0039093041438622,2.621759429256369e-05,-0.0046911649726347,3.731605339678106e-05,-0.0007818608287724,2.573387484067137e-06,0.0,8.010394123336804e-06,0.0007818608287726,3.0229563426558587e-05,0.001563721657545,1.9639009746828158e-05,0.0023455824863174,3.1054788811486884e-05,0,0,1,0,1
1220,3,14:11:03,4,-0.0015637216575449,117484.0,-0.0019546520719311,-0.0023455824863173,2.8945772001236373e-05,-0.0031274433150898,5.063575222408796e-05,-0.0039093041438622,2.621759429256369e-05,-0.0046911649726347,3.731605339678106e-05,-0.0054730258014071,2.3083092244301467e-05,-0.0015637216575449,6.965560107249394e-07,-0.0007818608287724,2.573387484067137e-06,0.0,8.010394123336804e-06,0.0007818608287726,3.0229563426558587e-05,0.001563721657545,1.9639009746828158e-05,1,1,1,1,1
1221,3,14:11:06,4,-0.0015637216575449,29371.0,-0.0019546520719311,-0.0023455824863173,2.9042515891614835e-05,-0.0031274433150898,5.063575222408796e-05,-0.0039093041438622,2.621759429256369e-05,-0.0046911649726347,3.731605339678106e-05,-0.0054730258014071,2.3083092244301467e-05,-0.0015637216575449,6.8301186607195456e-06,-0.0007818608287724,2.2057607006289748e-06,0.0,8.203881904093731e-06,0.0007818608287726,3.0229563426558587e-05,0.001563721657545,1.9871195083736468e-05,1,1,1,1,1
1222,3,14:11:09,4,-0.0023455824863173,335593.0,-0.0019546520719311,-0.0023455824863173,2.4805133493038123e-05,-0.0031274433150898,5.067444978023934e-05,-0.0039093041438622,2.621759429256369e-05,-0.0046911649726347,3.731605339678106e-05,-0.0054730258014071,2.3295928803134087e-05,-0.0015637216575449,7.91365023295834e-06,-0.0007818608287724,2.2057607006289748e-06,0.0,8.203881904093731e-06,0.0007818608287726,2.9649100084287805e-05,0.001563721657545,1.9871195083736468e-05,1,1,1,1,1
1223,3,14:11:12,4,-0.0023455824863173,7656.0,-0.0019546520719311,-0.0023455824863173,2.4708389602659655e-05,-0.0031274433150898,5.077119367061781e-05,-0.0039093041438622,2.621759429256369e-05,-0.0046911649726347,3.731605339678106e-05,-0.0054730258014071,2.3295928803134087e-05,-0.0015637216575449,8.358672128699274e-06,-0.0007818608287724,2.2057607006289748e-06,0.0,8.203881904093731e-06,0.0007818608287726,2.9649100084287805e-05,0.001563721657545,1.9871195083736468e-05,1,1,1,1,1
1224,3,14:11:15,4,-0.0023455824863173,167156.0,-0.0019546520719311,-0.0023455824863173,2.221239723089529e-05,-0.0031274433150898,5.086793756099627e-05,-0.0039093041438622,2.621759429256369e-05,-0.0046911649726347,3.731605339678106e-05,-0.0054730258014071,2.3295928803134087e-05,-0.0015637216575449,9.03587936134852e-06,-0.0007818608287724,2.2057607006289748e-06,0.0,8.203881904093731e-06,0.0007818608287726,2.9649100084287805e-05,0.001563721657545,1.9871195083736468e-05,1,1,1,1,1
1225,3,14:11:18,4,-0.0015637216575449,236080.0,-0.0019546520719311,-0.0023455824863173,1.9580963412601075e-05,-0.0031274433150898,5.086793756099627e-05,-0.0039093041438622,2.6062804067958156e-05,-0.0046911649726347,3.731605339678106e-05,-0.0054730258014071,2.3295928803134087e-05,-0.0015637216575449,8.648903799834665e-06,-0.0007818608287724,2.8636191552025287e-06,0.0,7.971696567185417e-06,0.0007818608287726,2.9629751306212112e-05,0.001563721657545,2.1322353439413424e-05,1,1,1,1,1
1226,3,14:11:21,4,-0.0015637216575449,88048.0,-0.0019546520719311,-0.0023455824863173,4.30510312184164e-05,-0.0031274433150898,5.086793756099627e-05,-0.0039093041438622,2.6062804067958156e-05,-0.0046911649726347,3.731605339678106e-05,-0.0054730258014071,2.333462635928547e-05,-0.0015637216575449,8.203881904093731e-06,-0.0007818608287724,2.8636191552025287e-06,0.0,8.12648679179096e-06,0.0007818608287726,3.036500487308844e-05,0.001563721657545,2.1322353439413424e-05,1,1,1,1,1
1227,3,14:11:24,4,-0.0023455824863173,1399794.0,-0.0019546520719311,-0.0023455824863173,2.5908013843352608e-05,-0.0031274433150898,5.0964681451374735e-05,-0.0039093041438622,2.6062804067958156e-05,-0.0046911649726347,3.735475095293245e-05,-0.0054730258014071,2.430206526307011e-05,-0.0015637216575449,7.77820878642849e-06,-0.0007818608287724,2.8636191552025287e-06,0.0,7.932999011034033e-06,0.0007818608287726,3.0268260982709973e-05,0.001563721657545,2.1322353439413424e-05,1,1,1,1,1
1228,3,14:11:27,4,-0.0023455824863173,66352.0,-0.0019546520719311,-0.0023455824863173,2.7475264867483723e-05,-0.0031274433150898,5.111947167598028e-05,-0.0039093041438622,2.6062804067958156e-05,-0.0046911649726347,3.735475095293245e-05,-0.0054730258014071,2.4379460375372883e-05,-0.0015637216575449,7.00425766340078e-06,-0.0007818608287724,2.8636191552025287e-06,0.0,7.932999011034033e-06,0.0007818608287726,3.04617487634669e-05,0.001563721657545,2.1322353439413424e-05,1,1,1,1,1
1229,3,14:11:30,4,-0.0023455824863173,202936.0,-0.0019546520719311,-0.0023455824863173,2.4379460375372883e-05,-0.0031274433150898,5.42733225023182e-05,-0.0039093041438622,2.6062804067958156e-05,-0.0046911649726347,3.735475095293245e-05,-0.0054730258014071,3.271878372599646e-05,-0.0015637216575449,6.327050430751533e-06,-0.0007818608287724,2.9603630455809928e-06,0.0,7.932999011034033e-06,0.0007818608287726,3.04617487634669e-05,0.001563721657545,2.1322353439413424e-05,1,1,1,1,1
1230,3,14:11:33,4,-0.0023455824863173,583194.0,-0.0019546520719311,-0.0023455824863173,1.8052409944621343e-05,-0.0031274433150898,5.872354145972753e-05,-0.0039093041438622,2.6062804067958156e-05,-0.0046911649726347,3.735475095293245e-05,-0.0054730258014071,3.2815527616374924e-05,-0.0015637216575449,5.998121203464756e-06,-0.0007818608287724,2.9603630455809928e-06,0.0,7.932999011034033e-06,0.0007818608287726,3.04617487634669e-05,0.001563721657545,2.1322353439413424e-05,1,1,1,1,1
1231,3,14:11:36,4,-0.0023455824863173,88097.0,-0.0019546520719311,-0.0023455824863173,1.7897619720015805e-05,-0.0031274433150898,5.870419268165184e-05,-0.0039093041438622,2.6062804067958156e-05,-0.0046911649726347,3.735475095293245e-05,-0.0054730258014071,3.2815527616374924e-05,-0.0015637216575449,5.32091397081551e-06,-0.0007818608287724,2.9603630455809928e-06,0.0,7.99104534526111e-06,0.0007818608287726,3.04617487634669e-05,0.001563721657545,2.1322353439413424e-05,1,0,1,1,1
1232,3,14:11:39,4,-0.0023455824863173,238662.0,-0.0019546520719311,-0.0023455824863173,2.4166623816540266e-05,-0.0031274433150898,5.870419268165184e-05,-0.0039093041438622,2.6062804067958156e-05,-0.0046911649726347,3.735475095293245e-05,-0.0054730258014071,3.269943494792077e-05,-0.0015637216575449,4.237382398576715e-06,-0.0007818608287724,3.15385082633792e-06,0.0,7.99104534526111e-06,0.0007818608287726,3.04617487634669e-05,0.001563721657545,2.163193388862451e-05,1,0,1,1,1
1233,3,14:11:42,4,-0.0015637216575449,33178.0,-0.0019546520719311,-0.0023455824863173,2.4108577482313183e-05,-0.0031274433150898,5.874289023780323e-05,-0.0039093041438622,2.6062804067958156e-05,-0.0046911649726347,3.7064519281797056e-05,-0.0054730258014071,3.269943494792077e-05,-0.0015637216575449,4.392172623182257e-06,-0.0007818608287724,3.540826387851776e-06,0.0,7.604069783747256e-06,0.0007818608287726,3.04617487634669e-05,0.001563721657545,2.163193388862451e-05,1,0,1,1,1
1234,3,14:11:45,4,-0.0023455824863173,293490.0,-0.0019546520719311,-0.0023455824863173,2.149649244209466e-05,-0.0031274433150898,5.8820285350106e-05,-0.0039093041438622,2.6062804067958156e-05,-0.0046911649726347,3.7064519281797056e-05,-0.0054730258014071,3.273813250407215e-05,-0.0015637216575449,4.427000423718504e-06,-0.0007818608287724,3.540826387851776e-06,0.0,7.604069783747256e-06,0.0007818608287726,3.0674585322299525e-05,0.001563721657545,2.124495832711065e-05,1,0,1,1,1
1235,3,14:11:48,4,-0.0015637216575449,58710.0,-0.0019546520719311,-0.0023455824863173,2.8732935442403756e-05,-0.0031274433150898,5.682736120830965e-05,-0.0039093041438622,2.6062804067958156e-05,-0.0046911649726347,3.714191439409983e-05,-0.0054730258014071,3.304771295328324e-05,-0.0015637216575449,4.059373640280341e-06,-0.0007818608287724,3.540826387851776e-06,0.0,7.604069783747256e-06,0.0007818608287726,3.0674585322299525e-05,0.001563721657545,2.124495832711065e-05,1,0,1,1,1
1236,3,14:11:51,4,-0.0023455824863173,109746.0,-0.0019546520719311,-0.0023455824863173,3.0513023025367485e-05,-0.0031274433150898,5.682736120830965e-05,-0.0039093041438622,2.6062804067958156e-05,-0.0046911649726347,3.716126317217552e-05,-0.0054730258014071,3.304771295328324e-05,-0.0015637216575449,3.788490747220643e-06,-0.0007818608287724,3.540826387851776e-06,0.0,7.604069783747256e-06,0.0007818608287726,2.9803890308893343e-05,0.001563721657545,2.124495832711065e-05,0,0,1,1,1
1237,3,14:11:54,4,-0.0023455824863173,218206.0,-0.0019546520719311,-0.0023455824863173,2.7630055092089265e-05,-0.0031274433150898,5.829786834206229e-05,-0.0039093041438622,2.6062804067958156e-05,-0.0046911649726347,3.716126317217552e-05,-0.0054730258014071,3.304771295328324e-05,-0.0015637216575449,3.7304444129935646e-06,-0.0007818608287724,3.540826387851776e-06,0.0,7.604069783747256e-06,0.0007818608287726,2.9803890308893343e-05,0.001563721657545,2.124495832711065e-05,0,0,1,1,2
1238,3,14:11:57,4,-0.0023455824863173,1628176.0,-0.0019546520719311,-0.0023455824863173,3.037758157883764e-06,-0.0031274433150898,6.410250176477012e-05,-0.0039093041438622,2.6062804067958156e-05,-0.0046911649726347,3.716126317217552e-05,-0.0054730258014071,3.304771295328324e-05,-0.0015637216575449,3.7304444129935646e-06,-0.0007818608287724,3.540826387851776e-06,0.0,7.604069783747256e-06,0.0007818608287726,2.9803890308893343e-05,0.001563721657545,2.124495832711065e-05,0,0,1,1,2
1239,3,14:12:00,4,-0.0015637216575449,137893.0,-0.0019546520719311,-0.0023455824863173,4.314777510879486e-06,-0.0031274433150898,6.410250176477012e-05,-0.0039093041438622,2.8965120779312063e-05,-0.0046911649726347,3.716126317217552e-05,-0.0054730258014071,3.304771295328324e-05,-0.0015637216575449,5.1429052125191365e-06,-0.0007818608287724,3.85040683706286e-06,0.0,7.604069783747256e-06,0.0007818608287726,2.9803890308893343e-05,0.001563721657545,6.501189433432768e-06,0,0,1,1,2
1240,3,14:12:03,4,-0.0023455824863173,233516.0,-0.0019546520719311,-0.0023455824863173,3.5601751659274683e-06,-0.0031274433150898,6.410250176477012e-05,-0.0039093041438622,2.8965120779312063e-05,-0.0046911649726347,3.716126317217552e-05,-0.0054730258014071,3.31444568436617e-05,-0.0015637216575449,5.375090549427449e-06,-0.0007818608287724,4.450218957409336e-06,0.0,7.604069783747256e-06,0.0007818608287726,2.868166118050317e-05,0.001563721657545,6.501189433432768e-06,0,0,1,1,2
1241,3,14:12:06,4,-0.0023455824863173,289645.0,-0.0027365129007036,-0.0031274433150898,6.464426755088952e-05,-0.0039093041438622,2.8965120779312063e-05,-0.0046911649726347,3.716126317217552e-05,-0.0054730258014071,3.31444568436617e-05,-0.0062548866301797,7.095196920356536e-05,-0.0023455824863173,3.908453171289938e-06,-0.0015637216575449,5.858810001319768e-06,-0.0007818608287724,3.869755615138553e-06,0.0,7.604069783747256e-06,0.0007818608287726,9.332883104810404e-06,1,1,1,1,2
1242,3,14:12:09,4,-0.0023455824863173,1356776.0,-0.0027365129007036,-0.0031274433150898,4.7462552619674346e-05,-0.0039093041438622,2.8965120779312063e-05,-0.0046911649726347,3.716126317217552e-05,-0.0054730258014071,3.31444568436617e-05,-0.0062548866301797,7.095196920356536e-05,-0.0023455824863173,6.965560107249394e-07,-0.0015637216575449,5.955553891698232e-06,-0.0007818608287724,3.869755615138553e-06,0.0,7.99104534526111e-06,0.0007818608287726,9.190669585954062e-06,1,1,1,1,2
1243,3,14:12:12,4,-0.0023455824863173,127600.0,-0.0027365129007036,-0.0031274433150898,4.7462552619674346e-05,-0.0039093041438622,2.8965120779312063e-05,-0.0046911649726347,3.716126317217552e-05,-0.0054730258014071,3.217701793987706e-05,-0.0062548866301797,7.095196920356536e-05,-0.0023455824863173,4.817845740847498e-06,-0.0015637216575449,5.916856335546847e-06,-0.0007818608287724,3.869755615138553e-06,0.0,8.068440457563883e-06,0.0007818608287726,9.442203700938067e-06,1,1,1,1,2
1244,3,14:12:15,4,-0.0031274433150898,22961.0,-0.0027365129007036,-0.0031274433150898,4.8565432969988834e-05,-0.0039093041438622,2.703024297174279e-05,-0.0046911649726347,3.716126317217552e-05,-0.0054730258014071,3.217701793987706e-05,-0.0062548866301797,7.095196920356536e-05,-0.0023455824863173,5.862679756934907e-06,-0.0015637216575449,5.974902669773925e-06,-0.0007818608287724,3.869755615138553e-06,0.0,8.068440457563883e-06,0.0007818608287726,9.442203700938067e-06,1,1,1,1,2
1245,3,14:12:18,4,-0.0023455824863173,190064.0,-0.0027365129007036,-0.0031274433150898,4.7810830625036815e-05,-0.0039093041438622,2.6101501624109536e-05,-0.0046911649726347,3.716126317217552e-05,-0.0054730258014071,3.024214013230779e-05,-0.0062548866301797,7.114545698432229e-05,-0.0023455824863173,2.4224670150767335e-05,-0.0015637216575449,5.58792710826007e-06,-0.0007818608287724,3.869755615138553e-06,0.0,8.068440457563883e-06,0.0007818608287726,9.442203700938067e-06,1,1,1,1,2
1246,3,14:12:21,4,-0.0023455824863173,118663.0,-0.0027365129007036,-0.0031274433150898,4.8429991523458986e-05,-0.0039093041438622,2.6198245514488e-05,-0.0046911649726347,3.716126317217552e-05,-0.0054730258014071,3.024214013230779e-05,-0.0062548866301797,6.921057917675301e-05,-0.0023455824863173,2.122560954903496e-05,-0.0015637216575449,5.58792710826007e-06,-0.0007818608287724,3.869755615138553e-06,0.0,8.068440457563883e-06,0.0007818608287726,9.925923152830387e-06,1,1,1,2,2
1247,3,14:12:24,4,-0.0031274433150898,153000.0,-0.0027365129007036,-0.0031274433150898,4.610813815437585e-05,-0.0039093041438622,2.6294989404866463e-05,-0.0046911649726347,3.716126317217552e-05,-0.0054730258014071,3.024214013230779e-05,-0.0062548866301797,6.901709139599608e-05,-0.0023455824863173,2.542429439146029e-05,-0.0015637216575449,7.716292696586275e-06,-0.0007818608287724,3.869755615138553e-06,0.0,8.068440457563883e-06,0.0007818608287726,9.925923152830387e-06,1,1,1,2,2
1248,3,14:12:27,4,-0.0031274433150898,127510.0,-0.0027365129007036,-0.0031274433150898,4.73077623950688e-05,-0.0039093041438622,2.6294989404866463e-05,-0.0046911649726347,3.716126317217552e-05,-0.0054730258014071,3.024214013230779e-05,-0.0062548866301797,6.901709139599608e-05,-0.0023455824863173,2.542429439146029e-05,-0.0015637216575449,7.716292696586275e-06,-0.0007818608287724,3.869755615138553e-06,0.0,7.584721005671563e-06,0.0007818608287726,9.925923152830387e-06,1,1,1,2,2
1249,3,14:12:30,4,-0.0031274433150898,200198.0,-0.0027365129007036,-0.0031274433150898,4.488916513560721e-05,-0.0039093041438622,2.6101501624109536e-05,-0.0046911649726347,3.716126317217552e-05,-0.0054730258014071,3.024214013230779e-05,-0.0062548866301797,6.901709139599608e-05,-0.0023455824863173,2.387639214540487e-05,-0.0015637216575449,7.716292696586275e-06,-0.0007818608287724,3.869755615138553e-06,0.0,7.584721005671563e-06,0.0007818608287726,9.925923152830387e-06,1,1,1,2,2
1250,3,14:12:33,4,-0.0031274433150898,940950.0,-0.0027365129007036,-0.0031274433150898,3.088064980880565e-05,-0.0039093041438622,2.6101501624109536e-05,-0.0046911649726347,3.716126317217552e-05,-0.0054730258014071,3.024214013230779e-05,-0.0062548866301797,6.901709139599608e-05,-0.0023455824863173,2.387639214540487e-05,-0.0015637216575449,7.61954880620781e-06,-0.0007818608287724,3.2118971605649985e-06,0.0,7.584721005671563e-06,0.0007818608287726,1.766543438310749e-05,1,1,1,2,2
1251,3,14:12:36,4,-0.0023455824863173,100764.0,-0.0027365129007036,-0.0031274433150898,3.120957903609243e-05,-0.0039093041438622,2.6101501624109536e-05,-0.0046911649726347,3.716126317217552e-05,-0.0054730258014071,3.024214013230779e-05,-0.0062548866301797,6.901709139599608e-05,-0.0023455824863173,2.312178980045285e-05,-0.0015637216575449,7.61954880620781e-06,-0.0007818608287724,3.2118971605649985e-06,0.0,7.584721005671563e-06,0.0007818608287726,1.766543438310749e-05,1,1,1,2,2
1252,3,14:12:39,4,-0.0031274433150898,369800.0,-0.0027365129007036,-0.0031274433150898,2.7436567311332337e-05,-0.0039093041438622,2.6294989404866463e-05,-0.0046911649726347,3.737409973100814e-05,-0.0054730258014071,3.024214013230779e-05,-0.0062548866301797,6.907513773022317e-05,-0.0023455824863173,2.2154350896668213e-05,-0.0015637216575449,7.61954880620781e-06,-0.0007818608287724,3.2118971605649985e-06,0.0,7.584721005671563e-06,0.0007818608287726,1.766543438310749e-05,1,1,1,2,2
1253,3,14:12:42,4,-0.0031274433150898,160670.0,-0.0027365129007036,-0.0031274433150898,2.5791921174898453e-05,-0.0039093041438622,2.6294989404866463e-05,-0.0046911649726347,3.747084362138661e-05,-0.0054730258014071,3.024214013230779e-05,-0.0062548866301797,6.907513773022317e-05,-0.0023455824863173,2.196086311591129e-05,-0.0015637216575449,7.61954880620781e-06,-0.0007818608287724,3.2118971605649985e-06,0.0,7.584721005671563e-06,0.0007818608287726,1.766543438310749e-05,1,1,1,2,2
1254,3,14:12:45,4,-0.0023455824863173,19131.0,-0.0027365129007036,-0.0031274433150898,2.5695177284519988e-05,-0.0039093041438622,2.6294989404866463e-05,-0.0046911649726347,3.752888995561368e-05,-0.0054730258014071,3.024214013230779e-05,-0.0062548866301797,6.907513773022317e-05,-0.0023455824863173,1.994859019603924e-05,-0.0015637216575449,7.61954880620781e-06,-0.0007818608287724,2.418597259461595e-06,0.0,7.584721005671563e-06,0.0007818608287726,1.8400687949983814e-05,1,1,1,2,2
1255,3,14:12:48,4,-0.0031274433150898,399115.0,-0.0027365129007036,-0.0031274433150898,2.130300466133773e-05,-0.0039093041438622,2.7997681875527423e-05,-0.0046911649726347,3.752888995561368e-05,-0.0054730258014071,3.039693035691333e-05,-0.0062548866301797,6.917188162060163e-05,-0.0023455824863173,1.9213336629162917e-05,-0.0015637216575449,7.61954880620781e-06,-0.0007818608287724,2.418597259461595e-06,0.0,7.584721005671563e-06,0.0007818608287726,1.8400687949983814e-05,1,1,1,2,2
1256,3,14:12:51,4,-0.0031274433150898,146625.0,-0.0027365129007036,-0.0031274433150898,1.9271382963389996e-05,-0.0039093041438622,2.801703065360312e-05,-0.0046911649726347,3.752888995561368e-05,-0.0054730258014071,3.165460093183336e-05,-0.0062548866301797,6.932667184520717e-05,-0.0023455824863173,1.940682440991984e-05,-0.0015637216575449,7.61954880620781e-06,-0.0007818608287724,2.418597259461595e-06,0.0,7.584721005671563e-06,0.0007818608287726,1.8594175730740745e-05,1,1,2,2,2
1257,3,14:12:54,4,-0.0031274433150898,58677.0,-0.0027365129007036,-0.0031274433150898,2.0045334086417705e-05,-0.0039093041438622,2.801703065360312e-05,-0.0046911649726347,3.752888995561368e-05,-0.0054730258014071,3.165460093183336e-05,-0.0062548866301797,6.936536940135855e-05,-0.0023455824863173,1.981314874950939e-05,-0.0015637216575449,7.61954880620781e-06,-0.0007818608287724,2.418597259461595e-06,0.0,7.584721005671563e-06,0.0007818608287726,1.8594175730740745e-05,1,1,1,2,2
1258,3,14:12:57,4,-0.0031274433150898,249912.0,-0.0027365129007036,-0.0031274433150898,1.6697995479322855e-05,-0.0039093041438622,2.801703065360312e-05,-0.0046911649726347,3.752888995561368e-05,-0.0054730258014071,3.165460093183336e-05,-0.0062548866301797,6.936536940135855e-05,-0.0023455824863173,1.9580963412601075e-05,-0.0015637216575449,7.61954880620781e-06,-0.0007818608287724,2.418597259461595e-06,0.0,7.584721005671563e-06,0.0007818608287726,1.8594175730740745e-05,1,1,1,2,2
1259,3,14:13:00,4,-0.0031274433150898,237150.0,-0.0027365129007036,-0.0031274433150898,1.4530932334845264e-05,-0.0039093041438622,2.962297923388562e-05,-0.0046911649726347,3.745149484331091e-05,-0.0054730258014071,3.165460093183336e-05,-0.0062548866301797,6.94814620698127e-05,-0.0023455824863173,1.961966096875246e-05,-0.0015637216575449,7.61954880620781e-06,-0.0007818608287724,2.418597259461595e-06,0.0,7.584721005671563e-06,0.0007818608287726,1.89811512922546e-05,1,1,1,2,2
1260,3,14:13:03,4,-0.0031274433150898,90542.0,-0.0027365129007036,-0.0031274433150898,1.4550281112920956e-05,-0.0039093041438622,2.962297923388562e-05,-0.0046911649726347,3.745149484331091e-05,-0.0054730258014071,3.165460093183336e-05,-0.0062548866301797,6.928797428905578e-05,-0.0023455824863173,1.9658358524903847e-05,-0.0015637216575449,7.522804915829346e-06,-0.0007818608287724,2.418597259461595e-06,0.0,7.584721005671563e-06,0.0007818608287726,1.89811512922546e-05,1,1,1,2,2
1261,3,14:13:06,4,-0.0031274433150898,341754.0,-0.0027365129007036,-0.0031274433150898,1.050638649510117e-05,-0.0039093041438622,3.15578570414549e-05,-0.0046911649726347,3.74901923994623e-05,-0.0054730258014071,3.2041576493347214e-05,-0.0062548866301797,6.928797428905578e-05,-0.0023455824863173,1.842003672805951e-05,-0.0015637216575449,7.522804915829346e-06,-0.0007818608287724,2.418597259461595e-06,0.0,7.584721005671563e-06,0.0007818608287726,1.89811512922546e-05,1,2,1,2,2
1262,3,14:13:09,4,-0.0031274433150898,42085.0,-0.0027365129007036,-0.0031274433150898,1.085466450046364e-05,-0.0039093041438622,3.15578570414549e-05,-0.0046911649726347,3.747084362138661e-05,-0.0054730258014071,3.2041576493347214e-05,-0.0062548866301797,6.928797428905578e-05,-0.0023455824863173,1.8226548947302584e-05,-0.0015637216575449,7.522804915829346e-06,-0.0007818608287724,2.418597259461595e-06,0.0,7.584721005671563e-06,0.0007818608287726,1.913594151686014e-05,1,2,1,2,2
1263,3,14:13:12,4,-0.0023455824863173,43366.0,-0.0027365129007036,-0.0031274433150898,1.170601073579412e-05,-0.0039093041438622,3.277683006022354e-05,-0.0046911649726347,3.750954117753799e-05,-0.0054730258014071,3.213832038372568e-05,-0.0062548866301797,6.928797428905578e-05,-0.0023455824863173,1.905854640455737e-05,-0.0015637216575449,4.852673541383745e-06,-0.0007818608287724,2.418597259461595e-06,0.0,7.584721005671563e-06,0.0007818608287726,1.913594151686014e-05,1,2,1,2,2
1264,3,14:13:15,4,-0.0031274433150898,495975.0,-0.0027365129007036,-0.0031274433150898,5.9207260911619855e-06,-0.0039093041438622,3.2892922728677696e-05,-0.0046911649726347,3.750954117753799e-05,-0.0054730258014071,3.567914677157746e-05,-0.0062548866301797,6.928797428905578e-05,-0.0023455824863173,1.905854640455737e-05,-0.0015637216575449,4.852673541383745e-06,-0.0007818608287724,2.03162169794774e-06,0.0,7.662116117974333e-06,0.0007818608287726,1.913594151686014e-05,1,2,1,2,2
1265,3,14:13:18,4,-0.0023455824863173,44645.0,-0.0027365129007036,-0.0031274433150898,7.371884446838942e-06,-0.0039093041438622,3.2815527616374924e-05,-0.0046911649726347,3.750954117753799e-05,-0.0054730258014071,3.6162866223469774e-05,-0.0062548866301797,7.315772990419434e-05,-0.0023455824863173,1.867157084304352e-05,-0.0015637216575449,4.852673541383745e-06,-0.0007818608287724,2.03162169794774e-06,0.0,7.662116117974333e-06,0.0007818608287726,1.913594151686014e-05,1,2,1,2,2
1266,3,14:13:21,4,-0.0031274433150898,45900.0,-0.0027365129007036,-0.0031274433150898,7.816906342579876e-06,-0.0039093041438622,3.2815527616374924e-05,-0.0046911649726347,3.731605339678106e-05,-0.0054730258014071,3.63563540042267e-05,-0.0062548866301797,7.317707868227003e-05,-0.0023455824863173,1.7742829495410264e-05,-0.0015637216575449,4.852673541383745e-06,-0.0007818608287724,2.03162169794774e-06,0.0,7.662116117974333e-06,0.0007818608287726,1.913594151686014e-05,2,2,2,2,2
1267,3,14:13:24,4,-0.0031274433150898,44631.0,-0.0027365129007036,-0.0031274433150898,1.1183593727750417e-05,-0.0039093041438622,3.291227150675339e-05,-0.0046911649726347,3.731605339678106e-05,-0.0054730258014071,3.63563540042267e-05,-0.0062548866301797,7.317707868227003e-05,-0.0023455824863173,1.762673682695611e-05,-0.0015637216575449,4.852673541383745e-06,-0.0007818608287724,2.03162169794774e-06,0.0,9.113274473651292e-06,0.0007818608287726,1.954226585644969e-05,2,2,2,2,2
1268,3,14:13:27,4,-0.0031274433150898,48415.0,-0.0027365129007036,-0.0031274433150898,1.0603710848821903e-05,-0.0039093041438622,3.3028364175207544e-05,-0.0046911649726347,3.731605339678106e-05,-0.0054730258014071,3.63563540042267e-05,-0.0062548866301797,7.308033479189157e-05,-0.0023455824863173,1.7549341714653336e-05,-0.0015637216575449,4.852673541383745e-06,-0.0007818608287724,2.03162169794774e-06,0.0,9.113274473651292e-06,0.0007818608287726,1.954226585644969e-05,2,2,2,2,2
1269,3,14:13:30,4,-0.0031274433150898,350654.0,-0.0027365129007036,-0.0031274433150898,1.6679227164589433e-05,-0.0039093041438622,3.3028364175207544e-05,-0.0046911649726347,3.731605339678106e-05,-0.0054730258014071,3.63563540042267e-05,-0.0062548866301797,7.308033479189157e-05,-0.0023455824863173,1.6988227150458247e-05,-0.0015637216575449,4.852673541383745e-06,-0.0007818608287724,2.03162169794774e-06,0.0,8.958484249045749e-06,0.0007818608287726,1.954226585644969e-05,2,2,2,2,2
1270,3,14:13:33,4,-0.0023455824863173,1325264.0,-0.0027365129007036,-0.0031274433150898,7.48855757863537e-06,-0.0039093041438622,3.34153397367214e-05,-0.0046911649726347,3.747084362138661e-05,-0.0054730258014071,3.767207091337381e-05,-0.0062548866301797,7.308033479189157e-05,-0.0023455824863173,6.559235767659847e-06,-0.0015637216575449,4.852673541383745e-06,-0.0007818608287724,2.03162169794774e-06,0.0,8.958484249045749e-06,0.0007818608287726,1.954226585644969e-05,2,2,2,2,2
1271,3,14:13:36,4,-0.0023455824863173,572904.0,-0.0019546520719311,-0.0023455824863173,2.687545274713725e-05,-0.0031274433150898,8.010974586679074e-06,-0.0039093041438622,3.34153397367214e-05,-0.0046911649726347,3.747084362138661e-05,-0.0054730258014071,3.856211470485568e-05,-0.0015637216575449,2.724307953057541e-06,-0.0007818608287724,2.03162169794774e-06,0.0,8.958484249045749e-06,0.0007818608287726,1.954226585644969e-05,0.001563721657545,5.9013773130862925e-06,2,1,1,2,2
1272,3,14:13:39,4,-0.0015637216575449,3831.0,-0.0019546520719311,-0.0023455824863173,2.689480152521294e-05,-0.0031274433150898,1.7724061180676842e-05,-0.0039093041438622,3.34153397367214e-05,-0.0046911649726347,3.747084362138661e-05,-0.0054730258014071,3.8755602485612606e-05,-0.0015637216575449,2.6662616188304625e-06,-0.0007818608287724,2.03162169794774e-06,0.0,1.0699874275858098e-05,0.0007818608287726,1.954226585644969e-05,0.001563721657545,5.9013773130862925e-06,1,1,1,2,2
1273,3,14:13:42,4,-0.0023455824863173,1189232.0,-0.0019546520719311,-0.0023455824863173,9.790481706300536e-06,-0.0031274433150898,2.093595834124184e-05,-0.0039093041438622,3.4305383528203267e-05,-0.0046911649726347,3.747084362138661e-05,-0.0054730258014071,3.8755602485612606e-05,-0.0015637216575449,2.6662616188304625e-06,-0.0007818608287724,2.03162169794774e-06,0.0,1.0699874275858098e-05,0.0007818608287726,1.954226585644969e-05,0.001563721657545,5.9013773130862925e-06,1,1,1,2,2
1274,3,14:13:45,4,-0.0023455824863173,33176.0,-0.0019546520719311,-0.0023455824863173,1.3118471535319694e-05,-0.0031274433150898,1.9794380434775967e-05,-0.0039093041438622,3.494389320470113e-05,-0.0046911649726347,3.747084362138661e-05,-0.0054730258014071,3.8755602485612606e-05,-0.0015637216575449,2.6662616188304625e-06,-0.0007818608287724,2.03162169794774e-06,0.0,1.0699874275858098e-05,0.0007818608287726,1.954226585644969e-05,0.001563721657545,5.9013773130862925e-06,1,1,1,2,2
1275,3,14:13:48,4,-0.0015637216575449,25540.0,-0.0019546520719311,-0.0023455824863173,1.4879210340207734e-05,-0.0031274433150898,2.18453509107994e-05,-0.0039093041438622,3.446017375280881e-05,-0.0046911649726347,3.747084362138661e-05,-0.0054730258014071,3.8213836699493206e-05,-0.0015637216575449,2.2792860573166074e-06,-0.0007818608287724,2.03162169794774e-06,0.0,1.0699874275858098e-05,0.0007818608287726,1.954226585644969e-05,0.001563721657545,5.9013773130862925e-06,1,1,1,2,2
1276,3,14:13:51,4,-0.0015637216575449,182356.0,-0.0011727912431587,-0.0015637216575449,2.074189009714264e-06,-0.0023455824863173,1.882636106764906e-05,-0.0031274433150898,1.4454117685884764e-05,-0.0039093041438622,3.446017375280881e-05,-0.0046911649726347,3.766433140214353e-05,-0.0007818608287724,2.03162169794774e-06,0.0,1.1396430286583035e-05,0.0007818608287726,1.954226585644969e-05,0.001563721657545,5.9013773130862925e-06,0.0023455824863174,4.775278429080974e-05,0,1,1,2,1
1277,3,14:13:54,4,-0.0015637216575449,186697.0,-0.0019546520719311,-0.0023455824863173,1.9213336629162917e-05,-0.0031274433150898,1.5073278584306932e-05,-0.0039093041438622,3.461496397741436e-05,-0.0046911649726347,3.766433140214353e-05,-0.0054730258014071,3.8136441587190434e-05,-0.0015637216575449,8.780475490749375e-06,-0.0007818608287724,2.418597259461595e-06,0.0,1.1396430286583035e-05,0.0007818608287726,1.973575363720662e-05,0.001563721657545,5.9013773130862925e-06,1,2,2,2,2
1278,3,14:13:57,4,-0.0023455824863173,130226.0,-0.0019546520719311,-0.0023455824863173,1.985184630566077e-05,-0.0031274433150898,1.5460254145820787e-05,-0.0039093041438622,3.461496397741436e-05,-0.0046911649726347,3.766433140214353e-05,-0.0054730258014071,3.8136441587190434e-05,-0.0015637216575449,7.348665913148111e-06,-0.0007818608287724,2.708828930596986e-06,0.0,1.1396430286583035e-05,0.0007818608287726,1.973575363720662e-05,0.001563721657545,5.9013773130862925e-06,1,2,2,2,2
1279,3,14:14:00,4,-0.0015637216575449,76618.0,-0.0019546520719311,-0.0023455824863173,1.9580963412601075e-05,-0.0031274433150898,1.791754896143377e-05,-0.0039093041438622,3.461496397741436e-05,-0.0046911649726347,3.766433140214353e-05,-0.0054730258014071,3.8136441587190434e-05,-0.0015637216575449,6.613412346271786e-06,-0.0007818608287724,2.708828930596986e-06,0.0,1.1396430286583035e-05,0.0007818608287726,1.981314874950939e-05,0.001563721657545,5.9013773130862925e-06,1,2,2,2,2
1280,3,14:14:03,4,-0.0015637216575449,490348.0,-0.0019546520719311,-0.0023455824863173,1.940682440991984e-05,-0.0031274433150898,1.791754896143377e-05,-0.0039093041438622,3.480845175817128e-05,-0.0046911649726347,2.050196524900405e-05,-0.0054730258014071,2.979711823656685e-05,-0.0015637216575449,1.4666373781375117e-06,-0.0007818608287724,2.612085040218523e-06,0.0,1.1880149738475356e-05,0.0007818608287726,1.981314874950939e-05,0.001563721657545,5.9013773130862925e-06,1,2,2,2,2
1281,3,14:14:06,4,-0.0015637216575449,153240.0,-0.0019546520719311,-0.0023455824863173,1.909724396070876e-05,-0.0031274433150898,3.2448481296279034e-05,-0.0039093041438622,3.480845175817128e-05,-0.0046911649726347,2.050196524900405e-05,-0.0054730258014071,2.979711823656685e-05,-0.0015637216575449,3.033888402268625e-06,-0.0007818608287724,2.612085040218523e-06,0.0,1.1880149738475356e-05,0.0007818608287726,1.981314874950939e-05,0.001563721657545,5.9013773130862925e-06,2,2,2,2,1
1282,3,14:14:09,4,-0.0015637216575449,56188.0,-0.0019546520719311,-0.0023455824863173,2.039361209178017e-05,-0.0031274433150898,3.3860942095804605e-05,-0.0039093041438622,3.480845175817128e-05,-0.0046911649726347,2.0405221358625588e-05,-0.0054730258014071,2.979711823656685e-05,-0.0015637216575449,2.182542166938144e-06,-0.0007818608287724,2.612085040218523e-06,0.0,1.2054288741156591e-05,0.0007818608287726,1.981314874950939e-05,0.001563721657545,5.9013773130862925e-06,2,2,2,2,1
1283,3,14:14:12,4,-0.0015637216575449,80398.0,-0.0019546520719311,-0.0023455824863173,1.936812685376845e-05,-0.0031274433150898,3.4634893218832314e-05,-0.0039093041438622,3.480845175817128e-05,-0.0046911649726347,2.0405221358625588e-05,-0.0054730258014071,2.979711823656685e-05,-0.0015637216575449,1.989054386181216e-06,-0.0007818608287724,2.612085040218523e-06,0.0,1.2054288741156591e-05,0.0007818608287726,1.981314874950939e-05,0.001563721657545,5.9013773130862925e-06,2,2,2,2,1
1284,3,14:14:15,4,-0.0015637216575449,0.0,-0.0019546520719311,-0.0023455824863173,2.3237882468907008e-05,-0.0031274433150898,3.684065391946129e-05,-0.0039093041438622,3.411189574744634e-05,-0.0046911649726347,2.0405221358625588e-05,-0.0054730258014071,2.9990606017323782e-05,-0.0015637216575449,2.7630055092089262e-06,-0.0007818608287724,2.612085040218523e-06,0.0,1.2054288741156591e-05,0.0007818608287726,1.9871195083736468e-05,0.001563721657545,5.9013773130862925e-06,2,2,2,2,2
1285,3,14:14:18,4,-0.0015637216575449,180043.0,-0.0019546520719311,-0.0023455824863173,3.494389320470113e-05,-0.0031274433150898,3.684065391946129e-05,-0.0039093041438622,3.240920327678538e-05,-0.0046911649726347,2.0405221358625588e-05,-0.0054730258014071,2.9990606017323782e-05,-0.0015637216575449,3.057106935959457e-07,-0.0007818608287724,2.612085040218523e-06,0.0,1.2054288741156591e-05,0.0007818608287726,1.9871195083736468e-05,0.001563721657545,5.9013773130862925e-06,2,2,2,2,2
1286,3,14:14:21,4,-0.0015637216575449,32947.0,-0.0011727912431587,-0.0015637216575449,1.2615403305351682e-06,-0.0023455824863173,3.610481988924269e-05,-0.0031274433150898,3.716958314674807e-05,-0.0039093041438622,3.240920327678538e-05,-0.0046911649726347,2.0405221358625588e-05,-0.0007818608287724,3.173199604413613e-06,0.0,1.2054288741156591e-05,0.0007818608287726,1.9871195083736468e-05,0.001563721657545,5.9013773130862925e-06,0.0023455824863174,4.81397598523236e-05,1,1,1,2,1
1287,3,14:14:24,4,-0.0015637216575449,42141.0,-0.0011727912431587,-0.0015637216575449,1.087401327853933e-06,-0.0023455824863173,3.533086876621498e-05,-0.0031274433150898,3.740176848365638e-05,-0.0039093041438622,3.240920327678538e-05,-0.0046911649726347,2.050196524900405e-05,-0.0007818608287724,5.707889532329365e-06,0.0,1.1473825398885808e-05,0.0007818608287726,1.7607388048880415e-05,0.001563721657545,5.9013773130862925e-06,0.0023455824863174,4.81397598523236e-05,1,2,1,2,1
1288,3,14:14:27,4,-0.0015637216575449,7662.0,-0.0011727912431587,-0.0015637216575449,1.4550281112920958e-06,-0.0023455824863173,3.5621100437350375e-05,-0.0031274433150898,3.745981481788346e-05,-0.0039093041438622,3.240920327678538e-05,-0.0046911649726347,2.050196524900405e-05,-0.0007818608287724,5.707889532329365e-06,0.0,1.224777652191352e-05,0.0007818608287726,1.7607388048880415e-05,0.001563721657545,5.9013773130862925e-06,0.0023455824863174,4.7597994066204194e-05,1,2,1,2,1
1289,3,14:14:30,4,-0.0015637216575449,100883.0,-0.0011727912431587,-0.0015637216575449,1.087401327853933e-06,-0.0023455824863173,3.5621100437350375e-05,-0.0031274433150898,3.716958314674807e-05,-0.0039093041438622,3.240920327678538e-05,-0.0046911649726347,2.09082895885936e-05,-0.0007818608287724,5.707889532329365e-06,0.0,1.224777652191352e-05,0.0007818608287726,1.7607388048880415e-05,0.001563721657545,5.9013773130862925e-06,0.0023455824863174,4.7597994066204194e-05,1,2,1,1,1
1290,3,14:14:33,4,-0.0007818608287724,49830.0,-0.0011727912431587,-0.0015637216575449,1.1647964401567043e-06,-0.0023455824863173,3.5621100437350375e-05,-0.0031274433150898,3.7227629480975145e-05,-0.0039093041438622,3.240920327678538e-05,-0.0046911649726347,2.09082895885936e-05,-0.0007818608287724,5.185472524285661e-06,0.0,1.224777652191352e-05,0.0007818608287726,1.7704131939258877e-05,0.001563721657545,5.9013773130862925e-06,0.0023455824863174,4.7597994066204194e-05,1,2,1,2,1
1291,3,14:14:36,4,-0.0015637216575449,38310.0,-0.0011727912431587,-0.0015637216575449,2.732047464287818e-06,-0.0023455824863173,3.5833936996183e-05,-0.0031274433150898,3.742111726173208e-05,-0.0039093041438622,3.310575928751032e-05,-0.0046911649726347,2.09082895885936e-05,-0.0007818608287724,5.185472524285661e-06,0.0,1.224777652191352e-05,0.0007818608287726,1.8381339171908125e-05,0.001563721657545,5.9013773130862925e-06,0.0023455824863174,4.7597994066204194e-05,1,2,1,1,1
1292,3,14:14:39,4,-0.0015637216575449,58742.0,-0.0011727912431587,-0.0015637216575449,2.5192109054551976e-06,-0.0023455824863173,3.5833936996183e-05,-0.0031274433150898,3.587321501567665e-05,-0.0039093041438622,3.310575928751032e-05,-0.0046911649726347,2.09082895885936e-05,-0.0007818608287724,5.204821302361353e-06,0.0,1.224777652191352e-05,0.0007818608287726,1.8381339171908125e-05,0.001563721657545,5.9013773130862925e-06,0.0023455824863174,4.7597994066204194e-05,2,2,2,1,1
1293,3,14:14:42,4,-0.0015637216575449,37034.0,-0.0011727912431587,-0.0015637216575449,2.8287913546662817e-06,-0.0023455824863173,3.564044921542607e-05,-0.0031274433150898,3.686000269753699e-05,-0.0039093041438622,3.310575928751032e-05,-0.0046911649726347,2.09082895885936e-05,-0.0007818608287724,5.456355417345359e-06,0.0,1.224777652191352e-05,0.0007818608287726,1.8381339171908125e-05,0.001563721657545,5.9013773130862925e-06,0.0023455824863174,4.7578645288128505e-05,2,2,2,1,1
1294,3,14:14:45,4,-0.0007818608287724,1278.0,-0.0011727912431587,-0.0015637216575449,3.4286034750127577e-06,-0.0023455824863173,3.564044921542607e-05,-0.0031274433150898,3.6666514916780056e-05,-0.0039093041438622,3.310575928751032e-05,-0.0046911649726347,2.09082895885936e-05,-0.0007818608287724,5.437006639269666e-06,0.0,1.224777652191352e-05,0.0007818608287726,1.8381339171908125e-05,0.001563721657545,5.9013773130862925e-06,0.0023455824863174,4.7578645288128505e-05,2,2,2,1,1
1295,3,14:14:48,4,-0.0007818608287724,1278.0,-0.0011727912431587,-0.0015637216575449,5.286086170279263e-06,-0.0023455824863173,3.564044921542607e-05,-0.0031274433150898,3.724697825905084e-05,-0.0039093041438622,3.310575928751032e-05,-0.0046911649726347,2.09082895885936e-05,-0.0007818608287724,7.35253566876325e-06,0.0,1.1667313179642737e-05,0.0007818608287726,1.8381339171908125e-05,0.001563721657545,5.9013773130862925e-06,0.0023455824863174,4.7578645288128505e-05,2,2,2,1,1
1296,3,14:14:51,4,-0.0007818608287724,0.0,-0.0011727912431587,-0.0015637216575449,5.47957395103619e-06,-0.0023455824863173,3.5737193105804534e-05,-0.0031274433150898,3.724697825905084e-05,-0.0039093041438622,3.310575928751032e-05,-0.0046911649726347,2.09082895885936e-05,-0.0007818608287724,7.584721005671563e-06,0.0,1.1667313179642737e-05,0.0007818608287726,1.8381339171908125e-05,0.001563721657545,5.9013773130862925e-06,0.0023455824863174,4.7578645288128505e-05,2,2,2,1,1
1297,3,14:14:54,4,-0.0007818608287724,511192.0,-0.0003909304143862,-0.0007818608287724,2.269611668278761e-05,-0.0015637216575449,5.595666619490347e-06,-0.0023455824863173,3.186743749066598e-05,-0.0031274433150898,3.724697825905084e-05,-0.0039093041438622,3.310575928751032e-05,0.0,1.1667313179642737e-05,0.0007818608287726,1.842003672805951e-05,0.001563721657545,5.9207260911619855e-06,0.0023455824863174,4.7578645288128505e-05,0.00312744331509,4.3486765700681e-05,1,1,1,1,1
1298,3,14:14:57,4,-0.0007818608287724,46008.0,-0.0003909304143862,-0.0007818608287724,2.228979234319806e-05,-0.0015637216575449,6.330920186366672e-06,-0.0023455824863173,3.089999858688134e-05,-0.0031274433150898,3.724697825905084e-05,-0.0039093041438622,3.310575928751032e-05,0.0,1.1667313179642737e-05,0.0007818608287726,1.842003672805951e-05,0.001563721657545,6.501189433432768e-06,0.0023455824863174,4.7578645288128505e-05,0.00312744331509,4.3486765700681e-05,1,1,1,1,1
1299,3,14:15:00,4,-0.0007818608287724,0.0,-0.0003909304143862,-0.0007818608287724,2.300569713199869e-05,-0.0015637216575449,4.628227715705709e-06,-0.0023455824863173,2.882967933278221e-05,-0.0031274433150898,3.5582983344541264e-05,-0.0039093041438622,3.3009015397131854e-05,0.0,1.1667313179642737e-05,0.0007818608287726,1.842003672805951e-05,0.001563721657545,6.559235767659847e-06,0.0023455824863174,4.7578645288128505e-05,0.00312744331509,4.3486765700681e-05,1,1,1,1,1
1300,3,14:15:03,4,-0.0007818608287724,0.0,-0.0003909304143862,-0.0007818608287724,2.852009888357113e-05,-0.0015637216575449,4.628227715705709e-06,-0.0023455824863173,2.8539447661646826e-05,-0.0031274433150898,3.5582983344541264e-05,-0.0039093041438622,3.3009015397131854e-05,0.0,1.1589918067339964e-05,0.0007818608287726,1.842003672805951e-05,0.001563721657545,6.559235767659847e-06,0.0023455824863174,4.7578645288128505e-05,0.00312744331509,4.3486765700681e-05,1,1,1,1,1
1301,3,14:15:06,4,0.0,31961.0,-0.0003909304143862,-0.0007818608287724,2.8249215990511436e-05,-0.0015637216575449,4.628227715705709e-06,-0.0023455824863173,2.8539447661646826e-05,-0.0031274433150898,3.5582983344541264e-05,-0.0039093041438622,3.306706173135893e-05,0.0,1.3563493431060627e-05,0.0007818608287726,1.861352450881644e-05,0.001563721657545,6.559235767659847e-06,0.0023455824863174,4.7578645288128505e-05,0.00312744331509,4.3486765700681e-05,1,1,1,1,1
1302,3,14:15:09,4,-0.0007818608287724,53683.0,-0.0003909304143862,-0.0007818608287724,2.809442576590589e-05,-0.0015637216575449,4.647576493781402e-06,-0.0023455824863173,2.9177957338144687e-05,-0.0031274433150898,3.5582983344541264e-05,-0.0039093041438622,3.306706173135893e-05,0.0,1.3428051984530778e-05,0.0007818608287726,1.861352450881644e-05,0.001563721657545,6.868816216870931e-06,0.0023455824863174,4.7578645288128505e-05,0.00312744331509,4.3486765700681e-05,1,2,1,1,1
1303,3,14:15:12,4,0.0,108715.0,-0.0003909304143862,-0.0007818608287724,3.3995803078992184e-05,-0.0015637216575449,3.873625370753691e-06,-0.0023455824863173,2.4418157931524265e-05,-0.0031274433150898,3.5582983344541264e-05,-0.0039093041438622,3.306706173135893e-05,0.0,1.1783405848096892e-05,0.0007818608287726,1.880701228957337e-05,0.001563721657545,6.868816216870931e-06,0.0023455824863174,4.7578645288128505e-05,0.00312744331509,4.3486765700681e-05,1,2,1,1,1
1304,3,14:15:15,4,0.0,0.0,-0.0003909304143862,-0.0007818608287724,3.4092546969370646e-05,-0.0015637216575449,3.873625370753691e-06,-0.0023455824863173,2.4689040824583965e-05,-0.0031274433150898,3.5582983344541264e-05,-0.0039093041438622,3.306706173135893e-05,0.0,1.1783405848096892e-05,0.0007818608287726,1.783957338578873e-05,0.001563721657545,6.868816216870931e-06,0.0023455824863174,4.7578645288128505e-05,0.00312744331509,4.3486765700681e-05,1,2,1,1,1
1305,3,14:15:18,4,0.0,260916.0,-0.0003909304143862,-0.0007818608287724,3.416994208167342e-05,-0.0015637216575449,4.454088713024474e-06,-0.0023455824863173,2.478578471496243e-05,-0.0031274433150898,3.5254054117254486e-05,-0.0039093041438622,3.306706173135893e-05,0.0,7.83625512065557e-06,0.0007818608287726,1.783957338578873e-05,0.001563721657545,6.868816216870931e-06,0.0023455824863174,4.7578645288128505e-05,0.00312744331509,4.3486765700681e-05,1,2,1,1,1
1306,3,14:15:21,4,-0.0007818608287724,880667.0,-0.0003909304143862,-0.0007818608287724,2.331527758120978e-05,-0.0015637216575449,4.647576493781402e-06,-0.0023455824863173,2.478578471496243e-05,-0.0031274433150898,3.5254054117254486e-05,-0.0039093041438622,3.306706173135893e-05,0.0,6.868816216870931e-06,0.0007818608287726,1.7684783161183184e-05,0.001563721657545,6.868816216870931e-06,0.0023455824863174,4.666925271857094e-05,0.00312744331509,4.3486765700681e-05,1,2,1,1,1
1307,3,14:15:24,4,-0.0007818608287724,255600.0,-0.0003909304143862,-0.0007818608287724,2.0084031642569088e-05,-0.0015637216575449,4.647576493781402e-06,-0.0023455824863173,1.9019848848405983e-05,-0.0031274433150898,3.496382244611909e-05,-0.0039093041438622,3.382166407631095e-05,0.0,6.501189433432768e-06,0.0007818608287726,1.7742829495410264e-05,0.001563721657545,6.868816216870931e-06,0.0023455824863174,4.666925271857094e-05,0.00312744331509,4.3486765700681e-05,2,2,1,1,1
1308,3,14:15:27,4,0.0,25570.0,-0.0003909304143862,-0.0007818608287724,2.091602909982388e-05,-0.0015637216575449,4.647576493781402e-06,-0.0023455824863173,1.8865058623800445e-05,-0.0031274433150898,3.496382244611909e-05,-0.0039093041438622,3.382166407631095e-05,0.0,5.9207260911619855e-06,0.0007818608287726,1.8961802514178907e-05,0.001563721657545,7.83625512065557e-06,0.0023455824863174,4.666925271857094e-05,0.00312744331509,4.3486765700681e-05,2,2,1,1,1
1309,3,14:15:30,4,0.0,0.0,-0.0003909304143862,-0.0007818608287724,2.091602909982388e-05,-0.0015637216575449,4.647576493781402e-06,-0.0023455824863173,1.905854640455737e-05,-0.0031274433150898,3.511861267072464e-05,-0.0039093041438622,3.382166407631095e-05,0.0,5.9207260911619855e-06,0.0007818608287726,1.8961802514178907e-05,0.001563721657545,7.526674671444484e-06,0.0023455824863174,4.666925271857094e-05,0.00312744331509,4.3486765700681e-05,2,2,1,1,1
1310,3,14:15:33,4,0.0,179060.0,-0.0003909304143862,-0.0007818608287724,2.101277299020234e-05,-0.0015637216575449,4.841064274538329e-06,-0.0023455824863173,1.934877807569276e-05,-0.0031274433150898,3.5041217558421865e-05,-0.0039093041438622,3.382166407631095e-05,0.0,3.50212883170039e-06,0.0007818608287726,1.8961802514178907e-05,0.001563721657545,7.526674671444484e-06,0.0023455824863174,4.666925271857094e-05,0.00312744331509,4.3486765700681e-05,2,2,1,1,1
1311,3,14:15:36,4,-0.0007818608287724,16619.0,-0.0003909304143862,-0.0007818608287724,2.08579827655968e-05,-0.0015637216575449,4.841064274538329e-06,-0.0023455824863173,1.92520341853143e-05,-0.0031274433150898,3.5041217558421865e-05,-0.0039093041438622,3.382166407631095e-05,0.0,3.598872722078854e-06,0.0007818608287726,1.9116592738784448e-05,0.001563721657545,1.2034939963080898e-05,0.0023455824863174,4.666925271857094e-05,0.00312744331509,4.358350959105946e-05,2,2,1,1,1
1312,3,14:15:39,4,0.0,239173.0,0.0003909304143863,0.0,4.663055516241956e-06,-0.0007818608287724,2.1032121768278032e-05,-0.0015637216575449,6.447012854820829e-06,-0.0023455824863173,1.92520341853143e-05,-0.0031274433150898,3.4847729777664934e-05,0.0007818608287726,1.9116592738784448e-05,0.001563721657545,1.2034939963080898e-05,0.0023455824863174,4.666925271857094e-05,0.00312744331509,4.358350959105946e-05,0.0039093041438624,3.499033027208279e-05,1,1,1,0,0
1313,3,14:15:42,4,0.0,243010.0,0.0003909304143863,0.0,2.999060601732378e-06,-0.0007818608287724,1.5653161463235445e-05,-0.0015637216575449,6.447012854820829e-06,-0.0023455824863173,1.92520341853143e-05,-0.0031274433150898,3.4847729777664934e-05,0.0007818608287726,1.9116592738784448e-05,0.001563721657545,1.2034939963080898e-05,0.0023455824863174,4.692078683355495e-05,0.00312744331509,4.358350959105946e-05,0.0039093041438624,3.499033027208279e-05,1,1,1,0,0
1314,3,14:15:45,4,0.0007818608287726,78025.0,0.0003909304143863,0.0,1.619492724935484e-05,-0.0007818608287724,1.267344963957876e-05,-0.0015637216575449,4.899110608765408e-06,-0.0023455824863173,1.905854640455737e-05,-0.0031274433150898,3.5389495563784334e-05,0.0007818608287726,1.1260988840053187e-05,0.001563721657545,1.2034939963080898e-05,0.0023455824863174,4.692078683355495e-05,0.00312744331509,4.358350959105946e-05,0.0039093041438624,3.504837660630987e-05,1,1,1,0,0
1315,3,14:15:48,4,0.0,134295.0,0.0003909304143863,0.0,1.4840512784056348e-05,-0.0007818608287724,1.2596054527275987e-05,-0.0015637216575449,5.092598389522335e-06,-0.0023455824863173,2.000663653026632e-05,-0.0031274433150898,3.5389495563784334e-05,0.0007818608287726,1.2170381409610748e-05,0.001563721657545,1.253800819304891e-05,0.0023455824863174,4.711427461431188e-05,0.00312744331509,4.358350959105946e-05,0.0039093041438624,3.504837660630987e-05,1,1,1,0,0
1316,3,14:15:51,4,0.0,33254.0,0.0003909304143863,0.0,1.4337444554088337e-05,-0.0007818608287724,1.2596054527275987e-05,-0.0015637216575449,5.092598389522335e-06,-0.0023455824863173,2.0200124311023243e-05,-0.0031274433150898,3.5389495563784334e-05,0.0007818608287726,1.2170381409610748e-05,0.001563721657545,1.261540330535168e-05,0.0023455824863174,4.7249716060841726e-05,0.00312744331509,4.358350959105946e-05,0.0039093041438624,3.504837660630987e-05,1,1,1,1,0
1317,3,14:15:54,4,0.0,465570.0,0.0003909304143863,0.0,1.112554739352334e-05,-0.0007818608287724,1.2596054527275987e-05,-0.0015637216575449,5.092598389522335e-06,-0.0023455824863173,2.000663653026632e-05,-0.0031274433150898,3.5389495563784334e-05,0.0007818608287726,1.1899498516551049e-05,0.001563721657545,1.3099122757244e-05,0.0023455824863174,4.70562282800848e-05,0.00312744331509,4.358350959105946e-05,0.0039093041438624,3.504837660630987e-05,1,1,1,1,0
1318,3,14:15:57,4,0.0,24308.0,0.0003909304143863,0.0,1.112554739352334e-05,-0.0007818608287724,1.2596054527275987e-05,-0.0015637216575449,5.189342279900799e-06,-0.0023455824863173,2.000663653026632e-05,-0.0031274433150898,3.6666514916780056e-05,0.0007818608287726,1.17640570700212e-05,0.001563721657545,1.6717344257398548e-05,0.0023455824863174,5.247388614127877e-05,0.00312744331509,4.358350959105946e-05,0.0039093041438624,3.520316683091541e-05,1,1,1,1,0
1319,3,14:16:00,4,0.0007818608287726,217567.0,0.0003909304143863,0.0,1.1570569289264271e-05,-0.0007818608287724,1.2596054527275987e-05,-0.0015637216575449,5.189342279900799e-06,-0.0023455824863173,1.834264161575674e-05,-0.0031274433150898,3.676325880715852e-05,0.0007818608287726,9.38415736671099e-06,0.001563721657545,1.6717344257398548e-05,0.0023455824863174,4.9648964542227626e-05,0.00312744331509,4.371895103758931e-05,0.0039093041438624,3.520316683091541e-05,1,0,1,1,1
1320,3,14:16:03,4,0.0,26875.0,0.0003909304143863,0.0,1.155122051118858e-05,-0.0007818608287724,1.2421915524594751e-05,-0.0015637216575449,5.189342279900799e-06,-0.0023455824863173,1.834264161575674e-05,-0.0031274433150898,3.676325880715852e-05,0.0007818608287726,1.0970757168917796e-05,0.001563721657545,1.7007575928533937e-05,0.0023455824863174,4.9648964542227626e-05,0.00312744331509,4.371895103758931e-05,0.0039093041438624,3.520316683091541e-05,1,1,1,1,1
1321,3,14:16:06,4,0.0007818608287726,102335.0,0.0003909304143863,0.0,1.0293549936268547e-05,-0.0007818608287724,1.2383217968443369e-05,-0.0015637216575449,5.576317841414654e-06,-0.0023455824863173,1.7762178273485957e-05,-0.0031274433150898,3.68213051413856e-05,0.0007818608287726,1.3060425201092614e-05,0.001563721657545,1.5904695578219452e-05,0.0023455824863174,4.9648964542227626e-05,0.00312744331509,4.410592659910317e-05,0.0039093041438624,3.615125695662436e-05,1,0,0,1,1
1322,3,14:16:09,4,0.0,149658.0,0.0003909304143863,0.0,8.900437914818671e-06,-0.0007818608287724,1.267344963957876e-05,-0.0015637216575449,5.576317841414654e-06,-0.0023455824863173,1.7762178273485957e-05,-0.0031274433150898,3.68213051413856e-05,0.0007818608287726,1.288628619841138e-05,0.001563721657545,1.5904695578219452e-05,0.0023455824863174,4.9648964542227626e-05,0.00312744331509,4.410592659910317e-05,0.0039093041438624,3.615125695662436e-05,1,0,0,1,1
1323,3,14:16:12,4,0.0007818608287726,107488.0,0.0003909304143863,0.0,8.281277016396503e-06,-0.0007818608287724,1.267344963957876e-05,-0.0015637216575449,5.866549512550046e-06,-0.0023455824863173,1.7471946602350564e-05,-0.0031274433150898,3.697609536599114e-05,0.0007818608287726,1.5575766350932673e-05,0.001563721657545,1.5904695578219452e-05,0.0023455824863174,4.70562282800848e-05,0.00312744331509,4.410592659910317e-05,0.0039093041438624,3.649953496198683e-05,1,0,0,1,1
1324,3,14:16:15,4,0.0,3837.0,0.0003909304143863,0.0,8.513462353304815e-06,-0.0007818608287724,1.267344963957876e-05,-0.0015637216575449,5.866549512550046e-06,-0.0023455824863173,2.134170221748912e-05,-0.0031274433150898,3.715023436867237e-05,0.0007818608287726,1.4898559118283427e-05,0.001563721657545,1.6001439468597914e-05,0.0023455824863174,4.70562282800848e-05,0.00312744331509,4.410592659910317e-05,0.0039093041438624,3.649953496198683e-05,0,0,1,0,1
1325,3,14:16:18,4,0.0007818608287726,42232.0,0.0003909304143863,0.0,8.358672128699274e-06,-0.0007818608287724,1.2789542308032916e-05,-0.0015637216575449,5.576317841414654e-06,-0.0023455824863173,2.134170221748912e-05,-0.0031274433150898,3.715023436867237e-05,0.0007818608287726,1.47050713375265e-05,0.001563721657545,1.6001439468597914e-05,0.0023455824863174,4.70562282800848e-05,0.00312744331509,4.410592659910317e-05,0.0039093041438624,3.649953496198683e-05,1,0,0,0,1
1326,3,14:16:21,4,0.0007818608287726,43517.0,0.0003909304143863,0.0,8.494113575229124e-06,-0.0007818608287724,1.2789542308032916e-05,-0.0015637216575449,5.576317841414654e-06,-0.0023455824863173,2.1554538776321735e-05,-0.0031274433150898,3.724697825905084e-05,0.0007818608287726,1.4608327447148036e-05,0.001563721657545,1.793631727616719e-05,0.0023455824863174,4.738515750737157e-05,0.00312744331509,6.345470467479592e-05,0.0039093041438624,3.649953496198683e-05,0,0,0,0,1
1327,3,14:16:24,4,0.0,36863.0,0.0003909304143863,0.0,1.0607000141094773e-05,-0.0007818608287724,1.2789542308032916e-05,-0.0015637216575449,5.576317841414654e-06,-0.0023455824863173,2.1554538776321735e-05,-0.0031274433150898,3.751786115211054e-05,0.0007818608287726,1.625297358358192e-05,0.001563721657545,1.824589772537828e-05,0.0023455824863174,4.49278626917586e-05,0.00312744331509,6.345470467479592e-05,0.0039093041438624,3.649953496198683e-05,0,0,1,0,1
1328,3,14:16:27,4,0.0,1328400.0,0.0003909304143863,0.0,5.8046334227078287e-08,-0.0007818608287724,3.564044921542607e-06,-0.0015637216575449,5.576317841414654e-06,-0.0023455824863173,1.942617318799553e-05,-0.0031274433150898,3.751786115211054e-05,0.0007818608287726,1.7046273484685323e-05,0.001563721657545,1.824589772537828e-05,0.0023455824863174,4.49278626917586e-05,0.00312744331509,6.289359011060084e-05,0.0039093041438624,3.649953496198683e-05,0,0,1,0,1
1329,3,14:16:30,4,0.0,26865.0,-0.0003909304143862,-0.0007818608287724,3.564044921542607e-06,-0.0015637216575449,5.576317841414654e-06,-0.0023455824863173,1.946487074414692e-05,-0.0031274433150898,3.751786115211054e-05,-0.0039093041438622,3.2873573950602006e-05,0.0,1.3350656872228009e-06,0.0007818608287726,1.7317156377745023e-05,0.001563721657545,1.8439385506135204e-05,0.0023455824863174,4.49278626917586e-05,0.00312744331509,6.289359011060084e-05,1,1,1,1,1
1330,3,14:16:33,4,0.0,131737.0,0.0003909304143863,0.0,5.417657861193974e-07,-0.0007818608287724,3.564044921542607e-06,-0.0015637216575449,5.576317841414654e-06,-0.0023455824863173,1.946487074414692e-05,-0.0031274433150898,3.755655870826192e-05,0.0007818608287726,1.787827094194011e-05,0.001563721657545,1.940682440991984e-05,0.0023455824863174,4.49278626917586e-05,0.00312744331509,6.289359011060084e-05,0.0039093041438624,3.649953496198683e-05,0,0,0,0,1
1331,3,14:16:36,4,0.0,66509.0,-0.0003909304143862,-0.0007818608287724,3.564044921542607e-06,-0.0015637216575449,5.576317841414654e-06,-0.0023455824863173,1.946487074414692e-05,-0.0031274433150898,3.755655870826192e-05,-0.0039093041438622,3.2873573950602006e-05,0.0,5.804633422707829e-07,0.0007818608287726,1.8033061166545656e-05,0.001563721657545,1.9716404859130926e-05,0.0023455824863174,4.49278626917586e-05,0.00312744331509,6.289359011060084e-05,1,0,1,1,1
1332,3,14:16:39,4,-0.0007818608287724,31950.0,-0.0003909304143862,-0.0007818608287724,3.080325469650288e-06,-0.0015637216575449,5.96329340292851e-06,-0.0023455824863173,1.946487074414692e-05,-0.0031274433150898,3.755655870826192e-05,-0.0039093041438622,3.2873573950602006e-05,0.0,9.480901257089452e-07,0.0007818608287726,1.814915383499981e-05,0.001563721657545,1.8748965955346286e-05,0.0023455824863174,4.49278626917586e-05,0.00312744331509,6.289359011060084e-05,1,0,1,1,1
1333,3,14:16:42,4,-0.0007818608287724,0.0,-0.0003909304143862,-0.0007818608287724,3.080325469650288e-06,-0.0015637216575449,7.64663709551378e-06,-0.0023455824863173,1.946487074414692e-05,-0.0031274433150898,3.755655870826192e-05,-0.0039093041438622,3.2873573950602006e-05,0.0,2.1051470546353727e-06,0.0007818608287726,1.814915383499981e-05,0.001563721657545,1.8748965955346286e-05,0.0023455824863174,4.531483825327245e-05,0.00312744331509,6.289359011060084e-05,1,0,1,1,1
1334,3,14:16:45,4,0.0,203361.0,-0.0003909304143862,-0.0007818608287724,3.157720581953059e-06,-0.0015637216575449,7.64663709551378e-06,-0.0023455824863173,1.946487074414692e-05,-0.0031274433150898,3.775004648901885e-05,-0.0039093041438622,3.2873573950602006e-05,0.0,7.894301454882647e-07,0.0007818608287726,1.832329283768105e-05,0.001563721657545,1.855547817458936e-05,0.0023455824863174,4.531483825327245e-05,0.00312744331509,6.289359011060084e-05,1,1,1,1,1
1335,3,14:16:48,4,0.0,0.0,-0.0003909304143862,-0.0007818608287724,3.196418138104444e-06,-0.0015637216575449,9.349329566174743e-06,-0.0023455824863173,1.946487074414692e-05,-0.0031274433150898,3.755655870826192e-05,-0.0039093041438622,3.2873573950602006e-05,0.0,1.756869049272903e-06,0.0007818608287726,1.832329283768105e-05,0.001563721657545,1.855547817458936e-05,0.0023455824863174,4.531483825327245e-05,0.00312744331509,6.275427890845585e-05,1,1,1,1,1
1336,3,14:16:51,4,0.0,42207.0,-0.0003909304143862,-0.0007818608287724,3.2931620284829083e-06,-0.0015637216575449,9.349329566174743e-06,-0.0023455824863173,1.9658358524903847e-05,-0.0031274433150898,3.728567581520223e-05,-0.0039093041438622,3.2873573950602006e-05,0.0,1.0850794744848502e-05,0.0007818608287726,1.8652222064967824e-05,0.001563721657545,1.9445521966071227e-05,0.0023455824863174,4.531483825327245e-05,0.00312744331509,6.275427890845585e-05,0,0,1,1,1
1337,3,14:16:54,4,0.0,16622.0,-0.0003909304143862,-0.0007818608287724,3.6027424776939924e-06,-0.0015637216575449,9.736305127688598e-06,-0.0023455824863173,1.9658358524903847e-05,-0.0031274433150898,3.728567581520223e-05,-0.0039093041438622,3.2873573950602006e-05,0.0,1.1315165418665129e-05,0.0007818608287726,1.87102683991949e-05,0.001563721657545,1.996793897411493e-05,0.0023455824863174,4.517939680674261e-05,0.00312744331509,6.275427890845585e-05,0,1,1,1,1
1338,3,14:16:57,4,0.0,262195.0,-0.0003909304143862,-0.0007818608287724,3.989718039207848e-06,-0.0015637216575449,1.527005565733673e-05,-0.0023455824863173,1.9658358524903847e-05,-0.0031274433150898,3.728567581520223e-05,-0.0039093041438622,3.2873573950602006e-05,0.0,7.61954880620781e-06,0.0007818608287726,2.2932171775311064e-05,0.001563721657545,1.996793897411493e-05,0.0023455824863174,4.517939680674261e-05,0.00312744331509,6.275427890845585e-05,0,1,1,1,1
1339,3,14:17:00,4,-0.0007818608287724,117595.0,-0.0003909304143862,-0.0007818608287724,2.67400113006074e-06,-0.0015637216575449,1.527005565733673e-05,-0.0023455824863173,1.9658358524903847e-05,-0.0031274433150898,3.73437221494293e-05,-0.0039093041438622,3.2873573950602006e-05,0.0,8.470895041538291e-06,0.0007818608287726,2.2970869331462447e-05,0.001563721657545,1.996793897411493e-05,0.0023455824863174,4.517939680674261e-05,0.00312744331509,6.275427890845585e-05,1,0,1,1,1
1340,3,14:17:03,4,-0.0007818608287724,38340.0,-0.0003909304143862,-0.0007818608287724,2.5579084616065838e-06,-0.0015637216575449,1.726297979913308e-05,-0.0023455824863173,2.143844610786758e-05,-0.0031274433150898,3.73437221494293e-05,-0.0039093041438622,3.2873573950602006e-05,0.0,9.264194942641697e-06,0.0007818608287726,2.2738683994554136e-05,0.001563721657545,2.0084031642569088e-05,0.0023455824863174,4.517939680674261e-05,0.00312744331509,6.275427890845585e-05,1,0,1,1,1
1341,3,14:17:06,4,-0.0007818608287724,183010.0,-0.0011727912431587,-0.0015637216575449,1.7359723689511547e-05,-0.0023455824863173,2.2367187455500837e-05,-0.0031274433150898,3.73437221494293e-05,-0.0039093041438622,3.2873573950602006e-05,-0.0046911649726347,2.4719998869505075e-05,-0.0007818608287724,9.442203700938068e-07,0.0,1.0599260629864497e-05,0.0007818608287726,2.1771245090769496e-05,0.001563721657545,2.0084031642569088e-05,0.0023455824863174,4.517939680674261e-05,1,1,1,1,2
1342,3,14:17:09,4,0.0,205850.0,-0.0011727912431587,-0.0015637216575449,1.7553211470268474e-05,-0.0023455824863173,2.2425233789727916e-05,-0.0031274433150898,3.73437221494293e-05,-0.0039093041438622,3.297031784098047e-05,-0.0046911649726347,2.4719998869505075e-05,-0.0007818608287724,9.093925695575598e-07,0.0,7.751120497122521e-06,0.0007818608287726,2.1771245090769496e-05,0.001563721657545,2.0084031642569088e-05,0.0023455824863174,4.517939680674261e-05,2,1,1,1,2
1343,3,14:17:12,4,-0.0007818608287724,61344.0,-0.0011727912431587,-0.0015637216575449,1.794018703178233e-05,-0.0023455824863173,2.2425233789727916e-05,-0.0031274433150898,3.73437221494293e-05,-0.0039093041438622,3.298966661905616e-05,-0.0046911649726347,2.4719998869505075e-05,-0.0007818608287724,2.128365588326204e-07,0.0,3.551661703574164e-05,0.0007818608287726,2.186798898114796e-05,0.001563721657545,1.961966096875246e-05,0.0023455824863174,4.517939680674261e-05,2,1,1,1,2
1344,3,14:17:15,4,0.0,15337.0,-0.0003909304143862,-0.0007818608287724,1.1028803503144874e-06,-0.0015637216575449,1.794018703178233e-05,-0.0023455824863173,2.2425233789727916e-05,-0.0031274433150898,3.73437221494293e-05,-0.0039093041438622,3.298966661905616e-05,0.0,3.594229015340688e-05,0.0007818608287726,2.200343042767781e-05,0.001563721657545,1.961966096875246e-05,0.0023455824863174,4.517939680674261e-05,0.00312744331509,6.327669591649955e-05,0,0,1,1,1
1345,3,14:17:18,4,0.0,99677.0,-0.0007818608287724,-0.0015637216575449,1.5869867777683204e-05,-0.0023455824863173,2.261872157048484e-05,-0.0031274433150898,3.73437221494293e-05,-0.0039093041438622,3.298966661905616e-05,-0.0046911649726347,2.4719998869505075e-05,0.0,3.5555314591893023e-05,0.0007818608287726,2.200343042767781e-05,0.001563721657545,1.961966096875246e-05,0.0023455824863174,4.517939680674261e-05,0.00312744331509,6.327669591649955e-05,1,1,1,1,2
1346,3,14:17:21,4,-0.0015637216575449,6385.0,-0.0011727912431587,-0.0015637216575449,1.557963610654781e-05,-0.0023455824863173,2.213500211859252e-05,-0.0031274433150898,3.73437221494293e-05,-0.0039093041438622,3.298966661905616e-05,-0.0046911649726347,2.4719998869505075e-05,-0.0007818608287724,1.4511583556769572e-06,0.0,3.5652058482271485e-05,0.0007818608287726,2.200343042767781e-05,0.001563721657545,1.7394551490047795e-05,0.0023455824863174,4.485046757945583e-05,1,2,1,1,2
1347,3,14:17:24,4,0.0,173862.0,-0.0003909304143862,-0.0007818608287724,5.417657861193974e-07,-0.0015637216575449,1.5115265432731186e-05,-0.0023455824863173,2.4263367706918724e-05,-0.0031274433150898,3.738241970558069e-05,-0.0039093041438622,3.298966661905616e-05,0.0,3.460722446618407e-05,0.0007818608287726,2.691802005890377e-05,0.001563721657545,1.7394551490047795e-05,0.0023455824863174,4.485046757945583e-05,0.00312744331509,6.327669591649955e-05,0,1,1,1,1
1348,3,14:17:27,4,0.0,0.0,-0.0003909304143862,-0.0007818608287724,9.287413476332526e-07,-0.0015637216575449,1.5308753213488115e-05,-0.0023455824863173,2.4263367706918724e-05,-0.0031274433150898,3.738241970558069e-05,-0.0039093041438622,3.74398855764655e-05,0.0,3.460722446618407e-05,0.0007818608287726,2.7014763949282234e-05,0.001563721657545,1.7394551490047795e-05,0.0023455824863174,4.485046757945583e-05,0.00312744331509,6.327669591649955e-05,0,1,1,1,1
1349,3,14:17:30,4,-0.0015637216575449,309114.0,-0.0011727912431587,-0.0015637216575449,2.2758032772629823e-05,-0.0023455824863173,2.445685548767565e-05,-0.0031274433150898,3.738241970558069e-05,-0.0039093041438622,3.74398855764655e-05,-0.0046911649726347,2.4719998869505075e-05,-0.0007818608287724,2.1535189998246045e-05,0.0,3.671624127643459e-05,0.0007818608287726,2.71115078396607e-05,0.001563721657545,1.7394551490047795e-05,0.0023455824863174,4.49278626917586e-05,1,2,1,1,2
1350,3,14:17:33,4,-0.0007818608287724,16614.0,-0.0011727912431587,-0.0015637216575449,2.680192739044961e-05,-0.0023455824863173,2.445685548767565e-05,-0.0031274433150898,3.738241970558069e-05,-0.0039093041438622,3.74398855764655e-05,-0.0046911649726347,2.4719998869505075e-05,-0.0007818608287724,2.3237882468907008e-05,0.0,3.671624127643459e-05,0.0007818608287726,2.8059597965369643e-05,0.001563721657545,1.7375202711972102e-05,0.0023455824863174,4.49278626917586e-05,1,2,1,1,2
1351,3,14:17:36,4,-0.0015637216575449,259431.0,-0.0011727912431587,-0.0015637216575449,3.804356745242711e-05,-0.0023455824863173,2.445685548767565e-05,-0.0031274433150898,3.738241970558069e-05,-0.0039093041438622,3.74398855764655e-05,-0.0046911649726347,2.4719998869505075e-05,-0.0007818608287724,2.0045334086417705e-05,0.0,3.8012609407506e-05,0.0007818608287726,2.796285407499118e-05,0.001563721657545,1.7375202711972102e-05,0.0023455824863174,4.49278626917586e-05,2,2,1,1,2
1352,3,14:17:39,4,-0.0007818608287724,269658.0,-0.0011727912431587,-0.0015637216575449,3.837249667971389e-05,-0.0023455824863173,2.6024106511806767e-05,-0.0031274433150898,3.738241970558069e-05,-0.0039093041438622,3.74398855764655e-05,-0.0046911649726347,2.4719998869505075e-05,-0.0007818608287724,1.6639949145095775e-05,0.0,3.884460686476079e-05,0.0007818608287726,2.776936629423425e-05,0.001563721657545,1.7375202711972102e-05,0.0023455824863174,4.49278626917586e-05,2,2,1,1,2
1353,3,14:17:42,4,-0.0007818608287724,471582.0,-0.0011727912431587,-0.0015637216575449,3.858533323854651e-05,-0.0023455824863173,2.7262428308651103e-05,-0.0031274433150898,3.738241970558069e-05,-0.0039093041438622,3.74398855764655e-05,-0.0046911649726347,2.4719998869505075e-05,-0.0007818608287724,9.558296369392224e-06,0.0,3.884460686476079e-05,0.0007818608287726,2.776936629423425e-05,0.001563721657545,1.7375202711972102e-05,0.0023455824863174,4.531483825327245e-05,2,2,1,2,2
1354,3,14:17:45,4,-0.0007818608287724,56232.0,-0.0011727912431587,-0.0015637216575449,4.011388670652624e-05,-0.0023455824863173,2.919730611622038e-05,-0.0031274433150898,3.738241970558069e-05,-0.0039093041438622,3.763337335722242e-05,-0.0046911649726347,2.4700650091429386e-05,-0.0007818608287724,8.706950134061744e-06,0.0,3.884460686476079e-05,0.0007818608287726,2.815634185574811e-05,0.001563721657545,1.7375202711972102e-05,0.0023455824863174,4.608878937630016e-05,2,1,1,2,2
1355,3,14:17:48,4,-0.0015637216575449,70285.0,-0.0011727912431587,-0.0015637216575449,4.10039304980081e-05,-0.0023455824863173,2.9255352450447456e-05,-0.0031274433150898,3.738241970558069e-05,-0.0039093041438622,3.763337335722242e-05,-0.0046911649726347,2.4700650091429386e-05,-0.0007818608287724,8.145835569866653e-06,0.0,3.892200197706357e-05,0.0007818608287726,2.834982963650504e-05,0.001563721657545,1.7375202711972102e-05,0.0023455824863174,4.608878937630016e-05,2,1,1,2,2
1356,3,14:17:51,4,-0.0007818608287724,563597.0,-0.0003909304143862,-0.0007818608287724,6.9655601072493945e-06,-0.0015637216575449,3.957212092040684e-05,-0.0023455824863173,2.9255352450447456e-05,-0.0031274433150898,3.738241970558069e-05,-0.0039093041438622,3.763337335722242e-05,0.0,3.9018745867442026e-05,0.0007818608287726,2.834982963650504e-05,0.001563721657545,1.7375202711972102e-05,0.0023455824863174,4.608878937630016e-05,0.00312744331509,6.339278858495372e-05,1,0,1,1,1
1357,3,14:17:54,4,-0.0007818608287724,98406.0,-0.0003909304143862,-0.0007818608287724,5.688540754253672e-06,-0.0015637216575449,3.957212092040684e-05,-0.0023455824863173,2.935209634082592e-05,-0.0031274433150898,3.726632703712653e-05,-0.0039093041438622,3.763337335722242e-05,0.0,3.868981664015525e-05,0.0007818608287726,2.834982963650504e-05,0.001563721657545,1.7413900268123488e-05,0.0023455824863174,4.6282277157057086e-05,0.00312744331509,6.339278858495372e-05,1,0,1,1,1
1358,3,14:17:57,4,-0.0007818608287724,12780.0,-0.0003909304143862,-0.0007818608287724,1.5749905353613907e-05,-0.0015637216575449,4.228094985100382e-05,-0.0023455824863173,2.935209634082592e-05,-0.0031274433150898,3.726632703712653e-05,-0.0039093041438622,3.763337335722242e-05,0.0,3.868981664015525e-05,0.0007818608287726,2.834982963650504e-05,0.001563721657545,1.7413900268123488e-05,0.0023455824863174,4.6282277157057086e-05,0.00312744331509,6.339278858495372e-05,1,0,1,1,1
1359,3,14:18:00,4,-0.0007818608287724,38340.0,-0.0003909304143862,-0.0007818608287724,1.7259110043517943e-05,-0.0015637216575449,4.423517643664879e-05,-0.0023455824863173,2.9390793896977307e-05,-0.0031274433150898,3.726632703712653e-05,-0.0039093041438622,3.763337335722242e-05,0.0,3.892200197706357e-05,0.0007818608287726,2.834982963650504e-05,0.001563721657545,1.849743184036228e-05,0.0023455824863174,4.6282277157057086e-05,0.00312744331509,6.339278858495372e-05,0,0,1,1,1
1360,3,14:18:03,4,-0.0007818608287724,123966.0,-0.0003909304143862,-0.0007818608287724,1.5459673682478518e-05,-0.0015637216575449,4.417713010242172e-05,-0.0023455824863173,2.9390793896977307e-05,-0.0031274433150898,3.726632703712653e-05,-0.0039093041438622,3.763337335722242e-05,0.0,3.940572142895588e-05,0.0007818608287726,2.834982963650504e-05,0.001563721657545,1.849743184036228e-05,0.0023455824863174,4.6282277157057086e-05,0.00312744331509,6.339278858495372e-05,0,0,1,1,1
1361,3,14:18:06,4,0.0,46033.0,-0.0003909304143862,-0.0007818608287724,1.5517720016705597e-05,-0.0015637216575449,4.411908376819464e-05,-0.0023455824863173,2.977776945849116e-05,-0.0031274433150898,3.726632703712653e-05,-0.0039093041438622,3.763337335722242e-05,0.0,3.9018745867442026e-05,0.0007818608287726,2.834982963650504e-05,0.001563721657545,1.849743184036228e-05,0.0023455824863174,4.6282277157057086e-05,0.00312744331509,6.339278858495372e-05,0,0,1,1,1
1362,3,14:18:09,4,0.0,26848.0,-0.0003909304143862,-0.0007818608287724,1.5362929792100053e-05,-0.0015637216575449,4.452540810778418e-05,-0.0023455824863173,2.99519084611724e-05,-0.0031274433150898,3.751786115211054e-05,-0.0039093041438622,3.763337335722242e-05,0.0,3.888330442091218e-05,0.0007818608287726,2.825308574612657e-05,0.001563721657545,1.849743184036228e-05,0.0023455824863174,4.6282277157057086e-05,0.00312744331509,6.339278858495372e-05,0,0,1,1,1
1363,3,14:18:12,4,-0.0007818608287724,71573.0,-0.0003909304143862,-0.0007818608287724,1.4376142110239725e-05,-0.0015637216575449,4.4622151998162646e-05,-0.0023455824863173,2.99519084611724e-05,-0.0031274433150898,3.773069771094316e-05,-0.0039093041438622,3.763337335722242e-05,0.0,3.878656053053371e-05,0.0007818608287726,2.825308574612657e-05,0.001563721657545,1.849743184036228e-05,0.0023455824863174,4.6282277157057086e-05,0.00312744331509,6.401194948337588e-05,0,0,1,1,1
1364,3,14:18:15,4,-0.0007818608287724,978948.0,-0.0011727912431587,-0.0015637216575449,4.4622151998162646e-05,-0.0023455824863173,2.99519084611724e-05,-0.0031274433150898,3.792418549170009e-05,-0.0039093041438622,3.763337335722242e-05,-0.0046911649726347,2.4700650091429386e-05,-0.0007818608287724,2.5811269952974143e-05,0.0,3.878656053053371e-05,0.0007818608287726,2.825308574612657e-05,0.001563721657545,1.849743184036228e-05,0.0023455824863174,4.6282277157057086e-05,1,1,1,2,1
1365,3,14:18:18,4,-0.0007818608287724,155916.0,-0.0011727912431587,-0.0015637216575449,4.498977878160081e-05,-0.0023455824863173,2.99519084611724e-05,-0.0031274433150898,3.852399761204656e-05,-0.0039093041438622,3.763337335722242e-05,-0.0046911649726347,2.4700650091429386e-05,-0.0007818608287724,2.445685548767565e-05,0.0,3.878656053053371e-05,0.0007818608287726,2.829178330227796e-05,0.001563721657545,1.849743184036228e-05,0.0023455824863174,4.6282277157057086e-05,1,1,1,2,1
1366,3,14:18:21,4,-0.0007818608287724,0.0,-0.0011727912431587,-0.0015637216575449,4.584112501693129e-05,-0.0023455824863173,2.99519084611724e-05,-0.0031274433150898,3.846595127781948e-05,-0.0039093041438622,3.763337335722242e-05,-0.0046911649726347,2.4700650091429386e-05,-0.0007818608287724,2.625629184871508e-05,0.0,3.878656053053371e-05,0.0007818608287726,2.829178330227796e-05,0.001563721657545,1.849743184036228e-05,0.0023455824863174,4.6282277157057086e-05,1,1,1,2,1
1367,3,14:18:24,4,-0.0007818608287724,37062.0,-0.0011727912431587,-0.0015637216575449,4.6034612797688224e-05,-0.0023455824863173,3.0087349907702244e-05,-0.0031274433150898,3.846595127781948e-05,-0.0039093041438622,3.7691419691449503e-05,-0.0046911649726347,2.4700650091429386e-05,-0.0007818608287724,2.5695177284519988e-05,0.0,1.2394827235288784e-05,0.0007818608287726,2.829178330227796e-05,0.001563721657545,1.7762178273485957e-05,0.0023455824863174,4.6282277157057086e-05,1,1,1,2,1
1368,3,14:18:27,4,-0.0007818608287724,25550.0,-0.0011727912431587,-0.0015637216575449,3.5373436077981507e-05,-0.0023455824863173,3.0087349907702244e-05,-0.0031274433150898,3.846595127781948e-05,-0.0039093041438622,3.7691419691449503e-05,-0.0046911649726347,2.4700650091429386e-05,-0.0007818608287724,2.5482340725687367e-05,0.0,1.2394827235288784e-05,0.0007818608287726,2.864006130764043e-05,0.001563721657545,1.7762178273485957e-05,0.0023455824863174,5.015203277219564e-05,1,1,1,2,1
1369,3,14:18:30,4,-0.0015637216575449,68958.0,-0.0011727912431587,-0.0015637216575449,2.446072524329079e-05,-0.0023455824863173,3.0087349907702244e-05,-0.0031274433150898,3.846595127781948e-05,-0.0039093041438622,3.7691419691449503e-05,-0.0046911649726347,2.4700650091429386e-05,-0.0007818608287724,2.633368696101785e-05,0.0,1.2394827235288784e-05,0.0007818608287726,2.858201497341335e-05,0.001563721657545,1.7646085605031798e-05,0.0023455824863174,5.015203277219564e-05,1,2,1,2,1
1370,3,14:18:33,4,-0.0007818608287724,51120.0,-0.0011727912431587,-0.0015637216575449,2.718890295196347e-05,-0.0023455824863173,3.0087349907702244e-05,-0.0031274433150898,3.846595127781948e-05,-0.0039093041438622,3.7691419691449503e-05,-0.0046911649726347,2.4700650091429386e-05,-0.0007818608287724,2.559843339414153e-05,0.0,1.2588315016045711e-05,0.0007818608287726,2.858201497341335e-05,0.001563721657545,1.7259110043517943e-05,0.0023455824863174,5.015203277219564e-05,1,2,1,2,1
1371,3,14:18:36,4,-0.0007818608287724,98391.0,-0.0011727912431587,-0.0015637216575449,2.7246949286190548e-05,-0.0023455824863173,3.0087349907702244e-05,-0.0031274433150898,3.856269516819794e-05,-0.0039093041438622,3.7691419691449503e-05,-0.0046911649726347,2.4700650091429386e-05,-0.0007818608287724,2.463099449035689e-05,0.0,1.278180279680264e-05,0.0007818608287726,2.864006130764043e-05,0.001563721657545,1.7259110043517943e-05,0.0023455824863174,5.015203277219564e-05,1,2,1,2,1
1372,3,14:18:39,4,-0.0015637216575449,693449.0,-0.0011727912431587,-0.0015637216575449,1.7514513914117088e-05,-0.0023455824863173,3.0145396241929324e-05,-0.0031274433150898,3.871748539280349e-05,-0.0039093041438622,3.7691419691449503e-05,-0.0046911649726347,2.4700650091429386e-05,-0.0007818608287724,2.3895740923480563e-05,0.0,1.3091383246013725e-05,0.0007818608287726,2.87174564199432e-05,0.001563721657545,1.7259110043517943e-05,0.0023455824863174,5.007463765989287e-05,1,2,1,2,1
1373,3,14:18:42,4,-0.0007818608287724,527814.0,-0.0011727912431587,-0.0015637216575449,1.7514513914117088e-05,-0.0023455824863173,3.0145396241929324e-05,-0.0031274433150898,3.871748539280349e-05,-0.0039093041438622,3.7691419691449503e-05,-0.0046911649726347,2.4700650091429386e-05,-0.0007818608287724,1.5904695578219452e-05,0.0,1.2685058906424175e-05,0.0007818608287726,2.87174564199432e-05,0.001563721657545,1.7259110043517943e-05,0.0023455824863174,5.007463765989287e-05,1,2,2,2,1
1374,3,14:18:45,4,-0.0015637216575449,233780.0,-0.0011727912431587,-0.0015637216575449,1.7417770023738626e-05,-0.0023455824863173,3.0145396241929324e-05,-0.0031274433150898,3.875618294895488e-05,-0.0039093041438622,3.7691419691449503e-05,-0.0046911649726347,2.8744544709249167e-05,-0.0007818608287724,1.3486098318757855e-05,0.0,1.2685058906424175e-05,0.0007818608287726,2.87174564199432e-05,0.001563721657545,1.7259110043517943e-05,0.0023455824863174,5.007463765989287e-05,2,2,2,2,2
1375,3,14:18:48,4,-0.0007818608287724,70283.0,-0.0011727912431587,-0.0015637216575449,1.7282328577208774e-05,-0.0023455824863173,3.0145396241929324e-05,-0.0031274433150898,3.865943905857641e-05,-0.0039093041438622,3.7691419691449503e-05,-0.0046911649726347,2.8744544709249167e-05,-0.0007818608287724,1.2557356971124605e-05,0.0,1.2491571125667248e-05,0.0007818608287726,2.87174564199432e-05,0.001563721657545,1.7259110043517943e-05,0.0023455824863174,5.007463765989287e-05,2,2,2,2,2
1376,3,14:18:51,4,-0.0015637216575449,102162.0,-0.0011727912431587,-0.0015637216575449,1.639228478572691e-05,-0.0023455824863173,2.99519084611724e-05,-0.0031274433150898,3.865943905857641e-05,-0.0039093041438622,3.7691419691449503e-05,-0.0046911649726347,2.8841288599627632e-05,-0.0007818608287724,1.155122051118858e-05,0.0,1.2491571125667248e-05,0.0007818608287726,2.507601638609782e-05,0.001563721657545,1.7259110043517943e-05,0.0023455824863174,5.007463765989287e-05,2,2,2,2,2
1377,3,14:18:54,4,-0.0007818608287724,51120.0,-0.0011727912431587,-0.0015637216575449,1.703079446222477e-05,-0.0023455824863173,3.004865235155086e-05,-0.0031274433150898,3.865943905857641e-05,-0.0039093041438622,3.7691419691449503e-05,-0.0046911649726347,2.8841288599627632e-05,-0.0007818608287724,1.0777269388160867e-05,0.0,1.2491571125667248e-05,0.0007818608287726,2.507601638609782e-05,0.001563721657545,1.7259110043517943e-05,0.0023455824863174,4.97263596545304e-05,2,2,2,2,2
1378,3,14:18:57,4,-0.0007818608287724,700303.0,-0.0011727912431587,-0.0015637216575449,1.7301677355284468e-05,-0.0023455824863173,3.004865235155086e-05,-0.0031274433150898,3.856269516819794e-05,-0.0039093041438622,3.7691419691449503e-05,-0.0046911649726347,2.8841288599627632e-05,-0.0007818608287724,9.674389037846382e-07,0.0,1.2433524791440169e-05,0.0007818608287726,2.507601638609782e-05,0.001563721657545,1.7259110043517943e-05,0.0023455824863174,4.97263596545304e-05,2,2,2,1,2
1379,3,14:19:00,4,-0.0007818608287724,65177.0,-0.0003909304143862,-0.0007818608287724,9.867876818603309e-07,-0.0015637216575449,1.7359723689511547e-05,-0.0023455824863173,3.004865235155086e-05,-0.0031274433150898,3.881422928318195e-05,-0.0039093041438622,3.7691419691449503e-05,0.0,1.2356129679137398e-05,0.0007818608287726,2.507601638609782e-05,0.001563721657545,1.7646085605031798e-05,0.0023455824863174,4.97263596545304e-05,0.00312744331509,6.406999581760296e-05,1,1,1,1,1
1380,3,14:19:03,4,-0.0007818608287724,62622.0,-0.0003909304143862,-0.0007818608287724,2.6701313744456013e-06,-0.0015637216575449,1.7359723689511547e-05,-0.0023455824863173,3.0087349907702244e-05,-0.0031274433150898,3.856269516819794e-05,-0.0039093041438622,3.773011724760089e-05,0.0,1.2414176013364476e-05,0.0007818608287726,2.507601638609782e-05,0.001563721657545,1.7259110043517943e-05,0.0023455824863174,4.97263596545304e-05,0.00312744331509,6.406999581760296e-05,1,1,1,1,1
1381,3,14:19:06,4,-0.0007818608287724,0.0,-0.0003909304143862,-0.0007818608287724,2.4959923717643665e-05,-0.0015637216575449,1.5153962988882572e-05,-0.0023455824863173,3.0474325469216102e-05,-0.0031274433150898,3.856269516819794e-05,-0.0039093041438622,3.773011724760089e-05,0.0,1.2472222347591556e-05,0.0007818608287726,2.507601638609782e-05,0.001563721657545,1.7259110043517943e-05,0.0023455824863174,4.97263596545304e-05,0.00312744331509,6.406999581760296e-05,1,1,1,1,1
1382,3,14:19:09,4,-0.0007818608287724,1345734.0,-0.0003909304143862,-0.0007818608287724,8.068440457563883e-06,-0.0015637216575449,1.5153962988882572e-05,-0.0023455824863173,3.0474325469216102e-05,-0.0031274433150898,3.906576339816596e-05,-0.0039093041438622,3.773011724760089e-05,0.0,1.2472222347591556e-05,0.0007818608287726,2.5269504166854747e-05,0.001563721657545,1.7259110043517943e-05,0.0023455824863174,5.021007910642272e-05,0.00312744331509,6.406999581760296e-05,1,1,1,1,1
1383,3,14:19:12,4,0.0,446303.0,-0.0003909304143862,-0.0007818608287724,7.797557564504183e-06,-0.0015637216575449,1.53474507696395e-05,-0.0023455824863173,2.8694237886252367e-05,-0.0031274433150898,3.910446095431734e-05,-0.0039093041438622,3.773011724760089e-05,0.0,7.828515609425292e-06,0.0007818608287726,2.5269504166854747e-05,0.001563721657545,1.7646085605031798e-05,0.0023455824863174,4.982310354490887e-05,0.00312744331509,6.406999581760296e-05,1,2,1,1,1
1384,3,14:19:15,4,0.0,14068.0,-0.0003909304143862,-0.0007818608287724,9.538947591316533e-06,-0.0015637216575449,1.6082704336515824e-05,-0.0023455824863173,2.8694237886252367e-05,-0.0031274433150898,3.910446095431734e-05,-0.0039093041438622,3.773011724760089e-05,0.0,6.783681593337883e-06,0.0007818608287726,2.5269504166854747e-05,0.001563721657545,1.7646085605031798e-05,0.0023455824863174,4.982310354490887e-05,0.00312744331509,6.406999581760296e-05,1,2,1,1,1
1385,3,14:19:18,4,-0.0007818608287724,184032.0,-0.0003909304143862,-0.0007818608287724,7.371884446838942e-06,-0.0015637216575449,1.6082704336515824e-05,-0.0023455824863173,2.8694237886252367e-05,-0.0031274433150898,3.910446095431734e-05,-0.0039093041438622,3.773011724760089e-05,0.0,6.783681593337883e-06,0.0007818608287726,2.393443847963195e-05,0.001563721657545,1.7646085605031798e-05,0.0023455824863174,5.021007910642272e-05,0.00312744331509,6.406999581760296e-05,1,2,1,1,1
1386,3,14:19:21,4,-0.0007818608287724,135468.0,-0.0003909304143862,-0.0007818608287724,5.707889532329365e-06,-0.0015637216575449,1.6140750670742903e-05,-0.0023455824863173,2.670131374445601e-05,-0.0031274433150898,3.910446095431734e-05,-0.0039093041438622,3.773011724760089e-05,0.0,7.712422940971135e-06,0.0007818608287726,2.393443847963195e-05,0.001563721657545,1.7646085605031798e-05,0.0023455824863174,5.021007910642272e-05,0.00312744331509,6.406999581760296e-05,1,2,1,1,1
1387,3,14:19:24,4,0.0,43456.0,-0.0003909304143862,-0.0007818608287724,6.714025992265389e-06,-0.0015637216575449,1.639228478572691e-05,-0.0023455824863173,2.670131374445601e-05,-0.0031274433150898,3.910446095431734e-05,-0.0039093041438622,3.773011724760089e-05,0.0,8.602466732453003e-06,0.0007818608287726,2.393443847963195e-05,0.001563721657545,1.772348071733457e-05,0.0023455824863174,5.021007910642272e-05,0.00312744331509,6.406999581760296e-05,1,2,1,1,1
1388,3,14:19:27,4,0.0,51150.0,-0.0003909304143862,-0.0007818608287724,6.9655601072493945e-06,-0.0015637216575449,1.639228478572691e-05,-0.0023455824863173,2.670131374445601e-05,-0.0031274433150898,3.910446095431734e-05,-0.0039093041438622,3.8136441587190434e-05,0.0,8.23483994901484e-06,0.0007818608287726,2.393443847963195e-05,0.001563721657545,1.772348071733457e-05,0.0023455824863174,5.021007910642272e-05,0.00312744331509,6.426348359835989e-05,2,2,1,1,1
1389,3,14:19:30,4,-0.0007818608287724,88192.0,-0.0003909304143862,-0.0007818608287724,5.823982200783522e-06,-0.0015637216575449,1.753386269219278e-05,-0.0023455824863173,2.6507825963699083e-05,-0.0031274433150898,3.910446095431734e-05,-0.0039093041438622,3.8136441587190434e-05,0.0,8.041352168257912e-06,0.0007818608287726,2.393443847963195e-05,0.001563721657545,1.772348071733457e-05,0.0023455824863174,5.021007910642272e-05,0.00312744331509,6.426348359835989e-05,2,2,1,1,1
1390,3,14:19:33,4,-0.0007818608287724,26838.0,-0.0003909304143862,-0.0007818608287724,8.726298912137435e-06,-0.0015637216575449,2.140361830733133e-05,-0.0023455824863173,2.6507825963699083e-05,-0.0031274433150898,3.910446095431734e-05,-0.0039093041438622,3.8136441587190434e-05,0.0,7.867213165576678e-06,0.0007818608287726,2.393443847963195e-05,0.001563721657545,1.8013712388469963e-05,0.0023455824863174,5.021007910642272e-05,0.00312744331509,6.426348359835989e-05,2,2,1,1,1
1391,3,14:19:36,4,0.0,266002.0,-0.0003909304143862,-0.0007818608287724,9.558296369392224e-06,-0.0015637216575449,2.1751896312693803e-05,-0.0023455824863173,2.641108207332062e-05,-0.0031274433150898,3.910446095431734e-05,-0.0039093041438622,3.8136441587190434e-05,0.0,4.423130668103366e-06,0.0007818608287726,2.403118237001041e-05,0.001563721657545,1.8013712388469963e-05,0.0023455824863174,5.021007910642272e-05,0.00312744331509,6.426348359835989e-05,2,2,1,1,1
1392,3,14:19:39,4,-0.0007818608287724,175218.0,-0.0003909304143862,-0.0007818608287724,9.65504025977069e-06,-0.0015637216575449,2.368677412026308e-05,-0.0023455824863173,2.641108207332062e-05,-0.0031274433150898,3.910446095431734e-05,-0.0039093041438622,3.8136441587190434e-05,0.0,1.8690919621119209e-06,0.0007818608287726,2.0354914535628788e-05,0.001563721657545,1.8013712388469963e-05,0.0023455824863174,5.021007910642272e-05,0.00312744331509,6.426348359835989e-05,2,2,1,1,1
1393,3,14:19:42,4,0.0,127389.0,0.0003909304143863,0.0,3.366687385170541e-07,-0.0007818608287724,1.1028803503144876e-05,-0.0015637216575449,2.879485153224597e-05,-0.0023455824863173,2.641108207332062e-05,-0.0031274433150898,3.935599506930135e-05,0.0007818608287726,2.03162169794774e-05,0.001563721657545,1.8013712388469963e-05,0.0023455824863174,5.021007910642272e-05,0.00312744331509,6.426348359835989e-05,0.0039093041438624,3.593842039779174e-05,1,1,1,1,1
1394,3,14:19:45,4,0.0007818608287726,8960.0,0.0003909304143863,0.0,9.17132080787837e-07,-0.0007818608287724,1.1086849837371951e-05,-0.0015637216575449,2.9375314874516752e-05,-0.0023455824863173,2.641108207332062e-05,-0.0031274433150898,3.935599506930135e-05,0.0007818608287726,2.018077553294755e-05,0.001563721657545,1.8013712388469963e-05,0.0023455824863174,5.021007910642272e-05,0.00312744331509,6.426348359835989e-05,0.0039093041438624,3.593842039779174e-05,1,1,1,1,1
1395,3,14:19:48,4,0.0,16627.0,0.0003909304143863,0.0,2.8326611102814205e-06,-0.0007818608287724,9.422854922862376e-06,-0.0015637216575449,3.643761887214461e-05,-0.0023455824863173,2.641108207332062e-05,-0.0031274433150898,3.935599506930135e-05,0.0007818608287726,2.018077553294755e-05,0.001563721657545,1.8013712388469963e-05,0.0023455824863174,5.021007910642272e-05,0.00312744331509,6.414739092990572e-05,0.0039093041438624,3.593842039779174e-05,1,1,1,1,1
1396,3,14:19:51,4,0.0007818608287726,14070.0,0.0003909304143863,0.0,3.916192682520215e-06,-0.0007818608287724,1.0332247492419937e-05,-0.0015637216575449,3.721156999517232e-05,-0.0023455824863173,2.641108207332062e-05,-0.0031274433150898,3.968492429658813e-05,0.0007818608287726,2.0219473089098936e-05,0.001563721657545,1.8013712388469963e-05,0.0023455824863174,5.021007910642272e-05,0.00312744331509,6.414739092990572e-05,0.0039093041438624,3.593842039779174e-05,1,1,1,1,1
1397,3,14:19:54,4,0.0007818608287726,1280.0,0.0003909304143863,0.0,4.709492583623618e-06,-0.0007818608287724,1.0777269388160867e-05,-0.0015637216575449,3.748245288823202e-05,-0.0023455824863173,2.6449779629472008e-05,-0.0031274433150898,3.968492429658813e-05,0.0007818608287726,2.0200124311023243e-05,0.001563721657545,1.8013712388469963e-05,0.0023455824863174,5.021007910642272e-05,0.00312744331509,6.414739092990572e-05,0.0039093041438624,3.593842039779174e-05,1,1,1,1,1
1398,3,14:19:57,4,0.0007818608287726,140770.0,0.0003909304143863,0.0,4.129029241352835e-06,-0.0007818608287724,1.0815966944312257e-05,-0.0015637216575449,3.748245288823202e-05,-0.0023455824863173,2.664326741022893e-05,-0.0031274433150898,3.968492429658813e-05,0.0007818608287726,1.8845709845724752e-05,0.001563721657545,1.8013712388469963e-05,0.0023455824863174,5.021007910642272e-05,0.00312744331509,6.414739092990572e-05,0.0039093041438624,3.593842039779174e-05,1,1,1,1,1
1399,3,14:20:00,4,0.0,63950.0,0.0003909304143863,0.0,4.457958468639612e-06,-0.0007818608287724,1.0815966944312257e-05,-0.0015637216575449,3.748245288823202e-05,-0.0023455824863173,2.664326741022893e-05,-0.0031274433150898,4.007189985810198e-05,0.0007818608287726,1.8845709845724752e-05,0.001563721657545,1.820720016922689e-05,0.0023455824863174,5.021007910642272e-05,0.00312744331509,6.414739092990572e-05,0.0039093041438624,2.552877779306903e-05,1,1,1,1,1
1400,3,14:20:03,4,0.0007818608287726,30709.0,0.0003909304143863,0.0,5.425397372424251e-06,-0.0007818608287724,1.0815966944312257e-05,-0.0015637216575449,3.750180166630771e-05,-0.0023455824863173,2.654652351985047e-05,-0.0031274433150898,4.0168643748480445e-05,0.0007818608287726,1.87102683991949e-05,0.001563721657545,1.8013712388469963e-05,0.0023455824863174,5.021007910642272e-05,0.00312744331509,6.414739092990572e-05,0.0039093041438624,2.552877779306903e-05,1,1,1,1,1
1401,3,14:20:06,4,0.0007818608287726,359671.0,0.0003909304143863,0.0,5.8123729339381055e-06,-0.0007818608287724,1.3718283655666169e-05,-0.0015637216575449,3.748245288823202e-05,-0.0023455824863173,2.654652351985047e-05,-0.0031274433150898,4.030408519501029e-05,0.0007818608287726,1.3486098318757855e-05,0.001563721657545,1.8594175730740745e-05,0.0023455824863174,5.021007910642272e-05,0.00312744331509,6.414739092990572e-05,0.0039093041438624,2.552877779306903e-05,1,1,1,1,1
1402,3,14:20:09,4,0.0007818608287726,62720.0,0.0003909304143863,0.0,5.870419268165184e-06,-0.0007818608287724,1.4105259217180023e-05,-0.0015637216575449,3.690198954596124e-05,-0.0023455824863173,2.654652351985047e-05,-0.0031274433150898,4.030408519501029e-05,0.0007818608287726,1.2576705749200296e-05,0.001563721657545,1.8400687949983814e-05,0.0023455824863174,5.021007910642272e-05,0.00312744331509,6.414739092990572e-05,0.0039093041438624,2.552877779306903e-05,1,1,1,1,1
1403,3,14:20:12,4,0.0,20478.0,0.0003909304143863,0.0,6.528277722738738e-06,-0.0007818608287724,1.5072698120964662e-05,-0.0015637216575449,3.692133832403693e-05,-0.0023455824863173,2.654652351985047e-05,-0.0031274433150898,4.030408519501029e-05,0.0007818608287726,1.2305822856140596e-05,0.001563721657545,1.8400687949983814e-05,0.0023455824863174,5.021007910642272e-05,0.00312744331509,6.414739092990572e-05,0.0039093041438624,2.552877779306903e-05,1,1,1,1,1
1404,3,14:20:15,4,0.0,0.0,0.0003909304143863,0.0,8.908177426048947e-06,-0.0007818608287724,1.5072698120964662e-05,-0.0015637216575449,3.692133832403693e-05,-0.0023455824863173,2.654652351985047e-05,-0.0031274433150898,4.030408519501029e-05,0.0007818608287726,1.2363869190367676e-05,0.001563721657545,1.8400687949983814e-05,0.0023455824863174,5.021007910642272e-05,0.00312744331509,6.406051491634587e-05,0.0039093041438624,2.552877779306903e-05,1,1,1,1,1
1405,3,14:20:18,4,0.0007818608287726,49920.0,0.0003909304143863,0.0,9.19840909718434e-06,-0.0007818608287724,1.5943393134370835e-05,-0.0015637216575449,3.692133832403693e-05,-0.0023455824863173,2.478578471496243e-05,-0.0031274433150898,4.020734130463183e-05,0.0007818608287726,1.1802754626172583e-05,0.001563721657545,1.8400687949983814e-05,0.0023455824863174,5.021007910642272e-05,0.00312744331509,6.406051491634587e-05,0.0039093041438624,2.5915753354582888e-05,1,1,1,1,1
1406,3,14:20:21,4,0.0,1279.0,0.0003909304143863,0.0,1.1017194236299458e-05,-0.0007818608287724,1.5962741912446528e-05,-0.0015637216575449,3.680524565558277e-05,-0.0023455824863173,2.478578471496243e-05,-0.0031274433150898,4.125217532071924e-05,0.0007818608287726,1.197689362885382e-05,0.001563721657545,1.946487074414692e-05,0.0023455824863174,5.021007910642272e-05,0.00312744331509,6.406051491634587e-05,0.0039093041438624,2.5915753354582888e-05,1,1,1,1,1
1407,3,14:20:24,4,0.0,424924.0,0.0003909304143863,0.0,1.508043763219494e-05,-0.0007818608287724,1.6001439468597914e-05,-0.0015637216575449,3.48703678480135e-05,-0.0023455824863173,2.478578471496243e-05,-0.0031274433150898,4.100064120573524e-05,0.0007818608287726,6.249655318448763e-06,0.001563721657545,1.946487074414692e-05,0.0023455824863174,5.001659132566579e-05,0.00312744331509,6.406051491634587e-05,0.0039093041438624,2.5915753354582888e-05,1,1,1,1,1
1408,3,14:20:27,4,0.0,63985.0,0.0003909304143863,0.0,1.6667037434401744e-05,-0.0007818608287724,1.6001439468597914e-05,-0.0015637216575449,3.293549004044422e-05,-0.0023455824863173,2.478578471496243e-05,-0.0031274433150898,4.10973850961137e-05,0.0007818608287726,5.765935866556444e-06,0.001563721657545,1.981314874950939e-05,0.0023455824863174,5.001659132566579e-05,0.00312744331509,6.406051491634587e-05,0.0039093041438624,2.5915753354582888e-05,1,0,1,1,1
1409,3,14:20:30,4,0.0,0.0,0.0003909304143863,0.0,1.7054012995915602e-05,-0.0007818608287724,1.660125158894439e-05,-0.0015637216575449,3.2664607147384524e-05,-0.0023455824863173,2.439880915344857e-05,-0.0031274433150898,4.10973850961137e-05,0.0007818608287726,6.868816216870931e-06,0.001563721657545,2.0200124311023243e-05,0.0023455824863174,5.001659132566579e-05,0.00312744331509,6.406051491634587e-05,0.0039093041438624,2.5915753354582888e-05,1,0,1,1,1
1410,3,14:20:33,4,0.0,35819.0,0.0003909304143863,0.0,1.6047876535979576e-05,-0.0007818608287724,1.9077895182633065e-05,-0.0015637216575449,2.5602303149756664e-05,-0.0023455824863173,2.436011159729719e-05,-0.0031274433150898,4.119412898649216e-05,0.0007818608287726,6.907513773022316e-06,0.001563721657545,2.0200124311023243e-05,0.0023455824863174,5.001659132566579e-05,0.00312744331509,6.406051491634587e-05,0.0039093041438624,2.5915753354582888e-05,1,0,1,1,1
1411,3,14:20:36,4,0.0,17906.0,0.0003909304143863,0.0,1.5254576634876174e-05,-0.0007818608287724,1.909724396070876e-05,-0.0015637216575449,2.5602303149756664e-05,-0.0023455824863173,2.436011159729719e-05,-0.0031274433150898,4.111673387418939e-05,0.0007818608287726,8.12648679179096e-06,0.001563721657545,2.0200124311023243e-05,0.0023455824863174,5.001659132566579e-05,0.00312744331509,6.406051491634587e-05,0.0039093041438624,2.5915753354582888e-05,1,0,1,1,1
1412,3,14:20:39,4,0.0007818608287726,6400.0,0.0003909304143863,0.0,1.5641552196390028e-05,-0.0007818608287724,1.8884407401876135e-05,-0.0015637216575449,2.5602303149756664e-05,-0.0023455824863173,2.436011159729719e-05,-0.0031274433150898,4.111673387418939e-05,0.0007818608287726,9.132623251726983e-06,0.001563721657545,2.0200124311023243e-05,0.0023455824863174,5.001659132566579e-05,0.00312744331509,6.406051491634587e-05,0.0039093041438624,2.6883192258367524e-05,1,0,1,1,1
1413,3,14:20:42,4,0.0,581969.0,0.0003909304143863,0.0,9.237106653335724e-06,-0.0007818608287724,1.909724396070876e-05,-0.0015637216575449,2.5602303149756664e-05,-0.0023455824863173,2.436011159729719e-05,-0.0031274433150898,4.111673387418939e-05,0.0007818608287726,8.784345246364515e-06,0.001563721657545,2.0200124311023243e-05,0.0023455824863174,5.001659132566579e-05,0.00312744331509,6.406051491634587e-05,0.0039093041438624,2.6883192258367524e-05,0,0,1,1,1
1414,3,14:20:45,4,0.0007818608287726,138165.0,0.0003909304143863,0.0,7.979436078415695e-06,-0.0007818608287724,1.909724396070876e-05,-0.0015637216575449,2.5602303149756664e-05,-0.0023455824863173,2.436011159729719e-05,-0.0031274433150898,4.111673387418939e-05,0.0007818608287726,1.4240700663709871e-05,0.001563721657545,2.039361209178017e-05,0.0023455824863174,5.001659132566579e-05,0.00312744331509,6.406051491634587e-05,0.0039093041438624,2.6883192258367524e-05,0,0,1,1,1
1415,3,14:20:48,4,0.0007818608287726,2559.0,0.0003909304143863,0.0,9.41124565601696e-06,-0.0007818608287724,1.909724396070876e-05,-0.0015637216575449,2.5602303149756664e-05,-0.0023455824863173,2.436011159729719e-05,-0.0031274433150898,4.105868753996231e-05,0.0007818608287726,1.940682440991984e-05,0.001563721657545,2.0703192540991256e-05,0.0023455824863174,5.001659132566579e-05,0.00312744331509,6.406051491634587e-05,0.0039093041438624,2.6883192258367524e-05,0,0,1,1,1
1416,3,14:20:51,4,0.0,21743.0,0.0003909304143863,0.0,9.237106653335724e-06,-0.0007818608287724,2.6294989404866463e-05,-0.0015637216575449,2.5602303149756664e-05,-0.0023455824863173,2.436011159729719e-05,-0.0031274433150898,4.105868753996231e-05,0.0007818608287726,2.1128865658656497e-05,0.001563721657545,2.465034326843258e-05,0.0023455824863174,5.007463765989287e-05,0.00312744331509,6.133233720767319e-05,0.0039093041438624,2.6883192258367524e-05,0,0,1,1,1
1417,3,14:20:54,4,0.0007818608287726,76800.0,0.0003909304143863,0.0,9.682128549076658e-06,-0.0007818608287724,2.6294989404866463e-05,-0.0015637216575449,2.5408815368999736e-05,-0.0023455824863173,4.293493854996224e-05,-0.0031274433150898,4.105868753996231e-05,0.0007818608287726,2.5385596835308905e-05,0.001563721657545,2.465034326843258e-05,0.0023455824863174,4.988114987913594e-05,0.00312744331509,6.133233720767319e-05,0.0039093041438624,2.6883192258367524e-05,0,0,1,1,1
1418,3,14:20:57,4,0.0,632337.0,-0.0003909304143862,-0.0007818608287724,2.822986721243574e-05,-0.0015637216575449,2.5408815368999736e-05,-0.0023455824863173,4.3321914111476096e-05,-0.0031274433150898,4.105868753996231e-05,-0.0039093041438622,3.829123181179598e-05,0.0,1.69030925269252e-05,0.0007818608287726,2.6082152846033843e-05,0.001563721657545,2.465034326843258e-05,0.0023455824863174,4.988114987913594e-05,0.00312744331509,6.133233720767319e-05,1,1,1,1,1
1419,3,14:21:00,4,0.0,26859.0,-0.0003909304143862,-0.0007818608287724,2.822986721243574e-05,-0.0015637216575449,2.5408815368999736e-05,-0.0023455824863173,4.3321914111476096e-05,-0.0031274433150898,4.105868753996231e-05,-0.0039093041438622,3.829123181179598e-05,0.0,1.6535465743487034e-05,0.0007818608287726,2.6178896736412308e-05,0.001563721657545,2.465034326843258e-05,0.0023455824863174,5.247388614127877e-05,0.00312744331509,6.133233720767319e-05,1,1,1,1,1
1420,3,14:21:03,4,-0.0007818608287724,25570.0,-0.0003909304143862,-0.0007818608287724,2.80750769878302e-05,-0.0015637216575449,2.5408815368999736e-05,-0.0023455824863173,4.3321914111476096e-05,-0.0031274433150898,4.105868753996231e-05,-0.0039093041438622,3.829123181179598e-05,0.0,1.8431645994904925e-05,0.0007818608287726,2.670131374445601e-05,0.001563721657545,2.465034326843258e-05,0.0023455824863174,5.247388614127877e-05,0.00312744331509,6.117754698306765e-05,1,1,1,1,1
1421,3,14:21:06,4,0.0,384679.0,-0.0003909304143862,-0.0007818608287724,2.227044356512237e-05,-0.0015637216575449,2.5408815368999736e-05,-0.0023455824863173,4.318647266494625e-05,-0.0031274433150898,4.105868753996231e-05,-0.0039093041438622,3.829123181179598e-05,0.0,1.8934714224872934e-05,0.0007818608287726,2.6952847859440017e-05,0.001563721657545,2.4843831049189503e-05,0.0023455824863174,5.26673739220357e-05,0.00312744331509,6.117754698306765e-05,1,1,1,1,1
1422,3,14:21:09,4,0.0,58818.0,-0.0003909304143862,-0.0007818608287724,2.354746291811809e-05,-0.0015637216575449,2.562165192783236e-05,-0.0023455824863173,4.318647266494625e-05,-0.0031274433150898,4.105868753996231e-05,-0.0039093041438622,3.829123181179598e-05,0.0,1.835425088260216e-05,0.0007818608287726,2.6662616188304628e-05,0.001563721657545,2.4843831049189503e-05,0.0023455824863174,5.26673739220357e-05,0.00312744331509,6.117754698306765e-05,1,1,1,1,1
1423,3,14:21:12,4,-0.0007818608287724,25565.0,-0.0003909304143862,-0.0007818608287724,2.48631798272652e-05,-0.0015637216575449,2.562165192783236e-05,-0.0023455824863173,4.318647266494625e-05,-0.0031274433150898,4.105868753996231e-05,-0.0039093041438622,3.829123181179598e-05,0.0,1.841229721682923e-05,0.0007818608287726,2.6662616188304628e-05,0.001563721657545,2.4843831049189503e-05,0.0023455824863174,5.26673739220357e-05,0.00312744331509,6.117754698306765e-05,1,1,1,1,1
1424,3,14:21:15,4,0.0,176497.0,-0.0003909304143862,-0.0007818608287724,2.492122616149228e-05,-0.0015637216575449,2.5815139708589284e-05,-0.0023455824863173,4.318647266494625e-05,-0.0031274433150898,4.1155431430340775e-05,-0.0039093041438622,3.829123181179598e-05,0.0,1.5838909732762097e-05,0.0007818608287726,2.6662616188304628e-05,0.001563721657545,2.4843831049189503e-05,0.0023455824863174,5.007463765989287e-05,0.00312744331509,6.117754698306765e-05,1,2,1,1,1
1425,3,14:21:18,4,0.0,107436.0,-0.0003909304143862,-0.0007818608287724,2.4959923717643665e-05,-0.0015637216575449,2.5815139708589284e-05,-0.0023455824863173,4.318647266494625e-05,-0.0031274433150898,4.1155431430340775e-05,-0.0039093041438622,3.3086410509434627e-05,0.0,1.4213612374403904e-05,0.0007818608287726,2.8674889108176677e-05,0.001563721657545,2.4843831049189503e-05,0.0023455824863174,5.007463765989287e-05,0.00312744331509,6.117754698306765e-05,1,2,1,1,1
1426,3,14:21:21,4,0.0,657395.0,-0.0003909304143862,-0.0007818608287724,2.374095069887502e-05,-0.0015637216575449,2.5660349483983743e-05,-0.0023455824863173,4.318647266494625e-05,-0.0031274433150898,4.1155431430340775e-05,-0.0039093041438622,3.3086410509434627e-05,0.0,5.796893911477552e-06,0.0007818608287726,3.0861301030729954e-05,0.001563721657545,2.4843831049189503e-05,0.0023455824863174,5.0171381550271336e-05,0.00312744331509,6.117754698306765e-05,1,2,1,1,1
1427,3,14:21:24,4,0.0,38369.0,-0.0003909304143862,-0.0007818608287724,2.4108577482313183e-05,-0.0015637216575449,2.60473250454976e-05,-0.0023455824863173,4.125159485737697e-05,-0.0031274433150898,4.105868753996231e-05,-0.0039093041438622,3.3086410509434627e-05,0.0,1.1427388331504146e-05,0.0007818608287726,3.144176437300074e-05,0.001563721657545,2.4843831049189503e-05,0.0023455824863174,5.0171381550271336e-05,0.00312744331509,6.117754698306765e-05,1,2,1,1,1
1428,3,14:21:27,4,-0.0007818608287724,157302.0,-0.0003909304143862,-0.0007818608287724,2.4611645712281196e-05,-0.0015637216575449,2.60473250454976e-05,-0.0023455824863173,4.1832058199647753e-05,-0.0031274433150898,4.105868753996231e-05,-0.0039093041438622,3.3086410509434627e-05,0.0,9.473161745859176e-06,0.0007818608287726,3.144176437300074e-05,0.001563721657545,2.4843831049189503e-05,0.0023455824863174,5.0171381550271336e-05,0.00312744331509,6.117754698306765e-05,1,2,1,1,1
1429,3,14:21:30,4,-0.0007818608287724,415655.0,-0.0003909304143862,-0.0007818608287724,2.451490182190273e-05,-0.0015637216575449,2.60473250454976e-05,-0.0023455824863173,4.62629283789814e-05,-0.0031274433150898,4.105868753996231e-05,-0.0039093041438622,3.3086410509434627e-05,0.0,3.668528323151348e-06,0.0007818608287726,3.144176437300074e-05,0.001563721657545,2.4843831049189503e-05,0.0023455824863174,5.0171381550271336e-05,0.00312744331509,6.0751873865402405e-05,2,2,1,1,1
1430,3,14:21:33,4,0.0,56274.0,-0.0003909304143862,-0.0007818608287724,2.499862127379505e-05,-0.0015637216575449,2.6821276168525307e-05,-0.0023455824863173,4.643706738166263e-05,-0.0031274433150898,4.299356534753159e-05,-0.0039093041438622,3.3086410509434627e-05,0.0,4.5005257804061365e-06,0.0007818608287726,3.144176437300074e-05,0.001563721657545,2.4843831049189503e-05,0.0023455824863174,5.0171381550271336e-05,0.00312744331509,6.0751873865402405e-05,2,2,1,1,1
1431,3,14:21:36,4,-0.0007818608287724,11502.0,-0.0003909304143862,-0.0007818608287724,3.2467249611012455e-05,-0.0015637216575449,2.6821276168525307e-05,-0.0023455824863173,4.643706738166263e-05,-0.0031274433150898,4.370947013633222e-05,-0.0039093041438622,3.3086410509434627e-05,0.0,5.467964684190775e-06,0.0007818608287726,3.146111315107643e-05,0.001563721657545,2.494057493956797e-05,0.0023455824863174,5.0171381550271336e-05,0.00312744331509,6.0751873865402405e-05,2,2,1,1,1
1432,3,14:21:39,4,-0.0007818608287724,6390.0,-0.0003909304143862,-0.0007818608287724,3.252529594523953e-05,-0.0015637216575449,2.6821276168525307e-05,-0.0023455824863173,4.798496962771805e-05,-0.0031274433150898,4.370947013633222e-05,-0.0039093041438622,3.3086410509434627e-05,0.0,6.822379149489268e-06,0.0007818608287726,3.146111315107643e-05,0.001563721657545,2.494057493956797e-05,0.0023455824863174,4.9977893769514405e-05,0.00312744331509,6.26287053387446e-05,2,2,1,1,1
1433,3,14:21:42,4,0.0,164991.0,-0.0003909304143862,-0.0007818608287724,3.333794462441863e-05,-0.0015637216575449,2.7575878513477327e-05,-0.0023455824863173,4.7791481846961125e-05,-0.0031274433150898,4.370947013633222e-05,-0.0039093041438622,3.316380562173739e-05,0.0,4.73271111731445e-06,0.0007818608287726,3.184808871259029e-05,0.001563721657545,2.494057493956797e-05,0.0023455824863174,4.9977893769514405e-05,0.00312744331509,6.26287053387446e-05,2,2,1,1,1
1434,3,14:21:45,4,0.0,361416.0,0.0003909304143863,0.0,3.400354259022246e-05,-0.0007818608287724,3.275748128214785e-05,-0.0015637216575449,2.7575878513477327e-05,-0.0023455824863173,4.7791481846961125e-05,-0.0031274433150898,4.370947013633222e-05,0.0007818608287726,3.188678626874167e-05,0.001563721657545,2.494057493956797e-05,0.0023455824863174,4.9977893769514405e-05,0.00312744331509,6.26287053387446e-05,0.0039093041438624,2.7328214154108455e-05,1,1,1,1,1
1435,3,14:21:48,4,0.0,0.0,0.0003909304143863,0.0,3.52418643870668e-05,-0.0007818608287724,3.370557140785679e-05,-0.0015637216575449,3.72502675513237e-05,-0.0023455824863173,4.752059895390142e-05,-0.0031274433150898,4.370947013633222e-05,0.0007818608287726,3.188678626874167e-05,0.001563721657545,2.465034326843258e-05,0.0023455824863174,4.9977893769514405e-05,0.00312744331509,6.26287053387446e-05,0.0039093041438624,2.7328214154108455e-05,1,1,1,1,1
1436,3,14:21:51,4,0.0,418233.0,0.0003909304143863,0.0,2.8992209068618035e-05,-0.0007818608287724,3.362817629555402e-05,-0.0015637216575449,3.72502675513237e-05,-0.0023455824863173,4.753994773197712e-05,-0.0031274433150898,4.370947013633222e-05,0.0007818608287726,3.285422517252631e-05,0.001563721657545,2.465034326843258e-05,0.0023455824863174,4.9977893769514405e-05,0.00312744331509,6.26287053387446e-05,0.0039093041438624,2.7328214154108455e-05,1,1,1,1,1
1437,3,14:21:54,4,0.0,63950.0,0.0003909304143863,0.0,2.80247701648334e-05,-0.0007818608287724,3.384101285438664e-05,-0.0015637216575449,3.717287243902094e-05,-0.0023455824863173,4.753994773197712e-05,-0.0031274433150898,4.370947013633222e-05,0.0007818608287726,3.285422517252631e-05,0.001563721657545,2.465034326843258e-05,0.0023455824863174,4.9977893769514405e-05,0.00312744331509,6.26287053387446e-05,0.0039093041438624,2.713472637335153e-05,1,1,1,1,1
1438,3,14:21:57,4,0.0,356857.0,0.0003909304143863,0.0,2.312952931168313e-05,-0.0007818608287724,3.44795225308845e-05,-0.0015637216575449,3.4851019069937804e-05,-0.0023455824863173,4.753994773197712e-05,-0.0031274433150898,4.370947013633222e-05,0.0007818608287726,3.2660737391769386e-05,0.001563721657545,2.449555304382704e-05,0.0023455824863174,4.9977893769514405e-05,0.00312744331509,6.26287053387446e-05,0.0039093041438624,2.713472637335153e-05,1,1,1,1,1
1439,3,14:22:00,4,0.0,12790.0,0.0003909304143863,0.0,2.6883192258367524e-05,-0.0007818608287724,3.436342986243035e-05,-0.0015637216575449,3.533473852183012e-05,-0.0023455824863173,4.753994773197712e-05,-0.0031274433150898,4.370947013633222e-05,0.0007818608287726,3.310575928751032e-05,0.001563721657545,2.463099449035689e-05,0.0023455824863174,4.9977893769514405e-05,0.00312744331509,6.26287053387446e-05,0.0039093041438624,2.568356801767457e-05,1,1,1,1,1
1440,3,14:22:03,4,0.0,319751.0,0.0003909304143863,0.0,2.3168226867834515e-05,-0.0007818608287724,3.436342986243035e-05,-0.0015637216575449,3.533473852183012e-05,-0.0023455824863173,4.753994773197712e-05,-0.0031274433150898,4.370947013633222e-05,0.0007818608287726,3.2796178838299234e-05,0.001563721657545,2.463099449035689e-05,0.0023455824863174,4.9977893769514405e-05,0.00312744331509,6.260935656066891e-05,0.0039093041438624,2.550942901499334e-05,1,1,1,1,1
1441,3,14:22:06,4,0.0,365794.0,0.0003909304143863,0.0,1.978219070458828e-05,-0.0007818608287724,3.480845175817128e-05,-0.0015637216575449,3.1464982906691574e-05,-0.0023455824863173,4.753994773197712e-05,-0.0031274433150898,4.372881891440792e-05,0.0007818608287726,3.310575928751032e-05,0.001563721657545,2.463099449035689e-05,0.0023455824863174,4.9977893769514405e-05,0.00312744331509,6.276414678527446e-05,0.0039093041438624,2.550942901499334e-05,1,1,1,1,1
1442,3,14:22:09,4,0.0,336577.0,0.0003909304143863,0.0,2.0304607712631984e-05,-0.0007818608287724,3.480845175817128e-05,-0.0015637216575449,3.1464982906691574e-05,-0.0023455824863173,4.753994773197712e-05,-0.0031274433150898,4.372881891440792e-05,0.0007818608287726,2.9410142675053e-05,0.001563721657545,2.463099449035689e-05,0.0023455824863174,4.9977893769514405e-05,0.00312744331509,6.276414678527446e-05,0.0039093041438624,2.550942901499334e-05,1,1,1,1,1
1443,3,14:22:12,4,0.0,600044.0,0.0003909304143863,0.0,1.5061088854119246e-05,-0.0007818608287724,3.4847149314322666e-05,-0.0015637216575449,3.1464982906691574e-05,-0.0023455824863173,4.753994773197712e-05,-0.0031274433150898,4.620546250809659e-05,0.0007818608287726,2.561778217221722e-05,0.001563721657545,2.463099449035689e-05,0.0023455824863174,4.9977893769514405e-05,0.00312744331509,6.276414678527446e-05,0.0039093041438624,2.550942901499334e-05,1,1,1,1,1
1444,3,14:22:15,4,0.0,360678.0,0.0003909304143863,0.0,1.032063822557452e-05,-0.0007818608287724,3.4847149314322666e-05,-0.0015637216575449,3.1464982906691574e-05,-0.0023455824863173,4.753994773197712e-05,-0.0031274433150898,4.620546250809659e-05,0.0007818608287726,2.5811269952974143e-05,0.001563721657545,2.463099449035689e-05,0.0023455824863174,4.9977893769514405e-05,0.00312744331509,6.388637591366464e-05,0.0039093041438624,2.550942901499334e-05,1,1,1,1,1
1445,3,14:22:18,4,0.0,63953.0,0.0003909304143863,0.0,9.41124565601696e-06,-0.0007818608287724,3.4847149314322666e-05,-0.0015637216575449,3.1464982906691574e-05,-0.0023455824863173,4.792692329349097e-05,-0.0031274433150898,4.630220639847505e-05,0.0007818608287726,2.6062804067958156e-05,0.001563721657545,2.463099449035689e-05,0.0023455824863174,4.9977893769514405e-05,0.00312744331509,6.388637591366464e-05,0.0039093041438624,2.550942901499334e-05,1,1,1,1,1
1446,3,14:22:21,4,0.0007818608287726,323604.0,0.0003909304143863,0.0,5.038421810910395e-06,-0.0007818608287724,3.4847149314322666e-05,-0.0015637216575449,3.1464982906691574e-05,-0.0023455824863173,4.794627207156666e-05,-0.0031274433150898,4.630220639847505e-05,0.0007818608287726,2.573387484067137e-05,0.001563721657545,2.4824482271113813e-05,0.0023455824863174,5.142905212519136e-05,0.00312744331509,6.388637591366464e-05,0.0039093041438624,2.550942901499334e-05,1,1,1,1,1
1447,3,14:22:24,4,0.0007818608287726,514470.0,0.0003909304143863,0.0,4.167726797504221e-06,-0.0007818608287724,3.4847149314322666e-05,-0.0015637216575449,3.1464982906691574e-05,-0.0023455824863173,4.794627207156666e-05,-0.0031274433150898,4.630220639847505e-05,0.0007818608287726,1.9716404859130926e-05,0.001563721657545,2.536624805723321e-05,0.0023455824863174,5.156449357172121e-05,0.00312744331509,6.388637591366464e-05,0.0039093041438624,2.550942901499334e-05,1,1,1,1,1
1448,3,14:22:27,4,0.0,20464.0,0.0003909304143863,0.0,3.858146348293137e-06,-0.0007818608287724,3.446017375280881e-05,-0.0015637216575449,3.1464982906691574e-05,-0.0023455824863173,4.794627207156666e-05,-0.0031274433150898,4.630220639847505e-05,0.0007818608287726,2.029686820140171e-05,0.001563721657545,2.5540387059914447e-05,0.0023455824863174,5.1583842349796906e-05,0.00312744331509,6.291893700988e-05,0.0039093041438624,2.550942901499334e-05,1,1,1,1,1
1449,3,14:22:30,4,0.0,26867.0,0.0003909304143863,0.0,4.4773072467153055e-06,-0.0007818608287724,3.446017375280881e-05,-0.0015637216575449,3.1464982906691574e-05,-0.0023455824863173,4.794627207156666e-05,-0.0031274433150898,4.630220639847505e-05,0.0007818608287726,2.2231746008970985e-05,0.001563721657545,2.5540387059914447e-05,0.0023455824863174,5.1583842349796906e-05,0.00312744331509,6.291893700988e-05,0.0039093041438624,2.550942901499334e-05,1,1,1,1,1
1450,3,14:22:33,4,0.0,0.0,0.0003909304143863,0.0,6.547626500814431e-06,-0.0007818608287724,3.446017375280881e-05,-0.0015637216575449,3.127149512593464e-05,-0.0023455824863173,4.794627207156666e-05,-0.0031274433150898,4.630220639847505e-05,0.0007818608287726,2.252197768010637e-05,0.001563721657545,2.5540387059914447e-05,0.0023455824863174,5.417657861193974e-05,0.00312744331509,6.291893700988e-05,0.0039093041438624,2.550942901499334e-05,1,1,1,1,1
1451,3,14:22:36,4,0.0,69066.0,0.0003909304143863,0.0,5.580187597029793e-06,-0.0007818608287724,3.446017375280881e-05,-0.0015637216575449,3.127149512593464e-05,-0.0023455824863173,4.794627207156666e-05,-0.0031274433150898,4.630220639847505e-05,0.0007818608287726,2.2231746008970985e-05,0.001563721657545,2.612085040218523e-05,0.0023455824863174,5.702084898906657e-05,0.00312744331509,6.28995882318043e-05,0.0039093041438624,2.601249724496135e-05,1,1,1,1,1
1452,3,14:22:39,4,0.0007818608287726,34540.0,0.0003909304143863,0.0,9.798221217530817e-06,-0.0007818608287724,3.446017375280881e-05,-0.0015637216575449,3.127149512593464e-05,-0.0023455824863173,4.833324763308053e-05,-0.0031274433150898,4.610871861771813e-05,0.0007818608287726,2.2231746008970985e-05,0.001563721657545,2.612085040218523e-05,0.0023455824863174,5.702084898906657e-05,0.00312744331509,6.28995882318043e-05,0.0039093041438624,2.601249724496135e-05,1,1,1,1,1
1453,3,14:22:42,4,0.0007818608287726,46054.0,0.0003909304143863,0.0,1.039803333787729e-05,-0.0007818608287724,3.455691764318727e-05,-0.0015637216575449,3.127149512593464e-05,-0.0023455824863173,4.833324763308053e-05,-0.0031274433150898,4.610871861771813e-05,0.0007818608287726,2.2812209351241767e-05,0.001563721657545,2.614019918026092e-05,0.0023455824863174,6.325115552943964e-05,0.00312744331509,6.28995882318043e-05,0.0039093041438624,2.601249724496135e-05,1,1,1,1,1
1454,3,14:22:45,4,0.0007818608287726,38390.0,0.0003909304143863,0.0,1.0359335781725906e-05,-0.0007818608287724,3.455691764318727e-05,-0.0015637216575449,3.127149512593464e-05,-0.0023455824863173,4.833324763308053e-05,-0.0031274433150898,4.610871861771813e-05,0.0007818608287726,2.2812209351241767e-05,0.001563721657545,2.633368696101785e-05,0.0023455824863174,6.619216979694494e-05,0.00312744331509,6.28995882318043e-05,0.0039093041438624,2.601249724496135e-05,1,1,1,1,1
1455,3,14:22:48,4,0.0,715314.0,0.0003909304143863,0.0,8.5018530864594e-06,-0.0007818608287724,3.511803220738236e-05,-0.0015637216575449,3.127149512593464e-05,-0.0023455824863173,4.833324763308053e-05,-0.0031274433150898,4.610871861771813e-05,0.0007818608287726,1.762673682695611e-05,0.001563721657545,2.6430430851396314e-05,0.0023455824863174,6.619216979694494e-05,0.00312744331509,6.28995882318043e-05,0.0039093041438624,2.601249724496135e-05,1,1,1,1,1
1456,3,14:22:51,4,0.0007818608287726,54321.0,0.0003909304143863,0.0,1.0079939426312902e-05,-0.0007818608287724,3.535021754429068e-05,-0.0015637216575449,3.127149512593464e-05,-0.0023455824863173,4.833324763308053e-05,-0.0031274433150898,4.610871861771813e-05,0.0007818608287726,1.6930180816231168e-05,0.001563721657545,2.633368696101785e-05,0.0023455824863174,6.619216979694494e-05,0.00312744331509,6.28995882318043e-05,0.0039093041438624,2.601249724496135e-05,1,1,1,1,1
1457,3,14:22:54,4,0.0,48607.0,0.0003909304143863,0.0,1.0524961322053836e-05,-0.0007818608287724,3.525347365391222e-05,-0.0015637216575449,3.127149512593464e-05,-0.0023455824863173,4.83912939673076e-05,-0.0031274433150898,4.610871861771813e-05,0.0007818608287726,1.6833436925852703e-05,0.001563721657545,2.64691284075477e-05,0.0023455824863174,6.619216979694494e-05,0.00312744331509,6.28995882318043e-05,0.0039093041438624,2.601249724496135e-05,1,1,1,1,1
1458,3,14:22:57,4,0.0,104907.0,0.0003909304143863,0.0,1.153109778198986e-05,-0.0007818608287724,3.5737193105804534e-05,-0.0015637216575449,3.127149512593464e-05,-0.0023455824863173,4.83912939673076e-05,-0.0031274433150898,4.610871861771813e-05,0.0007818608287726,1.6311019917809e-05,0.001563721657545,2.64691284075477e-05,0.0023455824863174,6.619216979694494e-05,0.00312744331509,6.309307601256124e-05,0.0039093041438624,2.636077525032382e-05,1,1,1,1,1
1459,3,14:23:00,4,0.0,455524.0,0.0003909304143863,0.0,8.512688402181788e-06,-0.0007818608287724,3.5833936996183e-05,-0.0015637216575449,3.127149512593464e-05,-0.0023455824863173,4.83912939673076e-05,-0.0031274433150898,4.599262594926397e-05,0.0007818608287726,1.3370005650303698e-05,0.001563721657545,2.64691284075477e-05,0.0023455824863174,6.619216979694494e-05,0.00312744331509,6.309307601256124e-05,0.0039093041438624,2.636077525032382e-05,1,1,1,1,1
1460,3,14:23:03,4,0.0007818608287726,29434.0,0.0003909304143863,0.0,9.267290747133806e-06,-0.0007818608287724,3.5833936996183e-05,-0.0015637216575449,3.127149512593464e-05,-0.0023455824863173,4.83912939673076e-05,-0.0031274433150898,4.599262594926397e-05,0.0007818608287726,1.304107642301692e-05,0.001563721657545,2.64691284075477e-05,0.0023455824863174,6.619216979694494e-05,0.00312744331509,6.212563710877659e-05,0.0039093041438624,2.636077525032382e-05,1,1,1,1,1
1461,3,14:23:06,4,0.0007818608287726,23040.0,0.0003909304143863,0.0,9.267290747133806e-06,-0.0007818608287724,3.5833936996183e-05,-0.0015637216575449,3.127149512593464e-05,-0.0023455824863173,4.83912939673076e-05,-0.0031274433150898,4.599262594926397e-05,0.0007818608287726,2.023882186717463e-05,0.001563721657545,2.64691284075477e-05,0.0023455824863174,6.619216979694494e-05,0.00312744331509,6.212563710877659e-05,0.0039093041438624,2.636077525032382e-05,1,1,1,1,1
1462,3,14:23:09,4,0.0007818608287726,46080.0,0.0003909304143863,0.0,1.048626376590245e-05,-0.0007818608287724,3.5833936996183e-05,-0.0015637216575449,3.127149512593464e-05,-0.0023455824863173,4.83912939673076e-05,-0.0031274433150898,4.599262594926397e-05,0.0007818608287726,2.7475264867483723e-05,0.001563721657545,2.64691284075477e-05,0.0023455824863174,6.619216979694494e-05,0.00312744331509,6.212563710877659e-05,0.0039093041438624,2.636077525032382e-05,1,1,1,1,1
1463,3,14:23:12,4,0.0007818608287726,232960.0,0.0003909304143863,0.0,1.069910032473507e-05,-0.0007818608287724,3.389905918861372e-05,-0.0015637216575449,3.129084390401033e-05,-0.0023455824863173,4.83912939673076e-05,-0.0031274433150898,4.599262594926397e-05,0.0007818608287726,2.5462991947611674e-05,0.001563721657545,2.64691284075477e-05,0.0023455824863174,6.619216979694494e-05,0.00312744331509,6.212563710877659e-05,0.0039093041438624,2.636077525032382e-05,1,1,1,1,1
1464,3,14:23:15,4,0.0007818608287726,927990.0,0.0003909304143863,0.0,1.0505612543978144e-05,-0.0007818608287724,3.413124452552203e-05,-0.0015637216575449,3.150368046284295e-05,-0.0023455824863173,4.83912939673076e-05,-0.0031274433150898,4.599262594926397e-05,0.0007818608287726,1.2228427743837826e-05,0.001563721657545,2.654652351985047e-05,0.0023455824863174,6.619216979694494e-05,0.00312744331509,6.212563710877659e-05,0.0039093041438624,2.636077525032382e-05,1,1,1,1,1
1465,3,14:23:18,4,0.0,333819.0,0.0003909304143863,0.0,6.84869348767221e-06,-0.0007818608287724,3.4847149314322666e-05,-0.0015637216575449,3.150368046284295e-05,-0.0023455824863173,4.83912939673076e-05,-0.0031274433150898,4.599262594926397e-05,0.0007818608287726,1.224777652191352e-05,0.001563721657545,2.654652351985047e-05,0.0023455824863174,6.619216979694494e-05,0.00312744331509,6.212563710877659e-05,0.0039093041438624,2.595445091073427e-05,1,1,1,1,1
1466,3,14:23:21,4,0.0007818608287726,26870.0,0.0003909304143863,0.0,8.028968950289468e-06,-0.0007818608287724,3.480845175817128e-05,-0.0015637216575449,3.150368046284295e-05,-0.0023455824863173,4.83912939673076e-05,-0.0031274433150898,4.599262594926397e-05,0.0007818608287726,1.2499310636897524e-05,0.001563721657545,2.654652351985047e-05,0.0023455824863174,6.619216979694494e-05,0.00312744331509,6.212563710877659e-05,0.0039093041438624,2.595445091073427e-05,1,1,1,1,1
1467,3,14:23:24,4,0.0,35822.0,0.0003909304143863,0.0,9.789707755177513e-06,-0.0007818608287724,3.6027424776939926e-05,-0.0015637216575449,3.150368046284295e-05,-0.0023455824863173,4.8429991523458986e-05,-0.0031274433150898,4.5702394278128576e-05,0.0007818608287726,1.1880149738475356e-05,0.001563721657545,2.654652351985047e-05,0.0023455824863174,6.619216979694494e-05,0.00312744331509,6.212563710877659e-05,0.0039093041438624,2.595445091073427e-05,1,1,1,1,1
1468,3,14:23:27,4,0.0007818608287726,93376.0,0.0003909304143863,0.0,3.95094308794416e-05,-0.0007818608287724,3.6027424776939926e-05,-0.0015637216575449,3.150368046284295e-05,-0.0023455824863173,4.8429991523458986e-05,-0.0031274433150898,4.5702394278128576e-05,0.0007818608287726,1.267344963957876e-05,0.001563721657545,2.654652351985047e-05,0.0023455824863174,6.619216979694494e-05,0.00312744331509,6.212563710877659e-05,0.0039093041438624,2.5896404576507194e-05,1,1,1,1,1
1469,3,14:23:30,4,0.0007818608287726,94716.0,0.0003909304143863,0.0,3.9586825991744366e-05,-0.0007818608287724,3.631765644807531e-05,-0.0015637216575449,3.150368046284295e-05,-0.0023455824863173,4.8429991523458986e-05,-0.0031274433150898,4.5702394278128576e-05,0.0007818608287726,1.2286474078064903e-05,0.001563721657545,2.654652351985047e-05,0.0023455824863174,6.619216979694494e-05,0.00312744331509,6.212563710877659e-05,0.0039093041438624,2.5896404576507194e-05,1,1,1,1,1
1470,3,14:23:33,4,0.0007818608287726,43520.0,0.0003909304143863,0.0,3.9586825991744366e-05,-0.0007818608287724,3.631765644807531e-05,-0.0015637216575449,3.150368046284295e-05,-0.0023455824863173,4.8429991523458986e-05,-0.0031274433150898,4.5702394278128576e-05,0.0007818608287726,1.1841452182323973e-05,0.001563721657545,2.654652351985047e-05,0.0023455824863174,6.619216979694494e-05,0.00312744331509,6.212563710877659e-05,0.0039093041438624,2.5896404576507194e-05,1,1,1,1,1
1471,3,14:23:36,4,0.0,29430.0,0.0003909304143863,0.0,3.939333821098744e-05,-0.0007818608287724,3.631765644807531e-05,-0.0015637216575449,3.154237801899434e-05,-0.0023455824863173,4.8429991523458986e-05,-0.0031274433150898,4.5702394278128576e-05,0.0007818608287726,1.518879078941882e-05,0.001563721657545,2.7320474642878186e-05,0.0023455824863174,6.619216979694494e-05,0.00312744331509,6.212563710877659e-05,0.0039093041438624,2.608989235726412e-05,1,1,1,1,1
1472,3,14:23:39,4,0.0007818608287726,19190.0,0.0003909304143863,0.0,3.919985043023051e-05,-0.0007818608287724,3.784620991605504e-05,-0.0015637216575449,3.1929353580508194e-05,-0.0023455824863173,4.8429991523458986e-05,-0.0031274433150898,4.5702394278128576e-05,0.0007818608287726,1.5865998022068066e-05,0.001563721657545,2.7320474642878186e-05,0.0023455824863174,6.619216979694494e-05,0.00312744331509,6.212563710877659e-05,0.0039093041438624,2.628338013802105e-05,1,1,1,1,2
1473,3,14:23:42,4,0.0,773810.0,0.0003909304143863,0.0,3.1653826980710335e-05,-0.0007818608287724,3.784620991605504e-05,-0.0015637216575449,3.1929353580508194e-05,-0.0023455824863173,4.8429991523458986e-05,-0.0031274433150898,4.5702394278128576e-05,0.0007818608287726,1.5653161463235445e-05,0.001563721657545,2.7320474642878186e-05,0.0023455824863174,6.619216979694494e-05,0.00312744331509,6.212563710877659e-05,0.0039093041438624,2.5993148466885656e-05,1,1,1,1,2
1474,3,14:23:45,4,0.0007818608287726,170240.0,0.0003909304143863,0.0,3.20021049860728e-05,-0.0007818608287724,3.784620991605504e-05,-0.0015637216575449,3.196805113665958e-05,-0.0023455824863173,4.8429991523458986e-05,-0.0031274433150898,4.5702394278128576e-05,0.0007818608287726,1.3079773979168307e-05,0.001563721657545,2.7320474642878186e-05,0.0023455824863174,6.619216979694494e-05,0.00312744331509,6.212563710877659e-05,0.0039093041438624,2.5993148466885656e-05,1,1,1,1,2
1475,3,14:23:48,4,0.0007818608287726,235512.0,0.0003909304143863,0.0,3.325977556099283e-05,-0.0007818608287724,3.467301031164143e-05,-0.0015637216575449,3.0246009887922927e-05,-0.0023455824863173,4.324451899917333e-05,-0.0031274433150898,4.5702394278128576e-05,0.0007818608287726,1.1164244949674724e-05,0.001563721657545,2.7320474642878186e-05,0.0023455824863174,6.619216979694494e-05,0.00312744331509,6.212563710877659e-05,0.0039093041438624,2.5993148466885656e-05,1,1,1,1,2
1476,3,14:23:51,4,0.0007818608287726,31977.0,0.0003909304143863,0.0,3.6761904392693225e-05,-0.0007818608287724,3.624026133577255e-05,-0.0015637216575449,3.026535866599862e-05,-0.0023455824863173,4.324451899917333e-05,-0.0031274433150898,4.5702394278128576e-05,0.0007818608287726,1.2789542308032916e-05,0.001563721657545,2.7320474642878186e-05,0.0023455824863174,6.686937702959419e-05,0.00312744331509,6.212563710877659e-05,0.0039093041438624,2.5760963129977343e-05,1,1,1,1,2
1477,3,14:23:54,4,0.0,148470.0,0.0003909304143863,0.0,3.660711416808768e-05,-0.0007818608287724,3.624026133577255e-05,-0.0015637216575449,3.034275377830139e-05,-0.0023455824863173,4.324451899917333e-05,-0.0031274433150898,4.5702394278128576e-05,0.0007818608287726,1.0738571832009485e-05,0.001563721657545,2.7417218533256644e-05,0.0023455824863174,6.65984941365345e-05,0.00312744331509,6.212563710877659e-05,0.0039093041438624,2.8082816499060474e-05,1,1,1,1,2
1478,3,14:23:57,4,0.0007818608287726,19197.0,0.0003909304143863,0.0,3.654906783386061e-05,-0.0007818608287724,3.624026133577255e-05,-0.0015637216575449,3.034275377830139e-05,-0.0023455824863173,4.324451899917333e-05,-0.0031274433150898,4.5702394278128576e-05,0.0007818608287726,1.1686661957718428e-05,0.001563721657545,2.7417218533256644e-05,0.0023455824863174,6.65984941365345e-05,0.00312744331509,6.115819820499196e-05,0.0039093041438624,2.798607260868201e-05,1,1,1,1,2
1479,3,14:24:00,4,0.0,48602.0,0.0003909304143863,0.0,3.591055815736274e-05,-0.0007818608287724,4.067113151510619e-05,-0.0015637216575449,3.034275377830139e-05,-0.0023455824863173,4.324451899917333e-05,-0.0031274433150898,4.5702394278128576e-05,0.0007818608287726,1.1725359513869814e-05,0.001563721657545,2.751396242363511e-05,0.0023455824863174,6.65984941365345e-05,0.00312744331509,5.999727152045039e-05,0.0039093041438624,2.798607260868201e-05,1,1,1,1,2
1480,3,14:24:03,4,0.0007818608287726,575563.0,0.0003909304143863,0.0,2.7455142138285e-05,-0.0007818608287724,4.069048029318188e-05,-0.0015637216575449,3.0187963553695848e-05,-0.0023455824863173,4.324451899917333e-05,-0.0031274433150898,4.5702394278128576e-05,0.0007818608287726,1.634062354826481e-05,0.001563721657545,2.751396242363511e-05,0.0023455824863174,6.73724452595622e-05,0.00312744331509,5.999727152045039e-05,0.0039093041438624,2.798607260868201e-05,1,1,1,1,2
1481,3,14:24:06,4,0.0007818608287726,200804.0,0.0003909304143863,0.0,2.449477909270401e-05,-0.0007818608287724,4.069048029318188e-05,-0.0015637216575449,2.993642943871184e-05,-0.0023455824863173,4.324451899917333e-05,-0.0031274433150898,4.574109183427996e-05,0.0007818608287726,2.14487009602477e-05,0.001563721657545,2.751396242363511e-05,0.0023455824863174,6.73724452595622e-05,0.00312744331509,5.999727152045039e-05,0.0039093041438624,2.798607260868201e-05,1,1,1,1,2
1482,3,14:24:09,4,0.0,41583.0,0.0003909304143863,0.0,2.5201202980247558e-05,-0.0007818608287724,4.069048029318188e-05,-0.0015637216575449,2.993642943871184e-05,-0.0023455824863173,4.324451899917333e-05,-0.0031274433150898,4.574109183427996e-05,0.0007818608287726,2.1487398516399083e-05,0.001563721657545,2.761070631401357e-05,0.0023455824863174,6.73724452595622e-05,0.00312744331509,5.999727152045039e-05,0.0039093041438624,2.798607260868201e-05,1,1,1,1,2
1483,3,14:24:12,4,0.0,455633.0,0.0003909304143863,0.0,2.5201202980247558e-05,-0.0007818608287724,4.074852662740896e-05,-0.0015637216575449,2.9742941657954917e-05,-0.0023455824863173,4.3438006779930255e-05,-0.0031274433150898,4.574109183427996e-05,0.0007818608287726,1.7927223350471615e-05,0.001563721657545,2.7688101426316344e-05,0.0023455824863174,6.73724452595622e-05,0.00312744331509,5.999727152045039e-05,0.0039093041438624,2.798607260868201e-05,1,1,1,1,2
1484,3,14:24:15,4,0.0007818608287726,23040.0,0.0003909304143863,0.0,2.5201202980247558e-05,-0.0007818608287724,4.074852662740896e-05,-0.0015637216575449,2.999447577293892e-05,-0.0023455824863173,4.3438006779930255e-05,-0.0031274433150898,4.574109183427996e-05,0.0007818608287726,1.887531347618056e-05,0.001563721657545,2.7688101426316344e-05,0.0023455824863174,6.73724452595622e-05,0.00312744331509,5.999727152045039e-05,0.0039093041438624,2.798607260868201e-05,1,1,1,1,2
1485,3,14:24:18,4,0.0007818608287726,10235.0,0.0003909304143863,0.0,2.5607527319837105e-05,-0.0007818608287724,4.1503128972360975e-05,-0.0015637216575449,2.999447577293892e-05,-0.0023455824863173,4.3438006779930255e-05,-0.0031274433150898,4.574109183427996e-05,0.0007818608287726,1.928163781577011e-05,0.001563721657545,3.165460093183336e-05,0.0023455824863174,6.73724452595622e-05,0.00312744331509,5.9436156956255296e-05,0.0039093041438624,2.798607260868201e-05,1,1,1,1,2
1486,3,14:24:21,4,0.0007818608287726,67837.0,0.0003909304143863,0.0,2.74843587931793e-05,-0.0007818608287724,3.976173894554863e-05,-0.0015637216575449,2.9607500211425066e-05,-0.0023455824863173,4.351540189223302e-05,-0.0031274433150898,4.574109183427996e-05,0.0007818608287726,1.9726659711511043e-05,0.001563721657545,3.165460093183336e-05,0.0023455824863174,6.73724452595622e-05,0.00312744331509,5.928136673164976e-05,0.0039093041438624,2.798607260868201e-05,1,1,1,1,2
1487,3,14:24:24,4,0.0007818608287726,344250.0,0.0003909304143863,0.0,3.0347977948381827e-05,-0.0007818608287724,3.976173894554863e-05,-0.0015637216575449,2.9607500211425066e-05,-0.0023455824863173,4.351540189223302e-05,-0.0031274433150898,4.574109183427996e-05,0.0007818608287726,1.6359972326340503e-05,0.001563721657545,3.165460093183336e-05,0.0023455824863174,6.350268964442364e-05,0.00312744331509,5.8758949723606055e-05,0.0039093041438624,2.798607260868201e-05,1,1,1,1,2
1488,3,14:24:27,4,0.0007818608287726,48640.0,0.0003909304143863,0.0,3.036732672645752e-05,-0.0007818608287724,3.271878372599646e-05,-0.0015637216575449,2.95107563210466e-05,-0.0023455824863173,4.351540189223302e-05,-0.0031274433150898,4.574109183427996e-05,0.0007818608287726,1.628257721403773e-05,0.001563721657545,3.165460093183336e-05,0.0023455824863174,6.350268964442364e-05,0.00312744331509,5.895243750436298e-05,0.0039093041438624,2.798607260868201e-05,1,1,1,1,2
1489,3,14:24:30,4,0.0007818608287726,40960.0,0.0003909304143863,0.0,3.036732672645752e-05,-0.0007818608287724,3.271878372599646e-05,-0.0015637216575449,2.95107563210466e-05,-0.0023455824863173,4.351540189223302e-05,-0.0031274433150898,4.574109183427996e-05,0.0007818608287726,1.5876252874448183e-05,0.001563721657545,3.146111315107643e-05,0.0023455824863174,6.350268964442364e-05,0.00312744331509,5.895243750436298e-05,0.0039093041438624,2.798607260868201e-05,1,1,1,1,2
1490,3,14:24:33,4,0.0007818608287726,327670.0,0.0003909304143863,0.0,3.0696255953744296e-05,-0.0007818608287724,3.271878372599646e-05,-0.0015637216575449,2.95107563210466e-05,-0.0023455824863173,4.3321914111476096e-05,-0.0031274433150898,4.574109183427996e-05,0.0007818608287726,1.3631794617667822e-05,0.001563721657545,3.157720581953059e-05,0.0023455824863174,6.319310919521257e-05,0.00312744331509,5.885569361398452e-05,0.0039093041438624,2.798607260868201e-05,1,1,1,1,2
1491,3,14:24:36,4,0.0007818608287726,304728.0,0.0003909304143863,0.0,2.966690096011744e-05,-0.0007818608287724,3.043562791306472e-05,-0.0015637216575449,2.95107563210466e-05,-0.0023455824863173,4.3321914111476096e-05,-0.0031274433150898,4.574109183427996e-05,0.0007818608287726,1.053599012555698e-05,0.001563721657545,3.157720581953059e-05,0.0023455824863174,6.319310919521257e-05,0.00312744331509,5.885569361398452e-05,0.0039093041438624,2.798607260868201e-05,1,1,1,1,2
1492,3,14:24:39,4,0.0007818608287726,81920.0,0.0003909304143863,0.0,3.1350244652702715e-05,-0.0007818608287724,3.0725859584200106e-05,-0.0015637216575449,2.95107563210466e-05,-0.0023455824863173,4.3321914111476096e-05,-0.0031274433150898,4.587653328080981e-05,0.0007818608287726,9.916829227134813e-06,0.001563721657545,3.157720581953059e-05,0.0023455824863174,6.319310919521257e-05,0.00312744331509,5.885569361398452e-05,0.0039093041438624,2.798607260868201e-05,1,1,1,2,2
1493,3,14:24:42,4,0.0,127928.0,0.0003909304143863,0.0,2.9957132631252834e-05,-0.0007818608287724,3.091934736495704e-05,-0.0015637216575449,2.95107563210466e-05,-0.0023455824863173,4.3128426330719166e-05,-0.0031274433150898,4.587653328080981e-05,0.0007818608287726,1.1735614366249931e-05,0.001563721657545,3.157720581953059e-05,0.0023455824863174,6.319310919521257e-05,0.00312744331509,5.885569361398452e-05,0.0039093041438624,2.798607260868201e-05,1,1,1,2,2
1494,3,14:24:45,4,0.0007818608287726,64000.0,0.0003909304143863,0.0,2.9957132631252834e-05,-0.0007818608287724,3.091934736495704e-05,-0.0015637216575449,2.95107563210466e-05,-0.0023455824863173,4.3128426330719166e-05,-0.0031274433150898,4.587653328080981e-05,0.0007818608287726,1.1987148481233938e-05,0.001563721657545,3.157720581953059e-05,0.0023455824863174,6.319310919521257e-05,0.00312744331509,5.885569361398452e-05,0.0039093041438624,2.798607260868201e-05,1,1,1,2,2
1495,3,14:24:48,4,0.0007818608287726,72950.0,0.0003909304143863,0.0,2.9763644850495907e-05,-0.0007818608287724,3.0706510806124416e-05,-0.0015637216575449,2.95107563210466e-05,-0.0023455824863173,4.3128426330719166e-05,-0.0031274433150898,4.587653328080981e-05,0.0007818608287726,1.2258031374293636e-05,0.001563721657545,3.157720581953059e-05,0.0023455824863174,6.319310919521257e-05,0.00312744331509,5.885569361398452e-05,0.0039093041438624,2.798607260868201e-05,1,1,1,2,2
1496,3,14:24:51,4,0.0007818608287726,32000.0,0.0003909304143863,0.0,2.9957132631252834e-05,-0.0007818608287724,3.0706510806124416e-05,-0.0015637216575449,2.95107563210466e-05,-0.0023455824863173,4.3128426330719166e-05,-0.0031274433150898,4.587653328080981e-05,0.0007818608287726,1.66308552194002e-05,0.001563721657545,3.177069360028752e-05,0.0023455824863174,6.319310919521257e-05,0.00312744331509,5.83526253840165e-05,0.0039093041438624,2.798607260868201e-05,1,1,1,2,2
1497,3,14:24:54,4,0.0007818608287726,161208.0,0.0003909304143863,0.0,2.877685716863557e-05,-0.0007818608287724,3.109348636763827e-05,-0.0015637216575449,2.949140754297091e-05,-0.0023455824863173,4.318647266494625e-05,-0.0031274433150898,4.587653328080981e-05,0.0007818608287726,1.937838170614857e-05,0.001563721657545,3.177069360028752e-05,0.0023455824863174,6.319310919521257e-05,0.00312744331509,5.83526253840165e-05,0.0039093041438624,2.798607260868201e-05,1,1,1,2,2
1498,3,14:24:57,4,0.0007818608287726,254711.0,0.0003909304143863,0.0,2.838988160712172e-05,-0.0007818608287724,3.089999858688134e-05,-0.0015637216575449,2.949140754297091e-05,-0.0023455824863173,4.318647266494625e-05,-0.0031274433150898,4.587653328080981e-05,0.0007818608287726,1.6185833323659265e-05,0.001563721657545,2.751396242363511e-05,0.0023455824863174,6.319310919521257e-05,0.00312744331509,5.83526253840165e-05,0.0039093041438624,2.798607260868201e-05,1,1,1,2,2
1499,3,14:25:00,4,0.0,12794.0,0.0003909304143863,0.0,2.92412278424522e-05,-0.0007818608287724,3.089999858688134e-05,-0.0015637216575449,2.949140754297091e-05,-0.0023455824863173,4.163857041889082e-05,-0.0031274433150898,4.626350884232367e-05,0.0007818608287726,2.291920809400035e-05,0.001563721657545,2.7320474642878186e-05,0.0023455824863174,6.319310919521257e-05,0.00312744331509,5.796564982250265e-05,0.0039093041438624,2.798607260868201e-05,1,1,1,2,2
1500,3,14:25:03,4,0.0007818608287726,38400.0,0.0003909304143863,0.0,2.9976481409328528e-05,-0.0007818608287724,3.089999858688134e-05,-0.0015637216575449,2.949140754297091e-05,-0.0023455824863173,4.163857041889082e-05,-0.0031274433150898,4.626350884232367e-05,0.0007818608287726,2.3093347096681584e-05,0.001563721657545,2.7320474642878186e-05,0.0023455824863174,6.319310919521257e-05,0.00312744331509,5.796564982250265e-05,0.0039093041438624,2.798607260868201e-05,1,1,1,2,2
1501,3,14:25:06,4,0.0007818608287726,57600.0,0.0003909304143863,0.0,2.9879737518950066e-05,-0.0007818608287724,3.109348636763827e-05,-0.0015637216575449,2.949140754297091e-05,-0.0023455824863173,4.163857041889082e-05,-0.0031274433150898,4.626350884232367e-05,0.0007818608287726,2.58253945609694e-05,0.001563721657545,2.730112586480249e-05,0.0023455824863174,6.319310919521257e-05,0.00312744331509,5.796564982250265e-05,0.0039093041438624,2.798607260868201e-05,1,1,1,2,2
1502,3,14:25:09,4,0.0,26865.0,0.0003909304143863,0.0,2.9589505847814676e-05,-0.0007818608287724,3.037758157883764e-05,-0.0015637216575449,2.949140754297091e-05,-0.0023455824863173,4.163857041889082e-05,-0.0031274433150898,4.601197472733966e-05,0.0007818608287726,2.570930189251525e-05,0.001563721657545,2.730112586480249e-05,0.0023455824863174,6.419924565514858e-05,0.00312744331509,5.796564982250265e-05,0.0039093041438624,2.798607260868201e-05,1,1,1,2,2
1503,3,14:25:12,4,0.0007818608287726,12795.0,0.0003909304143863,0.0,2.974429607242021e-05,-0.0007818608287724,3.057106935959457e-05,-0.0015637216575449,2.949140754297091e-05,-0.0023455824863173,4.163857041889082e-05,-0.0031274433150898,4.632155517655075e-05,0.0007818608287726,2.570930189251525e-05,0.001563721657545,2.730112586480249e-05,0.0023455824863174,6.447012854820829e-05,0.00312744331509,5.796564982250265e-05,0.0039093041438624,2.798607260868201e-05,1,1,1,2,2
1504,3,14:25:15,4,0.0,350451.0,0.0003909304143863,0.0,2.6880676917217683e-05,-0.0007818608287724,3.0609766915745954e-05,-0.0015637216575449,2.949140754297091e-05,-0.0023455824863173,4.163857041889082e-05,-0.0031274433150898,4.632155517655075e-05,0.0007818608287726,2.58253945609694e-05,0.001563721657545,2.7862240428997575e-05,0.0023455824863174,6.456687243858675e-05,0.00312744331509,5.796564982250265e-05,0.0039093041438624,2.798607260868201e-05,1,1,1,2,2
1505,3,14:25:18,4,0.0007818608287726,33278.0,0.0003909304143863,0.0,2.7848115821002323e-05,-0.0007818608287724,3.064846447189733e-05,-0.0015637216575449,2.949140754297091e-05,-0.0023455824863173,4.163857041889082e-05,-0.0031274433150898,4.632155517655075e-05,0.0007818608287726,2.727655291664636e-05,0.001563721657545,2.882967933278221e-05,0.0023455824863174,6.417989687707289e-05,0.00312744331509,5.6746676803734e-05,0.0039093041438624,2.798607260868201e-05,1,1,1,2,2
1506,3,14:25:21,4,0.0007818608287726,53750.0,0.0003909304143863,0.0,2.76546280402454e-05,-0.0007818608287724,3.0841952252654264e-05,-0.0015637216575449,2.949140754297091e-05,-0.0023455824863173,4.163857041889082e-05,-0.0031274433150898,4.632155517655075e-05,0.0007818608287726,2.708306513588943e-05,0.001563721657545,2.882967933278221e-05,0.0023455824863174,6.427664076745135e-05,0.00312744331509,5.6746676803734e-05,0.0039093041438624,2.798607260868201e-05,1,1,1,2,2
1507,3,14:25:24,4,0.0007818608287726,181760.0,0.0003909304143863,0.0,2.7732023152548165e-05,-0.0007818608287724,3.1054788811486884e-05,-0.0015637216575449,2.949140754297091e-05,-0.0023455824863173,4.163857041889082e-05,-0.0031274433150898,4.632155517655075e-05,0.0007818608287726,2.536102388715277e-05,0.001563721657545,2.882967933278221e-05,0.0023455824863174,6.427664076745135e-05,0.00312744331509,5.6746676803734e-05,0.0039093041438624,2.798607260868201e-05,1,1,1,2,2
1508,3,14:25:27,4,0.0,119030.0,0.0003909304143863,0.0,2.8370532829046023e-05,-0.0007818608287724,3.1054788811486884e-05,-0.0015637216575449,2.949140754297091e-05,-0.0023455824863173,4.163857041889082e-05,-0.0031274433150898,4.601197472733966e-05,0.0007818608287726,2.387116797532443e-05,0.001563721657545,2.9216654894296076e-05,0.0023455824863174,6.427664076745135e-05,0.00312744331509,5.6746676803734e-05,0.0039093041438624,2.798607260868201e-05,1,1,1,2,2
1509,3,14:25:30,4,0.0007818608287726,113883.0,0.0003909304143863,0.0,2.9550808291663287e-05,-0.0007818608287724,3.1054788811486884e-05,-0.0015637216575449,2.949140754297091e-05,-0.0023455824863173,4.163857041889082e-05,-0.0031274433150898,4.601197472733966e-05,0.0007818608287726,2.4529026429897986e-05,0.001563721657545,2.9216654894296076e-05,0.0023455824863174,6.427664076745135e-05,0.00312744331509,5.6746676803734e-05,0.0039093041438624,2.798607260868201e-05,1,1,1,2,2
1510,3,14:25:33,4,0.0007818608287726,162509.0,0.0003909304143863,0.0,2.7364396369110003e-05,-0.0007818608287724,3.1054788811486884e-05,-0.0015637216575449,2.949140754297091e-05,-0.0023455824863173,4.163857041889082e-05,-0.0031274433150898,4.601197472733966e-05,0.0007818608287726,2.8534223491566387e-05,0.001563721657545,2.9216654894296076e-05,0.0023455824863174,6.427664076745135e-05,0.00312744331509,5.664993291335554e-05,0.0039093041438624,2.8140862833287557e-05,1,1,1,2,2
1511,3,14:25:36,4,0.0007818608287726,130557.0,0.0003909304143863,0.0,2.749983781563985e-05,-0.0007818608287724,3.1054788811486884e-05,-0.0015637216575449,2.9394663652592445e-05,-0.0023455824863173,4.163857041889082e-05,-0.0031274433150898,4.601197472733966e-05,0.0007818608287726,3.070128663604398e-05,0.001563721657545,2.9216654894296076e-05,0.0023455824863174,6.427664076745135e-05,0.00312744331509,5.661123535720416e-05,0.0039093041438624,2.8140862833287557e-05,1,1,1,2,2
1512,3,14:25:39,4,0.0,21750.0,0.0003909304143863,0.0,2.7944859711380785e-05,-0.0007818608287724,3.1054788811486884e-05,-0.0015637216575449,2.9394663652592445e-05,-0.0023455824863173,4.163857041889082e-05,-0.0031274433150898,4.601197472733966e-05,0.0007818608287726,3.0739984192195364e-05,0.001563721657545,2.9216654894296076e-05,0.0023455824863174,6.427664076745135e-05,0.00312744331509,5.661123535720416e-05,0.0039093041438624,2.8140862833287557e-05,1,2,2,2,2
1513,3,14:25:42,4,0.0,26860.0,0.0003909304143863,0.0,2.755788414986693e-05,-0.0007818608287724,3.1054788811486884e-05,-0.0015637216575449,2.9394663652592445e-05,-0.0023455824863173,4.163857041889082e-05,-0.0031274433150898,4.661178684768613e-05,0.0007818608287726,3.089477441680091e-05,0.001563721657545,3.043562791306472e-05,0.0023455824863174,6.427664076745135e-05,0.00312744331509,5.661123535720416e-05,0.0039093041438624,2.8140862833287557e-05,1,2,2,2,2
1514,3,14:25:45,4,0.0,76777.0,0.0003909304143863,0.0,2.974429607242021e-05,-0.0007818608287724,3.1054788811486884e-05,-0.0015637216575449,2.9394663652592445e-05,-0.0023455824863173,4.163857041889082e-05,-0.0031274433150898,4.661178684768613e-05,0.0007818608287726,3.035300863068151e-05,0.001563721657545,3.1054788811486884e-05,0.0023455824863174,6.425729198937566e-05,0.00312744331509,5.661123535720416e-05,0.0039093041438624,2.8140862833287557e-05,1,2,2,2,2
1515,3,14:25:48,4,0.0007818608287726,102400.0,0.0003909304143863,0.0,2.9821691184722983e-05,-0.0007818608287724,3.119023025801673e-05,-0.0015637216575449,2.97816392141063e-05,-0.0023455824863173,4.163857041889082e-05,-0.0031274433150898,4.661178684768613e-05,0.0007818608287726,2.909533805576148e-05,0.001563721657545,3.1054788811486884e-05,0.0023455824863174,6.425729198937566e-05,0.00312744331509,5.661123535720416e-05,0.0039093041438624,2.8140862833287557e-05,1,2,2,2,2
1516,3,14:25:51,4,0.0007818608287726,1296640.0,0.0003909304143863,0.0,2.984103996279868e-05,-0.0007818608287724,3.119023025801673e-05,-0.0015637216575449,2.97816392141063e-05,-0.0023455824863173,4.163857041889082e-05,-0.0031274433150898,4.661178684768613e-05,0.0007818608287726,1.1062276889215823e-05,0.001563721657545,3.111283514571396e-05,0.0023455824863174,6.435403587975412e-05,0.00312744331509,5.661123535720416e-05,0.0039093041438624,2.8140862833287557e-05,1,2,2,2,2
1517,3,14:25:54,4,0.0007818608287726,115140.0,0.0003909304143863,0.0,2.8680113278257112e-05,-0.0007818608287724,3.273813250407215e-05,-0.0015637216575449,2.97816392141063e-05,-0.0023455824863173,2.306374346622577e-05,-0.0031274433150898,4.661178684768613e-05,0.0007818608287726,1.0675301327701969e-05,0.001563721657545,3.111283514571396e-05,0.0023455824863174,6.435403587975412e-05,0.00312744331509,5.661123535720416e-05,0.0039093041438624,2.8140862833287557e-05,2,2,2,2,2
1518,3,14:25:57,4,0.0007818608287726,61430.0,0.0003909304143863,0.0,3.576176605396066e-05,-0.0007818608287724,3.304771295328324e-05,-0.0015637216575449,2.97816392141063e-05,-0.0023455824863173,2.306374346622577e-05,-0.0031274433150898,4.661178684768613e-05,0.0007818608287726,1.3093898587163564e-05,0.001563721657545,3.111283514571396e-05,0.0023455824863174,6.141302161224883e-05,0.00312744331509,5.661123535720416e-05,0.0039093041438624,2.77538872717737e-05,2,2,2,2,2
1519,3,14:26:00,4,0.0007818608287726,924160.0,0.0003909304143863,0.0,3.769664386152994e-05,-0.0007818608287724,3.310575928751032e-05,-0.0015637216575449,2.97816392141063e-05,-0.0023455824863173,2.2870255685468847e-05,-0.0031274433150898,4.661178684768613e-05,0.0007818608287726,8.8481962140143e-07,0.001563721657545,3.111283514571396e-05,0.0023455824863174,5.4099183499636965e-05,0.00312744331509,5.661123535720416e-05,0.0039093041438624,2.77538872717737e-05,2,2,2,2,2
1520,3,14:26:03,4,0.0007818608287726,128000.0,0.0003909304143863,0.0,3.769664386152994e-05,-0.0007818608287724,3.310575928751032e-05,-0.0015637216575449,2.983968554833338e-05,-0.0023455824863173,2.2870255685468847e-05,-0.0031274433150898,4.661178684768613e-05,0.0007818608287726,3.5936485519984166e-06,0.001563721657545,3.111283514571396e-05,0.0023455824863174,5.42733225023182e-05,0.00312744331509,5.661123535720416e-05,0.0039093041438624,2.77538872717737e-05,2,2,2,2,2
1521,3,14:26:06,4,0.0,307185.0,0.0003909304143863,0.0,3.740641219039455e-05,-0.0007818608287724,3.306706173135893e-05,-0.0015637216575449,2.9588151433349373e-05,-0.0023455824863173,2.2870255685468847e-05,-0.0031274433150898,4.661178684768613e-05,0.0007818608287726,1.1557025144611288e-06,0.001563721657545,3.188678626874167e-05,0.0023455824863174,5.42733225023182e-05,0.00312744331509,5.661123535720416e-05,0.0039093041438624,2.77538872717737e-05,2,2,2,2,2
1522,3,14:26:09,4,0.0007818608287726,89254.0,0.0011727912431587,0.0007818608287726,2.423821429542033e-06,0.0,3.456214181326771e-05,-0.0007818608287724,3.1499810707227815e-05,-0.0015637216575449,2.9588151433349373e-05,-0.0023455824863173,2.2870255685468847e-05,0.001563721657545,3.188678626874167e-05,0.0023455824863174,5.42733225023182e-05,0.00312744331509,5.651449146682569e-05,0.0039093041438624,2.77538872717737e-05,0.0046911649726348,5.6028063186002776e-05,1,2,1,2,1
1523,3,14:26:12,4,0.001563721657545,70434.0,0.0011727912431587,0.0007818608287726,5.229394250517483e-06,0.0,4.032807767982415e-05,-0.0007818608287724,3.1499810707227815e-05,-0.0015637216575449,2.970424410180353e-05,-0.0023455824863173,2.2870255685468847e-05,0.001563721657545,3.471170786779282e-05,0.0023455824863174,5.433136883654528e-05,0.00312744331509,5.595337690263061e-05,0.0039093041438624,2.77538872717737e-05,0.0046911649726348,5.6028063186002776e-05,1,2,1,2,1
1524,3,14:26:15,4,0.0007818608287726,15360.0,0.0011727912431587,0.0007818608287726,1.4362017502244466e-05,0.0,4.01100169509111e-05,-0.0007818608287724,3.179004237836321e-05,-0.0015637216575449,2.970424410180353e-05,-0.0023455824863173,2.2870255685468847e-05,0.001563721657545,3.4402127418581735e-05,0.0023455824863174,5.6072758863357625e-05,0.00312744331509,5.595337690263061e-05,0.0039093041438624,2.77538872717737e-05,0.0046911649726348,5.6028063186002776e-05,1,2,1,2,1
1525,3,14:26:18,4,0.0007818608287726,102410.0,0.0011727912431587,0.0007818608287726,2.0011860700346757e-05,0.0,3.335729340249432e-05,-0.0007818608287724,3.167394970990905e-05,-0.0015637216575449,2.970424410180353e-05,-0.0023455824863173,2.2870255685468847e-05,0.001563721657545,3.4208639637824805e-05,0.0023455824863174,5.622754908796317e-05,0.00312744331509,5.595337690263061e-05,0.0039093041438624,2.77538872717737e-05,0.0046911649726348,5.6028063186002776e-05,1,2,1,2,1
1526,3,14:26:21,4,0.001563721657545,766018.0,0.0011727912431587,0.0007818608287726,2.3107665192457595e-05,0.0,3.335729340249432e-05,-0.0007818608287724,3.167394970990905e-05,-0.0015637216575449,4.841451250099843e-05,-0.0023455824863173,2.2870255685468847e-05,0.001563721657545,2.3237882468907008e-05,0.0023455824863174,5.622754908796317e-05,0.00312744331509,5.595337690263061e-05,0.0039093041438624,2.77538872717737e-05,0.0046911649726348,5.6028063186002776e-05,1,2,1,2,1
1527,3,14:26:24,4,0.0007818608287726,89665.0,0.0011727912431587,0.0007818608287726,2.355268708819853e-05,0.0,3.533086876621498e-05,-0.0007818608287724,3.167394970990905e-05,-0.0015637216575449,5.228426811613698e-05,-0.0023455824863173,2.2870255685468847e-05,0.001563721657545,2.641108207332062e-05,0.0023455824863174,5.340262748891203e-05,0.00312744331509,5.595337690263061e-05,0.0039093041438624,2.77538872717737e-05,0.0046911649726348,5.6028063186002776e-05,2,2,1,2,1
1528,3,14:26:27,4,0.0007818608287726,64000.0,0.0011727912431587,0.0007818608287726,1.7341729325901154e-05,0.0,3.533086876621498e-05,-0.0007818608287724,3.167394970990905e-05,-0.0015637216575449,5.247775589689391e-05,-0.0023455824863173,2.2870255685468847e-05,0.001563721657545,2.5791921174898453e-05,0.0023455824863174,5.340262748891203e-05,0.00312744331509,5.614686468338753e-05,0.0039093041438624,2.77538872717737e-05,0.0046911649726348,5.6028063186002776e-05,2,2,1,2,1
1529,3,14:26:30,4,0.001563721657545,108885.0,0.0011727912431587,0.0007818608287726,1.7844797555869164e-05,0.0,3.2235064274104145e-05,-0.0007818608287724,3.167394970990905e-05,-0.0015637216575449,5.247775589689391e-05,-0.0023455824863173,2.306374346622577e-05,0.001563721657545,2.4340762819221496e-05,0.0023455824863174,5.53375052964813e-05,0.00312744331509,5.614686468338753e-05,0.0039093041438624,2.77538872717737e-05,0.0046911649726348,5.6028063186002776e-05,2,2,2,2,1
1530,3,14:26:33,4,0.0007818608287726,32020.0,0.0011727912431587,0.0007818608287726,1.6311019917809e-05,0.0,2.625629184871508e-05,-0.0007818608287724,3.167394970990905e-05,-0.0015637216575449,5.247775589689391e-05,-0.0023455824863173,2.306374346622577e-05,0.001563721657545,2.5888665065276915e-05,0.0023455824863174,5.466029806383205e-05,0.00312744331509,5.614686468338753e-05,0.0039093041438624,2.77538872717737e-05,0.0046911649726348,5.6028063186002776e-05,2,2,2,2,1
1531,3,14:26:36,4,0.001563721657545,129381.0,0.0011727912431587,0.0007818608287726,2.445685548767565e-05,0.0,2.625629184871508e-05,-0.0007818608287724,3.1480461929152125e-05,-0.0015637216575449,5.247775589689391e-05,-0.0023455824863173,2.306374346622577e-05,0.001563721657545,2.395378725770764e-05,0.0023455824863174,5.119686678828305e-05,0.00312744331509,5.614686468338753e-05,0.0039093041438624,2.77538872717737e-05,0.0046911649726348,5.593131929562432e-05,2,2,2,2,1
1532,3,14:26:39,4,0.001563721657545,1649928.0,0.0019546520719313,0.001563721657545,1.3815027546044632e-05,0.0007818608287726,2.78041940947705e-05,0.0,2.625629184871508e-05,-0.0007818608287724,3.064846447189733e-05,-0.0015637216575449,5.247775589689391e-05,0.0023455824863174,5.119686678828305e-05,0.00312744331509,5.614686468338753e-05,0.0039093041438624,2.77538872717737e-05,0.0046911649726348,5.670527041865202e-05,0.0054730258014072,2.8462052549344053e-05,1,1,1,1,1
1533,3,14:26:42,4,0.001563721657545,71766.0,0.0019546520719313,0.001563721657545,1.331195931607662e-05,0.0007818608287726,2.9584281677734235e-05,0.0,2.625629184871508e-05,-0.0007818608287724,3.0164745020005017e-05,-0.0015637216575449,5.247775589689391e-05,0.0023455824863174,5.065510100216365e-05,0.00312744331509,5.614686468338753e-05,0.0039093041438624,2.77538872717737e-05,0.0046911649726348,5.670527041865202e-05,0.0054730258014072,2.8462052549344053e-05,1,1,1,1,1
1534,3,14:26:45,4,0.001563721657545,334341.0,0.0019546520719313,0.001563721657545,1.3099122757244e-05,0.0007818608287726,2.9584281677734235e-05,0.0,2.21930484528196e-05,-0.0007818608287724,3.0358232800761944e-05,-0.0015637216575449,5.247775589689391e-05,0.0023455824863174,4.9765057210681785e-05,0.00312744331509,5.614686468338753e-05,0.0039093041438624,2.77538872717737e-05,0.0046911649726348,5.674396797480341e-05,0.0054730258014072,2.8462052549344053e-05,1,1,1,1,1
1535,3,14:26:48,4,0.0023455824863174,116601.0,0.0019546520719313,0.001563721657545,1.7742829495410264e-05,0.0007818608287726,2.9506886565431466e-05,0.0,2.3199184912755625e-05,-0.0007818608287724,3.0203442576156403e-05,-0.0015637216575449,5.247775589689391e-05,0.0023455824863174,4.9184593868411006e-05,0.00312744331509,5.672732802565831e-05,0.0039093041438624,2.77538872717737e-05,0.0046911649726348,5.674396797480341e-05,0.0054730258014072,2.8462052549344053e-05,1,1,1,1,1
1536,3,14:26:51,4,0.001563721657545,139729.0,0.0019546520719313,0.001563721657545,1.81878513911512e-05,0.0007818608287726,2.9506886565431466e-05,0.0,2.3199184912755625e-05,-0.0007818608287724,3.0203442576156403e-05,-0.0015637216575449,5.247775589689391e-05,0.0023455824863174,4.73077623950688e-05,0.00312744331509,5.6824071916036775e-05,0.0039093041438624,2.77538872717737e-05,0.0046911649726348,5.674396797480341e-05,0.0054730258014072,2.8462052549344053e-05,1,1,1,1,1
1537,3,14:26:54,4,0.0023455824863174,32045.0,0.0019546520719313,0.001563721657545,3.9103880490975074e-05,0.0007818608287726,2.2734814238938995e-05,0.0,2.2541326458182068e-05,-0.0007818608287724,3.1267625370319505e-05,-0.0015637216575449,5.247775589689391e-05,0.0023455824863174,4.835259641115621e-05,0.00312744331509,5.6824071916036775e-05,0.0039093041438624,2.77538872717737e-05,0.0046911649726348,5.674396797480341e-05,0.0054730258014072,2.8462052549344053e-05,1,1,1,1,1
1538,3,14:26:57,4,0.0023455824863174,90989.0,0.0019546520719313,0.001563721657545,4.8758920750745765e-05,0.0007818608287726,2.267676790471192e-05,0.0,2.141909732979189e-05,-0.0007818608287724,2.826856476858713e-05,-0.0015637216575449,5.247775589689391e-05,0.0023455824863174,4.740450628544727e-05,0.00312744331509,5.6824071916036775e-05,0.0039093041438624,2.77538872717737e-05,0.0046911649726348,5.674396797480341e-05,0.0054730258014072,2.8462052549344053e-05,1,1,1,1,1
1539,3,14:27:00,4,0.001563721657545,37172.0,0.0019546520719313,0.001563721657545,4.883631586304853e-05,0.0007818608287726,2.267676790471192e-05,0.0,2.122560954903496e-05,-0.0007818608287724,2.826856476858713e-05,-0.0015637216575449,4.996241474705385e-05,0.0023455824863174,4.684339172125218e-05,0.00312744331509,5.6824071916036775e-05,0.0039093041438624,2.77538872717737e-05,0.0046911649726348,5.674396797480341e-05,0.0054730258014072,2.8462052549344053e-05,1,2,1,1,1
1540,3,14:27:03,4,0.0023455824863174,76920.0,0.0019546520719313,0.001563721657545,4.883631586304853e-05,0.0007818608287726,2.403118237001041e-05,0.0,2.122560954903496e-05,-0.0007818608287724,2.826856476858713e-05,-0.0015637216575449,4.996241474705385e-05,0.0023455824863174,4.421195790295797e-05,0.00312744331509,5.9977922742374695e-05,0.0039093041438624,2.785063116215216e-05,0.0046911649726348,5.674396797480341e-05,0.0054730258014072,2.290895324162023e-05,1,2,1,1,1
1541,3,14:27:06,4,0.0023455824863174,339730.0,0.0019546520719313,0.001563721657545,5.098403022945043e-05,0.0007818608287726,2.478578471496243e-05,0.0,2.1109516880580804e-05,-0.0007818608287724,2.8462052549344053e-05,-0.0015637216575449,4.996241474705385e-05,0.0023455824863174,3.316380562173739e-05,0.00312744331509,6.392507346981601e-05,0.0039093041438624,2.785063116215216e-05,0.0046911649726348,5.6356992413289554e-05,0.0054730258014072,2.290895324162023e-05,1,2,1,1,1
1542,3,14:27:09,4,0.0023455824863174,326898.0,0.0019546520719313,0.001563721657545,5.251258369743016e-05,0.0007818608287726,1.3911771436423096e-05,0.0,1.880701228957337e-05,-0.0007818608287724,2.6914150303288635e-05,-0.0015637216575449,4.914976606787476e-05,0.0023455824863174,2.7204381974424024e-05,0.00312744331509,6.392507346981601e-05,0.0039093041438624,2.785063116215216e-05,0.0046911649726348,5.666657286250064e-05,0.0054730258014072,2.290895324162023e-05,1,2,1,1,1
1543,3,14:27:12,4,0.0023455824863174,82048.0,0.0019546520719313,0.001563721657545,4.883631586304853e-05,0.0007818608287726,1.3911771436423096e-05,0.0,1.8729617177270597e-05,-0.0007818608287724,2.6914150303288635e-05,-0.0015637216575449,4.914976606787476e-05,0.0023455824863174,1.2131683853459362e-05,0.00312744331509,6.74465510795921e-05,0.0039093041438624,2.785063116215216e-05,0.0046911649726348,5.687940942133326e-05,0.0054730258014072,2.290895324162023e-05,1,2,1,1,1
1544,3,14:27:15,4,0.0023455824863174,89710.0,0.0019546520719313,0.001563721657545,4.825585252077775e-05,0.0007818608287726,1.3718283655666169e-05,0.0,1.8729617177270597e-05,-0.0007818608287724,2.6914150303288635e-05,-0.0015637216575449,4.914976606787476e-05,0.0023455824863174,1.17640570700212e-05,0.00312744331509,6.74465510795921e-05,0.0039093041438624,2.769584093754662e-05,0.0046911649726348,5.687940942133326e-05,0.0054730258014072,2.290895324162023e-05,2,1,1,1,1
1545,3,14:27:18,4,0.0023455824863174,249990.0,0.0019546520719313,0.001563721657545,4.483111880138013e-05,0.0007818608287726,1.0622479163555326e-05,0.0,1.8729617177270597e-05,-0.0007818608287724,2.2483280123954992e-05,-0.0015637216575449,4.953674162938861e-05,0.0023455824863174,7.99104534526111e-06,0.00312744331509,6.74465510795921e-05,0.0039093041438624,2.769584093754662e-05,0.0046911649726348,5.759531421013389e-05,0.0054730258014072,2.290895324162023e-05,2,2,1,1,1
1546,3,14:27:21,4,0.0023455824863174,85861.0,0.0019546520719313,0.001563721657545,4.158052408466375e-05,0.0007818608287726,1.1589918067339964e-05,0.0,1.7762178273485957e-05,-0.0007818608287724,2.2483280123954992e-05,-0.0015637216575449,4.953674162938861e-05,0.0023455824863174,8.378020906774967e-06,0.00312744331509,6.734980718921364e-05,0.0039093041438624,2.769584093754662e-05,0.0046911649726348,5.759531421013389e-05,0.0054730258014072,2.290895324162023e-05,2,2,1,1,1
1547,3,14:27:24,4,0.0023455824863174,593554.0,0.0019546520719313,0.001563721657545,4.531483825327245e-05,0.0007818608287726,1.120294250582611e-05,0.0,1.7762178273485957e-05,-0.0007818608287724,2.2483280123954992e-05,-0.0015637216575449,4.953674162938861e-05,0.0023455824863174,5.224170080437046e-07,0.00312744331509,6.734980718921364e-05,0.0039093041438624,2.769584093754662e-05,0.0046911649726348,5.759531421013389e-05,0.0054730258014072,2.2947650797771612e-05,2,2,1,1,1
1548,3,14:27:27,4,0.001563721657545,108929.0,0.0019546520719313,0.001563721657545,4.448284079601766e-05,0.0007818608287726,1.1589918067339964e-05,0.0,1.7762178273485957e-05,-0.0007818608287724,2.244458256780361e-05,-0.0015637216575449,4.953674162938861e-05,0.0023455824863174,3.2892922728677695e-07,0.00312744331509,6.359614424252925e-05,0.0039093041438624,3.0946435654263e-05,0.0046911649726348,5.773075565666374e-05,0.0054730258014072,2.2947650797771612e-05,2,2,1,1,1
1549,3,14:27:30,4,0.0023455824863174,21794.0,0.0027365129007037,0.0023455824863174,5.030682299680119e-07,0.001563721657545,4.516004802866691e-05,0.0007818608287726,1.1319035174280268e-05,0.0,1.7762178273485957e-05,-0.0007818608287724,2.225109478704668e-05,0.00312744331509,6.359614424252925e-05,0.0039093041438624,3.3906798699844e-05,0.0046911649726348,5.773075565666374e-05,0.0054730258014072,2.2947650797771612e-05,0.0062548866301799,3.147659217353699e-05,0,1,1,1,1
1550,3,14:27:33,4,0.0023455824863174,403830.0,0.0027365129007037,0.0023455824863174,1.4511583556769572e-06,0.001563721657545,4.111615341084712e-05,0.0007818608287726,1.5749905353613907e-05,0.0,1.7762178273485957e-05,-0.0007818608287724,2.225109478704668e-05,0.00312744331509,6.359614424252925e-05,0.0039093041438624,3.3906798699844e-05,0.0046911649726348,5.763401176628528e-05,0.0054730258014072,2.3141138578528543e-05,0.0062548866301799,3.147659217353699e-05,1,1,1,1,1
1551,3,14:27:36,4,0.0023455824863174,237168.0,0.0027365129007037,0.0023455824863174,5.998121203464756e-07,0.001563721657545,2.5695177284519988e-05,0.0007818608287726,1.609818335897638e-05,0.0,1.894245373610321e-05,-0.0007818608287724,2.225109478704668e-05,0.00312744331509,6.359614424252925e-05,0.0039093041438624,3.4584005932493245e-05,0.0046911649726348,5.763401176628528e-05,0.0054730258014072,2.3141138578528543e-05,0.0062548866301799,3.147659217353699e-05,1,1,1,1,1
1552,3,14:27:39,4,0.0023455824863174,57690.0,0.0027365129007037,0.0023455824863174,5.862679756934907e-06,0.001563721657545,2.2173699674743903e-05,0.0007818608287726,1.5285534679797284e-05,0.0,1.8748965955346286e-05,-0.0007818608287724,2.225109478704668e-05,0.00312744331509,6.50473025982062e-05,0.0039093041438624,3.489358638170433e-05,0.0046911649726348,5.763401176628528e-05,0.0054730258014072,2.3141138578528543e-05,0.0062548866301799,3.147659217353699e-05,1,1,1,1,1
1553,3,14:27:42,4,0.00312744331509,162826.0,0.0027365129007037,0.0023455824863174,3.656919056305932e-06,0.001563721657545,1.8787663511497676e-05,0.0007818608287726,1.5285534679797284e-05,0.0,1.8748965955346286e-05,-0.0007818608287724,2.225109478704668e-05,0.00312744331509,6.495055870782773e-05,0.0039093041438624,3.450661082019047e-05,0.0046911649726348,5.763401176628528e-05,0.0054730258014072,2.3141138578528543e-05,0.0062548866301799,3.147659217353699e-05,1,1,1,1,1
1554,3,14:27:45,4,0.0023455824863174,257687.0,0.0019546520719313,0.001563721657545,1.8787663511497676e-05,0.0007818608287726,1.491790789635912e-05,0.0,1.8748965955346286e-05,-0.0007818608287724,2.225109478704668e-05,-0.0015637216575449,4.7118144369927016e-05,0.0023455824863174,1.352479587490924e-05,0.00312744331509,6.481511726129789e-05,0.0039093041438624,3.450661082019047e-05,0.0046911649726348,5.763401176628528e-05,0.0054730258014072,2.3141138578528543e-05,2,2,1,1,1
1555,3,14:27:48,4,0.00312744331509,1295131.0,0.0027365129007037,0.0023455824863174,2.3566811696193784e-05,0.001563721657545,1.89811512922546e-05,0.0007818608287726,1.4995303008661891e-05,0.0,1.8748965955346286e-05,-0.0007818608287724,2.225109478704668e-05,0.00312744331509,5.854611316477344e-05,0.0039093041438624,3.450661082019047e-05,0.0046911649726348,5.763401176628528e-05,0.0054730258014072,2.3141138578528543e-05,0.0062548866301799,3.147659217353699e-05,1,1,1,1,1
1556,3,14:27:51,4,0.0023455824863174,60259.0,0.0027365129007037,0.0023455824863174,2.2754163017014688e-05,0.001563721657545,1.9639009746828158e-05,0.0007818608287726,1.5962741912446528e-05,0.0,2.184477044745713e-05,-0.0007818608287724,2.225109478704668e-05,0.00312744331509,3.908124242062652e-05,0.0039093041438624,3.450661082019047e-05,0.0046911649726348,5.763401176628528e-05,0.0054730258014072,2.3141138578528543e-05,0.0062548866301799,3.147659217353699e-05,1,1,1,1,1
1557,3,14:27:54,4,0.00312744331509,438744.0,0.0027365129007037,0.0023455824863174,2.3237882468907008e-05,0.001563721657545,1.9639009746828158e-05,0.0007818608287726,1.6078834580900686e-05,0.0,2.184477044745713e-05,-0.0007818608287724,2.225109478704668e-05,0.00312744331509,3.2792889546026365e-05,0.0039093041438624,3.450661082019047e-05,0.0046911649726348,5.805968488395052e-05,0.0054730258014072,2.3141138578528543e-05,0.0062548866301799,3.1631382398142525e-05,1,1,1,1,1
1558,3,14:27:57,4,0.0023455824863174,211615.0,0.0027365129007037,0.0023455824863174,2.317983613467993e-05,0.001563721657545,2.016142675487186e-05,0.0007818608287726,1.6078834580900686e-05,0.0,2.1999560672062672e-05,-0.0007818608287724,2.227044356512237e-05,0.00312744331509,3.2018938422998655e-05,0.0039093041438624,3.450661082019047e-05,0.0046911649726348,5.589262173947293e-05,0.0054730258014072,2.3141138578528543e-05,0.0062548866301799,3.1631382398142525e-05,1,1,1,1,1
1559,3,14:28:00,4,0.0023455824863174,208967.0,0.0027365129007037,0.0023455824863174,2.778484531669481e-05,0.001563721657545,2.016142675487186e-05,0.0007818608287726,1.6078834580900686e-05,0.0,2.1999560672062672e-05,-0.0007818608287724,2.227044356512237e-05,0.00312744331509,3.199958964492296e-05,0.0039093041438624,3.450661082019047e-05,0.0046911649726348,5.589262173947293e-05,0.0054730258014072,2.3141138578528543e-05,0.0062548866301799,3.1631382398142525e-05,1,1,1,0,1
1560,3,14:28:03,4,0.00312744331509,38490.0,0.0027365129007037,0.0023455824863174,2.8249215990511436e-05,0.001563721657545,2.016142675487186e-05,0.0007818608287726,1.6078834580900686e-05,0.0,2.205760700628975e-05,-0.0007818608287724,2.2734814238938995e-05,0.00312744331509,3.141912630265218e-05,0.0039093041438624,3.450661082019047e-05,0.0046911649726348,5.6028063186002776e-05,0.0054730258014072,2.3141138578528543e-05,0.0062548866301799,3.1631382398142525e-05,1,1,1,0,1
1561,3,14:28:06,4,0.00312744331509,1590982.0,0.0027365129007037,0.0023455824863174,5.74658708848075e-06,0.001563721657545,2.016142675487186e-05,0.0007818608287726,1.6078834580900686e-05,0.0,2.205760700628975e-05,-0.0007818608287724,2.2734814238938995e-05,0.00312744331509,2.9697085053915524e-05,0.0039093041438624,3.615125695662436e-05,0.0046911649726348,5.6028063186002776e-05,0.0054730258014072,2.3141138578528543e-05,0.0062548866301799,3.1728126288520994e-05,1,1,1,1,1
1562,3,14:28:09,4,0.00312744331509,1149486.0,0.0027365129007037,0.0023455824863174,4.2760799547281006e-06,0.001563721657545,2.016142675487186e-05,0.0007818608287726,1.6078834580900686e-05,0.0,2.393443847963195e-05,-0.0007818608287724,2.2734814238938995e-05,0.00312744331509,1.3269972467652367e-05,0.0039093041438624,3.615125695662436e-05,0.0046911649726348,5.67826655309548e-05,0.0054730258014072,2.3141138578528543e-05,0.0062548866301799,3.1728126288520994e-05,1,1,1,1,1
1563,3,14:28:12,4,0.00312744331509,85957.0,0.0027365129007037,0.0023455824863174,4.8758920750745765e-06,0.001563721657545,2.016142675487186e-05,0.0007818608287726,1.6175578471279148e-05,0.0,2.395378725770764e-05,-0.0007818608287724,2.2734814238938995e-05,0.00312744331509,1.195425555850526e-05,0.0039093041438624,3.582232772933758e-05,0.0046911649726348,5.753726787590681e-05,0.0054730258014072,2.3141138578528543e-05,0.0062548866301799,3.1728126288520994e-05,1,1,1,1,1
1564,3,14:28:15,4,0.0023455824863174,144868.0,0.0027365129007037,0.0023455824863174,4.1019409520468654e-06,0.001563721657545,2.016142675487186e-05,0.0007818608287726,1.6175578471279148e-05,0.0,2.395378725770764e-05,-0.0007818608287724,2.3702253142723635e-05,0.00312744331509,1.1876860446202488e-05,0.0039093041438624,3.562883994858065e-05,0.0046911649726348,5.7769453212815125e-05,0.0054730258014072,2.316048735660424e-05,0.0062548866301799,3.1728126288520994e-05,1,1,1,1,1
1565,3,14:28:18,4,0.00312744331509,110288.0,0.0027365129007037,0.0023455824863174,3.289292272867769e-06,0.001563721657545,1.861352450881644e-05,0.0007818608287726,1.5498371238629904e-05,0.0,2.395378725770764e-05,-0.0007818608287724,2.3779648255026404e-05,0.00312744331509,1.195425555850526e-05,0.0039093041438624,3.54933985020508e-05,0.0046911649726348,5.8098382440101904e-05,0.0054730258014072,2.316048735660424e-05,0.0062548866301799,3.2018357959656387e-05,1,1,1,1,1
1566,3,14:28:21,4,0.00312744331509,647915.0,0.0027365129007037,0.0023455824863174,4.7211018504690345e-06,0.001563721657545,1.8536129396513663e-05,0.0007818608287726,1.569185901938683e-05,0.0,2.395378725770764e-05,-0.0007818608287724,2.3779648255026404e-05,0.00312744331509,1.0174167975541525e-05,0.0039093041438624,3.831832010110194e-05,0.0046911649726348,5.893037989735669e-05,0.0054730258014072,2.316048735660424e-05,0.0062548866301799,3.221184574041331e-05,1,1,1,0,1
1567,3,14:28:24,4,0.00312744331509,88500.0,0.0027365129007037,0.0023455824863174,4.198684842425329e-06,0.001563721657545,1.8536129396513663e-05,0.0007818608287726,1.665929792317147e-05,0.0,2.395378725770764e-05,-0.0007818608287724,2.2986348353923e-05,0.00312744331509,9.613053411346436e-06,0.0039093041438624,3.835701765725333e-05,0.0046911649726348,5.893037989735669e-05,0.0054730258014072,2.316048735660424e-05,0.0062548866301799,3.221184574041331e-05,1,1,1,1,1
1568,3,14:28:27,4,0.00312744331509,160295.0,0.0027365129007037,0.0023455824863174,3.347338607094848e-06,0.001563721657545,1.8536129396513663e-05,0.0007818608287726,1.665929792317147e-05,0.0,2.395378725770764e-05,-0.0007818608287724,2.376029947695071e-05,0.00312744331509,9.7097973017249e-06,0.0039093041438624,3.835701765725333e-05,0.0046911649726348,5.900777500965946e-05,0.0054730258014072,2.3295928803134087e-05,0.0062548866301799,3.240533352117024e-05,1,1,1,1,1
1569,3,14:28:30,4,0.00312744331509,82112.0,0.0027365129007037,0.0023455824863174,6.597933323811232e-06,0.001563721657545,1.8536129396513663e-05,0.0007818608287726,1.665929792317147e-05,0.0,2.395378725770764e-05,-0.0007818608287724,2.376029947695071e-05,0.00312744331509,8.66496328563749e-06,0.0039093041438624,3.8298971323026254e-05,0.0046911649726348,5.900777500965946e-05,0.0054730258014072,2.3295928803134087e-05,0.0062548866301799,3.240533352117024e-05,1,1,1,1,1
1570,3,14:28:33,4,0.00312744331509,12830.0,0.0027365129007037,0.0023455824863174,6.578584545735539e-06,0.001563721657545,1.8594175730740745e-05,0.0007818608287726,1.751064415850195e-05,0.0,2.395378725770764e-05,-0.0007818608287724,2.414727503846457e-05,0.00312744331509,1.0812677652039386e-05,0.0039093041438624,3.860855177223734e-05,0.0046911649726348,5.78274995470422e-05,0.0054730258014072,2.3295928803134087e-05,0.0062548866301799,3.240533352117024e-05,1,0,1,1,1
1571,3,14:28:36,4,0.00312744331509,260423.0,0.0027365129007037,0.0023455824863174,7.429930781066021e-06,0.001563721657545,1.8594175730740745e-05,0.0007818608287726,1.751064415850195e-05,0.0,2.395378725770764e-05,-0.0007818608287724,2.414727503846457e-05,0.00312744331509,7.600780491474388e-06,0.0039093041438624,3.9382502895265046e-05,0.0046911649726348,5.78274995470422e-05,0.0054730258014072,2.3295928803134087e-05,0.0062548866301799,3.240533352117024e-05,1,0,1,1,1
1572,3,14:28:39,4,0.00312744331509,44905.0,0.0027365129007037,0.0023455824863174,7.623418561822949e-06,0.001563721657545,1.8594175730740745e-05,0.0007818608287726,1.751064415850195e-05,0.0,2.395378725770764e-05,-0.0007818608287724,2.414727503846457e-05,0.00312744331509,1.3482809026484988e-05,0.0039093041438624,3.9382502895265046e-05,0.0046911649726348,5.78274995470422e-05,0.0054730258014072,2.3295928803134087e-05,0.0062548866301799,3.240533352117024e-05,1,0,1,1,0
1573,3,14:28:42,4,0.0023455824863174,150097.0,0.0027365129007037,0.0023455824863174,7.35253566876325e-06,0.001563721657545,1.8594175730740745e-05,0.0007818608287726,1.783957338578873e-05,0.0,2.395378725770764e-05,-0.0007818608287724,2.414727503846457e-05,0.00312744331509,1.2418626232321886e-05,0.0039093041438624,3.976947845677891e-05,0.0046911649726348,5.78274995470422e-05,0.0054730258014072,2.3295928803134087e-05,0.0062548866301799,3.240533352117024e-05,1,0,1,1,0
1574,3,14:28:45,4,0.00312744331509,128300.0,0.0027365129007037,0.0023455824863174,7.449279559141714e-06,0.001563721657545,1.8594175730740745e-05,0.0007818608287726,1.8226548947302584e-05,0.0,2.395378725770764e-05,-0.0007818608287724,2.414727503846457e-05,0.00312744331509,1.0677236205509538e-05,0.0039093041438624,3.976947845677891e-05,0.0046911649726348,5.78274995470422e-05,0.0054730258014072,2.3295928803134087e-05,0.0062548866301799,3.240533352117024e-05,1,0,1,1,0
1575,3,14:28:48,4,0.0023455824863174,78206.0,0.0027365129007037,0.0023455824863174,6.9655601072493945e-06,0.001563721657545,1.8400687949983814e-05,0.0007818608287726,1.8400687949983814e-05,0.0,2.395378725770764e-05,-0.0007818608287724,2.414727503846457e-05,0.00312744331509,1.1799465333899716e-05,0.0039093041438624,3.976947845677891e-05,0.0046911649726348,5.7788801990890815e-05,0.0054730258014072,2.5462991947611674e-05,0.0062548866301799,3.240533352117024e-05,0,0,1,1,0
1576,3,14:28:51,4,0.001563721657545,1283944.0,0.0023455824863174,0.001563721657545,6.365747986902919e-06,0.0007818608287726,1.8400687949983814e-05,0.0,2.395378725770764e-05,-0.0007818608287724,2.414727503846457e-05,-0.0015637216575449,4.7098795591851326e-05,0.00312744331509,1.2070348226959415e-05,0.0039093041438624,3.976947845677891e-05,0.0046911649726348,5.7788801990890815e-05,0.0054730258014072,2.559843339414153e-05,0.0062548866301799,3.240533352117024e-05,1,1,1,1,0
1577,3,14:28:54,4,0.00312744331509,459280.0,0.0027365129007037,0.0023455824863174,9.480901257089452e-07,0.001563721657545,6.365747986902919e-06,0.0007818608287726,1.8400687949983814e-05,0.0,2.395378725770764e-05,-0.0007818608287724,2.414727503846457e-05,0.00312744331509,8.31668528027502e-06,0.0039093041438624,3.976947845677891e-05,0.0046911649726348,5.759531421013389e-05,0.0054730258014072,2.559843339414153e-05,0.0062548866301799,3.240533352117024e-05,0,0,1,1,0
1578,3,14:28:57,4,0.00312744331509,92366.0,0.0027365129007037,0.0023455824863174,8.706950134061743e-07,0.001563721657545,7.236443000309093e-06,0.0007818608287726,1.9077895182633065e-05,0.0,2.395378725770764e-05,-0.0007818608287724,2.414727503846457e-05,0.00312744331509,7.910360940685472e-06,0.0039093041438624,3.976947845677891e-05,0.0046911649726348,5.759531421013389e-05,0.0054730258014072,2.559843339414153e-05,0.0062548866301799,3.240533352117024e-05,0,0,1,1,1
1579,3,14:29:00,4,0.00312744331509,19245.0,0.0027365129007037,0.0023455824863174,1.547902246055421e-06,0.001563721657545,7.236443000309093e-06,0.0007818608287726,1.9077895182633065e-05,0.0,2.395378725770764e-05,-0.0007818608287724,2.40698799261618e-05,0.00312744331509,1.013547041939014e-05,0.0039093041438624,3.976947845677891e-05,0.0046911649726348,5.759531421013389e-05,0.0054730258014072,2.559843339414153e-05,0.0062548866301799,3.240533352117024e-05,0,0,0,1,0
1580,3,14:29:03,4,0.0023455824863174,102560.0,0.0019546520719313,0.001563721657545,7.236443000309093e-06,0.0007818608287726,1.9077895182633065e-05,0.0,2.3857043367329176e-05,-0.0007818608287724,2.40698799261618e-05,-0.0015637216575449,4.729228337260825e-05,0.0023455824863174,2.341202147158824e-06,0.00312744331509,1.1141606879326165e-05,0.0039093041438624,3.976947845677891e-05,0.0046911649726348,5.759531421013389e-05,0.0054730258014072,2.559843339414153e-05,1,1,1,1,1
1581,3,14:29:06,4,0.0023455824863174,8974.0,0.0019546520719313,0.001563721657545,7.546023449520177e-06,0.0007818608287726,1.9077895182633065e-05,0.0,2.4050531148086104e-05,-0.0007818608287724,2.40698799261618e-05,-0.0015637216575449,4.729228337260825e-05,0.0023455824863174,3.173199604413613e-06,0.00312744331509,1.1915558002353874e-05,0.0039093041438624,3.976947845677891e-05,0.0046911649726348,5.817577755240467e-05,0.0054730258014072,2.559843339414153e-05,1,1,1,1,1
1582,3,14:29:09,4,0.0023455824863174,16666.0,0.0019546520719313,0.001563721657545,7.546023449520177e-06,0.0007818608287726,1.9077895182633065e-05,0.0,2.4050531148086104e-05,-0.0007818608287724,2.408922870423749e-05,-0.0015637216575449,4.729228337260825e-05,0.0023455824863174,3.869755615138553e-06,0.00312744331509,1.1973604336580952e-05,0.0039093041438624,4.009840768406568e-05,0.0046911649726348,5.856275311391853e-05,0.0054730258014072,2.5540387059914447e-05,1,1,1,1,0
1583,3,14:29:12,4,0.0023455824863174,74356.0,0.0019546520719313,0.001563721657545,7.758860008352799e-06,0.0007818608287726,1.9271382963389996e-05,0.0,2.54049456133846e-05,-0.0007818608287724,2.408922870423749e-05,-0.0015637216575449,4.729228337260825e-05,0.0023455824863174,7.2170942222334e-06,0.00312744331509,1.2766904237684356e-05,0.0039093041438624,4.0485383245579534e-05,0.0046911649726348,5.856275311391853e-05,0.0054730258014072,2.5540387059914447e-05,1,1,1,1,0
1584,3,14:29:15,4,0.0023455824863174,142301.0,0.0019546520719313,0.001563721657545,7.739511230277106e-06,0.0007818608287726,2.0896680321748184e-05,0.0,2.54049456133846e-05,-0.0007818608287724,2.408922870423749e-05,-0.0015637216575449,4.729228337260825e-05,0.0023455824863174,5.553099307723823e-06,0.00312744331509,1.4237411371437006e-05,0.0039093041438624,4.0485383245579534e-05,0.0046911649726348,5.856275311391853e-05,0.0054730258014072,2.5637130950292912e-05,1,1,1,1,0
1585,3,14:29:18,4,0.0023455824863174,153840.0,0.0019546520719313,0.001563721657545,7.739511230277106e-06,0.0007818608287726,2.176737533515436e-05,0.0,2.54049456133846e-05,-0.0007818608287724,2.408922870423749e-05,-0.0015637216575449,4.729228337260825e-05,0.0023455824863174,4.198684842425329e-06,0.00312744331509,1.4430899152193931e-05,0.0039093041438624,4.017580279636845e-05,0.0046911649726348,5.856275311391853e-05,0.0054730258014072,2.5637130950292912e-05,1,1,1,1,0
1586,3,14:29:21,4,0.0023455824863174,253783.0,0.0019546520719313,0.001563721657545,6.714025992265389e-06,0.0007818608287726,2.176737533515436e-05,0.0,2.54049456133846e-05,-0.0007818608287724,2.408922870423749e-05,-0.0015637216575449,4.729228337260825e-05,0.0023455824863174,1.6639949145095776e-06,0.00312744331509,1.5553128280584114e-05,0.0039093041438624,4.017580279636845e-05,0.0046911649726348,5.83692653331616e-05,0.0054730258014072,2.5637130950292912e-05,1,2,1,1,0
1587,3,14:29:24,4,0.0023455824863174,5128.0,0.0019546520719313,0.001563721657545,6.714025992265389e-06,0.0007818608287726,2.176737533515436e-05,0.0,2.54049456133846e-05,-0.0007818608287724,2.408922870423749e-05,-0.0015637216575449,4.729228337260825e-05,0.0023455824863174,3.869755615138553e-06,0.00312744331509,1.793302798389432e-05,0.0039093041438624,4.017580279636845e-05,0.0046911649726348,5.7556616653982505e-05,0.0054730258014072,2.5637130950292912e-05,1,2,1,1,0
1588,3,14:29:27,4,0.0023455824863174,10256.0,0.0019546520719313,0.001563721657545,7.546023449520177e-06,0.0007818608287726,2.176737533515436e-05,0.0,2.54049456133846e-05,-0.0007818608287724,2.412792626038888e-05,-0.0015637216575449,4.729228337260825e-05,0.0023455824863174,4.4115214012579495e-06,0.00312744331509,2.0119439906447605e-05,0.0039093041438624,4.017580279636845e-05,0.0046911649726348,5.794359221549636e-05,0.0054730258014072,2.5540387059914447e-05,1,2,1,1,0
1589,3,14:29:30,4,0.0023455824863174,55089.0,0.0019546520719313,0.001563721657545,6.8301186607195456e-06,0.0007818608287726,2.196086311591129e-05,0.0,2.4824482271113813e-05,-0.0007818608287724,2.412792626038888e-05,-0.0015637216575449,4.729228337260825e-05,0.0023455824863174,5.9207260911619855e-06,0.00312744331509,2.0815995917172545e-05,0.0039093041438624,3.8724644440691495e-05,0.0046911649726348,5.842731166738868e-05,0.0054730258014072,2.56564797283686e-05,1,0,1,1,0
1590,3,14:29:33,4,0.0023455824863174,0.0,0.0019546520719313,0.001563721657545,7.2170942222334e-06,0.0007818608287726,2.196086311591129e-05,0.0,2.4824482271113813e-05,-0.0007818608287724,2.412792626038888e-05,-0.0015637216575449,4.729228337260825e-05,0.0023455824863174,1.275084475188153e-05,0.00312744331509,2.0622508136415615e-05,0.0039093041438624,3.882138833106996e-05,0.0046911649726348,5.842731166738868e-05,0.0054730258014072,2.56564797283686e-05,1,0,1,1,0
1591,3,14:29:36,4,0.0023455824863174,53841.0,0.0019546520719313,0.001563721657545,7.159047888006322e-06,0.0007818608287726,2.196086311591129e-05,0.0,2.4824482271113813e-05,-0.0007818608287724,2.412792626038888e-05,-0.0015637216575449,4.729228337260825e-05,0.0023455824863174,1.304107642301692e-05,0.00312744331509,2.1086878810232245e-05,0.0039093041438624,3.882138833106996e-05,0.0046911649726348,5.842731166738868e-05,0.0054730258014072,2.56564797283686e-05,2,1,1,1,0
1592,3,14:29:39,4,0.0023455824863174,251261.0,0.0019546520719313,0.001563721657545,6.9462113291737015e-06,0.0007818608287726,2.2154350896668213e-05,0.0,2.4824482271113813e-05,-0.0007818608287724,2.393443847963195e-05,-0.0015637216575449,4.729228337260825e-05,0.0023455824863174,9.30676225440822e-06,0.00312744331509,2.224780549477381e-05,0.0039093041438624,3.882138833106996e-05,0.0046911649726348,5.941409934924901e-05,0.0054730258014072,2.584996750912553e-05,2,1,1,1,0
1593,3,14:29:42,4,0.001563721657545,508875.0,0.0019546520719313,0.001563721657545,5.417657861193973e-06,0.0007818608287726,2.2154350896668213e-05,0.0,2.5017970051870744e-05,-0.0007818608287724,2.393443847963195e-05,-0.0015637216575449,4.729228337260825e-05,0.0023455824863174,3.15385082633792e-06,0.00312744331509,2.3776358962753535e-05,0.0039093041438624,3.882138833106996e-05,0.0046911649726348,5.941409934924901e-05,0.0054730258014072,2.584996750912553e-05,2,1,1,1,0
1594,3,14:29:45,4,0.0023455824863174,38460.0,0.0019546520719313,0.001563721657545,5.8820285350106e-06,0.0007818608287726,2.2154350896668213e-05,0.0,2.5017970051870744e-05,-0.0007818608287724,2.393443847963195e-05,-0.0015637216575449,4.7311632150683946e-05,0.0023455824863174,2.573387484067137e-06,0.00312744331509,2.456965886385694e-05,0.0039093041438624,3.882138833106996e-05,0.0046911649726348,5.941409934924901e-05,0.0054730258014072,2.584996750912553e-05,0,1,1,1,0
1595,3,14:29:48,4,0.0023455824863174,215228.0,0.0019546520719313,0.001563721657545,4.140638508198252e-06,0.0007818608287726,2.2154350896668213e-05,0.0,2.5017970051870744e-05,-0.0007818608287724,2.4263367706918724e-05,-0.0015637216575449,4.7311632150683946e-05,0.0023455824863174,2.495992371764366e-06,0.00312744331509,2.46857515323111e-05,0.0039093041438624,3.882138833106996e-05,0.0046911649726348,5.941409934924901e-05,0.0054730258014072,2.584996750912553e-05,0,1,1,1,0
1596,3,14:29:51,4,0.0023455824863174,534361.0,0.0027365129007037,0.0023455824863174,5.224170080437046e-07,0.001563721657545,4.4502189574093364e-07,0.0007818608287726,2.2154350896668213e-05,0.0,2.54049456133846e-05,-0.0007818608287724,2.4263367706918724e-05,0.00312744331509,2.586602699492836e-05,0.0039093041438624,3.9053573667978274e-05,0.0046911649726348,5.941409934924901e-05,0.0054730258014072,2.584996750912553e-05,0.0062548866301799,3.246337985539732e-05,0,0,1,0,0
1597,3,14:29:54,4,0.0023455824863174,38464.0,0.0027365129007037,0.0023455824863174,1.7413900268123485e-07,0.001563721657545,4.4502189574093364e-07,0.0007818608287726,2.221239723089529e-05,0.0,2.621759429256369e-05,-0.0007818608287724,2.4263367706918724e-05,0.00312744331509,2.7185613659690603e-05,0.0039093041438624,3.9053573667978274e-05,0.0046911649726348,5.914321645618931e-05,0.0054730258014072,2.584996750912553e-05,0.0062548866301799,3.246337985539732e-05,0,0,1,0,0
1598,3,14:29:57,4,0.0023455824863174,110250.0,0.0027365129007037,0.0023455824863174,4.837194518923191e-07,0.001563721657545,4.06324339589548e-07,0.0007818608287726,2.221239723089529e-05,0.0,2.621759429256369e-05,-0.0007818608287724,2.4263367706918724e-05,0.00312744331509,2.7185613659690603e-05,0.0039093041438624,3.9053573667978274e-05,0.0046911649726348,5.914321645618931e-05,0.0054730258014072,2.584996750912553e-05,0.0062548866301799,3.246337985539732e-05,0,1,1,1,0
1599,3,14:30:00,4,0.001563721657545,165274.0,0.0011727912431587,0.0007818608287726,2.244458256780361e-05,0.0,2.621759429256369e-05,-0.0007818608287724,2.4263367706918724e-05,-0.0015637216575449,4.7311632150683946e-05,-0.0023455824863173,2.3199184912755625e-05,0.001563721657545,2.3218533690831317e-07,0.0023455824863174,3.482780053624697e-07,0.00312744331509,2.7185613659690603e-05,0.0039093041438624,3.9053573667978274e-05,0.0046911649726348,5.902712378773515e-05,2,2,1,1,1
1600,3,14:30:03,4,0.0023455824863174,53831.0,0.0011727912431587,0.0007818608287726,2.2541326458182068e-05,0.0,2.621759429256369e-05,-0.0007818608287724,2.4263367706918724e-05,-0.0015637216575449,4.7311632150683946e-05,-0.0023455824863173,2.3199184912755625e-05,0.001563721657545,1.934877807569276e-08,0.0023455824863174,5.998121203464756e-07,0.00312744331509,2.7185613659690603e-05,0.0039093041438624,3.9053573667978274e-05,0.0046911649726348,5.902712378773515e-05,2,2,1,1,1
1601,3,14:30:06,4,0.001563721657545,78223.0,0.0019546520719313,0.001563721657545,2.128365588326204e-07,0.0007818608287726,2.244458256780361e-05,0.0,2.59273626214283e-05,-0.0007818608287724,2.4263367706918724e-05,-0.0015637216575449,4.7311632150683946e-05,0.0023455824863174,9.674389037846383e-08,0.00312744331509,2.737910144044753e-05,0.0039093041438624,3.9053573667978274e-05,0.0046911649726348,5.902712378773515e-05,0.0054730258014072,2.584996750912553e-05,0,1,1,1,1
1602,3,14:30:09,4,0.0023455824863174,76905.0,0.0019546520719313,0.001563721657545,2.631433818294216e-06,0.0007818608287726,2.252197768010637e-05,0.0,2.59273626214283e-05,-0.0007818608287724,2.4166623816540266e-05,-0.0015637216575449,4.7311632150683946e-05,0.0023455824863174,8.12648679179096e-07,0.00312744331509,2.737910144044753e-05,0.0039093041438624,3.994361745946014e-05,0.0046911649726348,5.902712378773515e-05,0.0054730258014072,2.9719723124264083e-05,1,1,1,0,1
1603,3,14:30:12,4,0.001563721657545,19215.0,0.0019546520719313,0.001563721657545,2.9023167113539144e-06,0.0007818608287726,2.252197768010637e-05,0.0,2.6082152846033843e-05,-0.0007818608287724,2.4050531148086104e-05,-0.0015637216575449,4.7311632150683946e-05,0.0023455824863174,2.573387484067137e-06,0.00312744331509,2.8095006229248164e-05,0.0039093041438624,4.023384913059553e-05,0.0046911649726348,5.902712378773515e-05,0.0054730258014072,2.9719723124264083e-05,2,1,1,0,1
1604,3,14:30:15,4,0.0023455824863174,19230.0,0.0019546520719313,0.001563721657545,3.579523944003161e-06,0.0007818608287726,2.252197768010637e-05,0.0,2.5888665065276915e-05,-0.0007818608287724,2.403118237001041e-05,-0.0015637216575449,4.7311632150683946e-05,0.0023455824863174,2.9603630455809928e-06,0.00312744331509,2.8095006229248164e-05,0.0039093041438624,4.023384913059553e-05,0.0046911649726348,5.8640148226221296e-05,0.0054730258014072,2.9719723124264083e-05,1,1,1,0,1
1605,3,14:30:18,4,0.0023455824863174,43588.0,0.0019546520719313,0.001563721657545,3.6182215001545462e-06,0.0007818608287726,2.252197768010637e-05,0.0,2.5888665065276915e-05,-0.0007818608287724,2.403118237001041e-05,-0.0015637216575449,4.7311632150683946e-05,0.0023455824863174,2.302504591007439e-06,0.00312744331509,3.107471805290485e-05,0.0039093041438624,4.023384913059553e-05,0.0046911649726348,5.8736892116599765e-05,0.0054730258014072,2.9719723124264083e-05,2,1,1,0,1
1606,3,14:30:21,4,0.001563721657545,284402.0,0.0011727912431587,0.0007818608287726,2.252197768010637e-05,0.0,2.5888665065276915e-05,-0.0007818608287724,2.403118237001041e-05,-0.0015637216575449,4.7311632150683946e-05,-0.0023455824863173,2.3353975137361163e-05,0.001563721657545,5.417657861193974e-07,0.0023455824863174,4.2760799547281006e-06,0.00312744331509,3.165518139517563e-05,0.0039093041438624,4.0330593020974e-05,0.0046911649726348,5.912386767811362e-05,2,2,1,1,1
1607,3,14:30:24,4,0.0023455824863174,142251.0,0.0019546520719313,0.001563721657545,7.739511230277105e-07,0.0007818608287726,2.252197768010637e-05,0.0,2.5888665065276915e-05,-0.0007818608287724,2.4418157931524265e-05,-0.0015637216575449,4.7311632150683946e-05,0.0023455824863174,3.115153270186535e-06,0.00312744331509,3.28161080797172e-05,0.0039093041438624,4.0330593020974e-05,0.0046911649726348,5.912386767811362e-05,0.0054730258014072,2.9719723124264083e-05,1,1,1,0,1
1608,3,14:30:27,4,0.0023455824863174,206402.0,0.0027365129007037,0.0023455824863174,8.12648679179096e-07,0.001563721657545,4.179336064349637e-06,0.0007818608287726,2.567582850644429e-05,0.0,2.5888665065276915e-05,-0.0007818608287724,2.4418157931524265e-05,0.00312744331509,3.28161080797172e-05,0.0039093041438624,4.0330593020974e-05,0.0046911649726348,5.912386767811362e-05,0.0054730258014072,3.068716202804872e-05,0.0062548866301799,3.246337985539732e-05,0,0,1,0,0
1609,3,14:30:30,4,0.0023455824863174,60254.0,0.0019546520719313,0.001563721657545,6.114213871918913e-06,0.0007818608287726,2.567582850644429e-05,0.0,2.5888665065276915e-05,-0.0007818608287724,2.457294815612981e-05,-0.0015637216575449,4.723423703838117e-05,0.0023455824863174,5.804633422707829e-07,0.00312744331509,3.4615544440756624e-05,0.0039093041438624,4.0330593020974e-05,0.0046911649726348,5.912386767811362e-05,0.0054730258014072,3.068716202804872e-05,1,1,1,0,1
1610,3,14:30:33,4,0.0023455824863174,56408.0,0.0027365129007037,0.0023455824863174,1.0835315722387947e-06,0.001563721657545,7.546023449520177e-06,0.0007818608287726,2.567582850644429e-05,0.0,2.5888665065276915e-05,-0.0007818608287724,2.457294815612981e-05,0.00312744331509,3.4615544440756624e-05,0.0039093041438624,4.0330593020974e-05,0.0046911649726348,5.912386767811362e-05,0.0054730258014072,3.068716202804872e-05,0.0062548866301799,3.246337985539732e-05,0,0,1,0,0
1611,3,14:30:36,4,0.0023455824863174,160250.0,0.0019546520719313,0.001563721657545,6.772072326492467e-06,0.0007818608287726,2.5695177284519988e-05,0.0,2.5888665065276915e-05,-0.0007818608287724,2.5153411498400592e-05,-0.0015637216575449,4.713749314800271e-05,0.0023455824863174,1.9213336629162917e-05,0.00312744331509,3.4615544440756624e-05,0.0039093041438624,3.839571521340472e-05,0.0046911649726348,5.912386767811362e-05,0.0054730258014072,3.068716202804872e-05,1,1,1,0,1
1612,3,14:30:39,4,0.0023455824863174,42296.0,0.0019546520719313,0.001563721657545,6.578584545735539e-06,0.0007818608287726,2.5888665065276915e-05,0.0,2.5888665065276915e-05,-0.0007818608287724,2.5192109054551975e-05,-0.0015637216575449,4.733098092875964e-05,0.0023455824863174,1.876831473342198e-05,0.00312744331509,3.4828380999589245e-05,0.0039093041438624,3.839571521340472e-05,0.0046911649726348,5.912386767811362e-05,0.0054730258014072,3.068716202804872e-05,1,1,1,0,1
1613,3,14:30:42,4,0.0023455824863174,65382.0,0.0019546520719313,0.001563721657545,6.868816216870931e-06,0.0007818608287726,2.5908013843352608e-05,0.0,2.5888665065276915e-05,-0.0007818608287724,2.5192109054551975e-05,-0.0015637216575449,4.723423703838117e-05,0.0023455824863174,1.807175872269704e-05,0.00312744331509,3.488642733381632e-05,0.0039093041438624,3.839571521340472e-05,0.0046911649726348,5.912386767811362e-05,0.0054730258014072,3.068716202804872e-05,1,1,1,0,1
1614,3,14:30:45,4,0.0023455824863174,0.0,0.0019546520719313,0.001563721657545,7.5653722275958705e-06,0.0007818608287726,2.739786975518095e-05,0.0,2.6004757733731077e-05,-0.0007818608287724,2.5192109054551975e-05,-0.0015637216575449,4.723423703838117e-05,0.0023455824863174,1.8458734284210897e-05,0.00312744331509,3.488642733381632e-05,0.0039093041438624,3.839571521340472e-05,0.0046911649726348,5.912386767811362e-05,0.0054730258014072,3.068716202804872e-05,1,1,1,0,1
1615,3,14:30:48,4,0.0023455824863174,55126.0,0.0019546520719313,0.001563721657545,7.77820878642849e-06,0.0007818608287726,2.8055728209754506e-05,0.0,2.6004757733731077e-05,-0.0007818608287724,2.4901877383416585e-05,-0.0015637216575449,4.723423703838117e-05,0.0023455824863174,1.7646085605031798e-05,0.00312744331509,3.507991511457325e-05,0.0039093041438624,3.839571521340472e-05,0.0046911649726348,5.912386767811362e-05,0.0054730258014072,3.068716202804872e-05,1,1,1,0,1
1616,3,14:30:51,4,0.0023455824863174,83330.0,0.0019546520719313,0.001563721657545,8.33932335062358e-06,0.0007818608287726,2.7997681875527423e-05,0.0,2.6004757733731077e-05,-0.0007818608287724,2.4901877383416585e-05,-0.0015637216575449,4.723423703838117e-05,0.0023455824863174,2.0219473089098936e-05,0.00312744331509,3.5389495563784334e-05,0.0039093041438624,3.839571521340472e-05,0.0046911649726348,5.912386767811362e-05,0.0054730258014072,3.068716202804872e-05,1,1,1,0,1
1617,3,14:30:54,4,0.0023455824863174,19220.0,0.0019546520719313,0.001563721657545,1.4995303008661891e-05,0.0007818608287726,2.8249215990511436e-05,0.0,2.6004757733731077e-05,-0.0007818608287724,2.4901877383416585e-05,-0.0015637216575449,4.723423703838117e-05,0.0023455824863174,2.209630456244113e-05,0.00312744331509,3.606670279643358e-05,0.0039093041438624,3.839571521340472e-05,0.0046911649726348,5.922061156849208e-05,0.0054730258014072,3.068716202804872e-05,1,1,1,0,1
1618,3,14:30:57,4,0.0023455824863174,492287.0,0.0019546520719313,0.001563721657545,1.7684783161183184e-05,0.0007818608287726,2.9216654894296076e-05,0.0,2.6004757733731077e-05,-0.0007818608287724,2.4901877383416585e-05,-0.0015637216575449,4.723423703838117e-05,0.0023455824863174,1.4879210340207734e-05,0.00312744331509,3.529275167340587e-05,0.0039093041438624,3.839571521340472e-05,0.0046911649726348,5.922061156849208e-05,0.0054730258014072,3.068716202804872e-05,1,1,1,1,1
1619,3,14:31:00,4,0.001563721657545,161509.0,0.0019546520719313,0.001563721657545,1.7317156377745023e-05,0.0007818608287726,2.948753778735577e-05,0.0,2.6004757733731077e-05,-0.0007818608287724,2.4901877383416585e-05,-0.0015637216575449,4.723423703838117e-05,0.0023455824863174,1.288628619841138e-05,0.00312744331509,3.529275167340587e-05,0.0039093041438624,3.839571521340472e-05,0.0046911649726348,5.922061156849208e-05,0.0054730258014072,3.068716202804872e-05,1,1,1,1,1
1620,3,14:31:03,4,0.001563721657545,108886.0,0.0019546520719313,0.001563721657545,1.6272322361657614e-05,0.0007818608287726,3.15385082633792e-05,0.0,2.6004757733731077e-05,-0.0007818608287724,2.4901877383416585e-05,-0.0015637216575449,4.727293459453256e-05,0.0023455824863174,1.1028803503144876e-05,0.00312744331509,3.486320880012549e-05,0.0039093041438624,3.839571521340472e-05,0.0046911649726348,5.922061156849208e-05,0.0054730258014072,3.068716202804872e-05,1,1,1,1,1
1621,3,14:31:06,4,0.0023455824863174,69228.0,0.0019546520719313,0.001563721657545,1.6485158920490234e-05,0.0007818608287726,3.173199604413613e-05,0.0,2.598540895565538e-05,-0.0007818608287724,2.5095365164173516e-05,-0.0015637216575449,4.727293459453256e-05,0.0023455824863174,1.0216154823965778e-05,0.00312744331509,3.513409169318519e-05,0.0039093041438624,3.839571521340472e-05,0.0046911649726348,5.922061156849208e-05,0.0054730258014072,3.068716202804872e-05,1,1,1,1,1
1622,3,14:31:09,4,0.0023455824863174,108970.0,0.0019546520719313,0.001563721657545,1.6485158920490234e-05,0.0007818608287726,3.173199604413613e-05,0.0,2.598540895565538e-05,-0.0007818608287724,2.5095365164173516e-05,-0.0015637216575449,4.727293459453256e-05,0.0023455824863174,9.558296369392224e-06,0.00312744331509,3.5172789249336575e-05,0.0039093041438624,3.839571521340472e-05,0.0046911649726348,5.922061156849208e-05,0.0054730258014072,3.068716202804872e-05,1,0,0,1,1
1623,3,14:31:12,4,0.001563721657545,6405.0,0.0019546520719313,0.001563721657545,1.6930180816231168e-05,0.0007818608287726,3.173199604413613e-05,0.0,2.598540895565538e-05,-0.0007818608287724,2.5056667608022127e-05,-0.0015637216575449,4.727293459453256e-05,0.0023455824863174,9.925923152830387e-06,0.00312744331509,3.565650870122889e-05,0.0039093041438624,3.839571521340472e-05,0.0046911649726348,5.922061156849208e-05,0.0054730258014072,3.068716202804872e-05,1,0,0,1,1
1624,3,14:31:15,4,0.0023455824863174,75638.0,0.0019546520719313,0.001563721657545,1.772348071733457e-05,0.0007818608287726,3.2118971605649987e-05,0.0,2.6082152846033843e-05,-0.0007818608287724,2.5056667608022127e-05,-0.0015637216575449,4.727293459453256e-05,0.0023455824863174,1.2499310636897524e-05,0.00312744331509,3.372163089365962e-05,0.0039093041438624,3.839571521340472e-05,0.0046911649726348,5.966563346423301e-05,0.0054730258014072,3.068716202804872e-05,1,0,0,1,1
1625,3,14:31:18,4,0.001563721657545,12810.0,0.0019546520719313,0.001563721657545,1.772348071733457e-05,0.0007818608287726,3.240920327678538e-05,0.0,2.6082152846033843e-05,-0.0007818608287724,2.6662616188304628e-05,-0.0015637216575449,4.727293459453256e-05,0.0023455824863174,1.2479961858821832e-05,0.00312744331509,3.372163089365962e-05,0.0039093041438624,3.839571521340472e-05,0.0046911649726348,5.927865790271916e-05,0.0054730258014072,3.068716202804872e-05,1,0,0,1,1
1626,3,14:31:21,4,0.001563721657545,92294.0,0.0019546520719313,0.001563721657545,1.807175872269704e-05,0.0007818608287726,3.2447900832936765e-05,0.0,2.577257239682276e-05,-0.0007818608287724,2.6082152846033843e-05,-0.0015637216575449,4.727293459453256e-05,0.0023455824863174,1.766543438310749e-05,0.00312744331509,3.40505601209464e-05,0.0039093041438624,3.868594688454011e-05,0.0046911649726348,5.927865790271916e-05,0.0054730258014072,3.088064980880565e-05,1,0,0,1,1
1627,3,14:31:24,4,0.001563721657545,16653.0,0.0019546520719313,0.001563721657545,1.783957338578873e-05,0.0007818608287726,3.26026910575423e-05,0.0,2.577257239682276e-05,-0.0007818608287724,2.6082152846033843e-05,-0.0015637216575449,4.727293459453256e-05,0.0023455824863174,1.793631727616719e-05,0.00312744331509,3.40505601209464e-05,0.0039093041438624,3.868594688454011e-05,0.0046911649726348,5.927865790271916e-05,0.0054730258014072,3.088064980880565e-05,0,0,0,1,1
1628,3,14:31:27,4,0.0023455824863174,65355.0,0.0019546520719313,0.001563721657545,1.7704131939258877e-05,0.0007818608287726,3.26026910575423e-05,0.0,2.577257239682276e-05,-0.0007818608287724,2.6082152846033843e-05,-0.0015637216575449,4.727293459453256e-05,0.0023455824863174,1.7975014832318577e-05,0.00312744331509,3.478581368782272e-05,0.0039093041438624,3.868594688454011e-05,0.0046911649726348,5.927865790271916e-05,0.0054730258014072,3.088064980880565e-05,0,1,0,1,1
1629,3,14:31:30,4,0.001563721657545,376616.0,0.0019546520719313,0.001563721657545,1.2596054527275987e-05,0.0007818608287726,3.2447900832936765e-05,0.0,2.5946711399503994e-05,-0.0007818608287724,2.639173329524493e-05,-0.0015637216575449,4.727293459453256e-05,0.0023455824863174,2.081928520944541e-05,0.00312744331509,3.478581368782272e-05,0.0039093041438624,3.868594688454011e-05,0.0046911649726348,5.927865790271916e-05,0.0054730258014072,3.088064980880565e-05,0,0,0,1,1
1630,3,14:31:33,4,0.001563721657545,347181.0,0.0019546520719313,0.001563721657545,1.0545084051252555e-05,0.0007818608287726,3.142241559492505e-05,0.0,2.5946711399503994e-05,-0.0007818608287724,2.6198245514488e-05,-0.0015637216575449,4.7563166265667946e-05,0.0023455824863174,2.4108577482313183e-05,0.00312744331509,3.478581368782272e-05,0.0039093041438624,3.868594688454011e-05,0.0046911649726348,5.927865790271916e-05,0.0054730258014072,3.088064980880565e-05,0,0,0,1,1
1631,3,14:31:36,4,0.001563721657545,612328.0,0.0019546520719313,0.001563721657545,1.780087582963734e-06,0.0007818608287726,3.20802740494986e-05,0.0,2.5946711399503994e-05,-0.0007818608287724,2.6198245514488e-05,-0.0015637216575449,4.7563166265667946e-05,0.0023455824863174,2.6294989404866463e-05,0.00312744331509,3.4534279572838714e-05,0.0039093041438624,3.8298971323026254e-05,0.0046911649726348,5.962693590808163e-05,0.0054730258014072,3.088064980880565e-05,0,0,0,1,1
1632,3,14:31:39,4,0.0007818608287726,550492.0,0.0011727912431587,0.0007818608287726,2.5637130950292912e-05,0.0,2.5946711399503994e-05,-0.0007818608287724,2.6198245514488e-05,-0.0015637216575449,4.7563166265667946e-05,-0.0023455824863173,2.3566811696193784e-05,0.001563721657545,3.579523944003161e-06,0.0023455824863174,2.668196496638032e-05,0.00312744331509,3.422469912362763e-05,0.0039093041438624,3.8298971323026254e-05,0.0046911649726348,5.962693590808163e-05,1,0,1,1,1
1633,3,14:31:42,4,0.0007818608287726,151115.0,0.0011727912431587,0.0007818608287726,2.499862127379505e-05,0.0,2.5946711399503994e-05,-0.0007818608287724,2.6198245514488e-05,-0.0015637216575449,4.7563166265667946e-05,-0.0023455824863173,2.3566811696193784e-05,0.001563721657545,2.631433818294216e-06,0.0023455824863174,2.668196496638032e-05,0.00312744331509,3.459232590706579e-05,0.0039093041438624,3.8298971323026254e-05,0.0046911649726348,5.964628468615732e-05,2,0,1,1,1
1634,3,14:31:45,4,0.001563721657545,286784.0,0.0011727912431587,0.0007818608287726,2.1902816781684206e-05,0.0,2.5946711399503994e-05,-0.0007818608287724,2.6198245514488e-05,-0.0015637216575449,4.7563166265667946e-05,-0.0023455824863173,2.3566811696193784e-05,0.001563721657545,3.6182215001545462e-06,0.0023455824863174,2.668196496638032e-05,0.00312744331509,3.1051499519214015e-05,0.0039093041438624,3.8298971323026254e-05,0.0046911649726348,5.999456269151979e-05,1,0,1,1,1
1635,3,14:31:48,4,0.0007818608287726,217626.0,0.0011727912431587,0.0007818608287726,1.9987287752190623e-05,0.0,2.5946711399503994e-05,-0.0007818608287724,2.6449779629472008e-05,-0.0015637216575449,4.7563166265667946e-05,-0.0023455824863173,2.3566811696193784e-05,0.001563721657545,5.127426190058582e-06,0.0023455824863174,2.668196496638032e-05,0.00312744331509,2.9774480166218293e-05,0.0039093041438624,3.8298971323026254e-05,0.0046911649726348,5.999456269151979e-05,1,0,1,1,1
1636,3,14:31:51,4,0.001563721657545,330262.0,0.0011727912431587,0.0007818608287726,1.5420976126327132e-05,0.0,2.5946711399503994e-05,-0.0007818608287724,2.6449779629472008e-05,-0.0015637216575449,4.7543817487592256e-05,-0.0023455824863173,2.3566811696193784e-05,0.001563721657545,5.243518858512739e-06,0.0023455824863174,2.439880915344857e-05,0.00312744331509,3.0219502061959227e-05,0.0039093041438624,3.8298971323026254e-05,0.0046911649726348,6.018805047227672e-05,1,0,1,1,1
1637,3,14:31:54,4,0.0007818608287726,111360.0,0.0011727912431587,0.0007818608287726,1.3834376324120324e-05,0.0,2.5946711399503994e-05,-0.0007818608287724,2.6449779629472008e-05,-0.0015637216575449,4.762121259989503e-05,-0.0023455824863173,2.3566811696193784e-05,0.001563721657545,5.940074869237678e-06,0.0023455824863174,2.387639214540487e-05,0.00312744331509,3.0703221513851547e-05,0.0039093041438624,3.8298971323026254e-05,0.0046911649726348,6.018805047227672e-05,0,0,1,1,1
1638,3,14:31:57,4,0.001563721657545,716071.0,0.0019546520719313,0.001563721657545,1.5285534679797282e-06,0.0007818608287726,1.3853725102196018e-05,0.0,2.5946711399503994e-05,-0.0007818608287724,2.4843831049189503e-05,-0.0015637216575449,4.762121259989503e-05,0.0023455824863174,2.4050531148086104e-05,0.00312744331509,3.0703221513851547e-05,0.0039093041438624,3.8298971323026254e-05,0.0046911649726348,6.018805047227672e-05,0.0054730258014072,3.0474325469216102e-05,0,0,1,1,1
1639,3,14:32:00,4,0.0007818608287726,444254.0,0.0011727912431587,0.0007818608287726,8.958484249045749e-06,0.0,2.5946711399503994e-05,-0.0007818608287724,2.4843831049189503e-05,-0.0015637216575449,4.762121259989503e-05,-0.0023455824863173,2.3566811696193784e-05,0.001563721657545,9.674389037846382e-07,0.0023455824863174,2.4224670150767335e-05,0.00312744331509,3.167066041763619e-05,0.0039093041438624,3.849245910378319e-05,0.0046911649726348,6.018805047227672e-05,0,0,1,1,1
1640,3,14:32:03,4,0.0007818608287726,29441.0,0.0011727912431587,0.0007818608287726,2.836530865896559e-05,0.0,2.6101501624109536e-05,-0.0007818608287724,2.4843831049189503e-05,-0.0015637216575449,4.762121259989503e-05,-0.0023455824863173,2.3566811696193784e-05,0.001563721657545,5.611145641950901e-06,0.0023455824863174,2.4321414041145803e-05,0.00312744331509,3.252200665296667e-05,0.0039093041438624,3.742827630962008e-05,0.0046911649726348,5.8543404335842834e-05,0,0,1,1,1
1641,3,14:32:06,4,0.0007818608287726,271410.0,0.0011727912431587,0.0007818608287726,2.5385596835308905e-05,0.0,2.478578471496243e-05,-0.0007818608287724,2.4843831049189503e-05,-0.0015637216575449,4.762121259989503e-05,-0.0023455824863173,2.3566811696193784e-05,0.001563721657545,1.4743768893677885e-05,0.0023455824863174,2.403118237001041e-05,0.00312744331509,3.294767977063191e-05,0.0039093041438624,3.742827630962008e-05,0.0046911649726348,5.8543404335842834e-05,0,0,1,1,1
1642,3,14:32:09,4,0.0007818608287726,1747219.0,0.0003909304143863,0.0,2.478578471496243e-05,-0.0007818608287724,2.4843831049189503e-05,-0.0015637216575449,4.7543817487592256e-05,-0.0023455824863173,2.3566811696193784e-05,-0.0031274433150898,4.819838664989295e-05,0.0007818608287726,9.616342703619303e-06,0.001563721657545,1.6369066252036076e-05,0.0023455824863174,2.3915089701556256e-05,0.00312744331509,3.259940176526944e-05,0.0039093041438624,3.742827630962008e-05,1,1,1,1,2
1643,3,14:32:12,4,0.0007818608287726,158672.0,0.0003909304143863,0.0,2.3857043367329176e-05,-0.0007818608287724,2.4843831049189503e-05,-0.0015637216575449,4.829841983254428e-05,-0.0023455824863173,2.3566811696193784e-05,-0.0031274433150898,4.819838664989295e-05,0.0007818608287726,8.145835569866653e-06,0.001563721657545,1.714301737506379e-05,0.0023455824863174,2.4205321372691645e-05,0.00312744331509,3.252200665296667e-05,0.0039093041438624,3.742827630962008e-05,1,1,1,1,2
1644,3,14:32:15,4,0.0007818608287726,586232.0,0.0003909304143863,0.0,2.457294815612981e-05,-0.0007818608287724,2.641108207332062e-05,-0.0015637216575449,4.829841983254428e-05,-0.0023455824863173,2.3566811696193784e-05,-0.0031274433150898,4.819838664989295e-05,0.0007818608287726,1.1028803503144874e-06,0.001563721657545,1.561446390708406e-05,0.0023455824863174,2.534689927915752e-05,0.00312744331509,3.290898221448052e-05,0.0039093041438624,4.129803192475863e-05,1,1,1,2,2
1645,3,14:32:18,4,0.0007818608287726,103680.0,0.0003909304143863,0.0,2.457294815612981e-05,-0.0007818608287724,2.641108207332062e-05,-0.0015637216575449,4.905302217749629e-05,-0.0023455824863173,2.3566811696193784e-05,-0.0031274433150898,4.819838664989295e-05,0.0007818608287726,2.8636191552025288e-05,0.001563721657545,1.5324232235948667e-05,0.0023455824863174,2.534689927915752e-05,0.00312744331509,3.360553822520546e-05,0.0039093041438624,3.853115665993457e-05,1,1,1,2,2
1646,3,14:32:21,4,0.0007818608287726,10240.0,0.0003909304143863,0.0,2.544364316953598e-05,-0.0007818608287724,2.641108207332062e-05,-0.0015637216575449,4.905302217749629e-05,-0.0023455824863173,2.3566811696193784e-05,-0.0031274433150898,4.819838664989295e-05,0.0007818608287726,2.8636191552025288e-05,0.001563721657545,1.4085910439104332e-05,0.0023455824863174,2.6294989404866463e-05,0.00312744331509,3.360553822520546e-05,0.0039093041438624,3.570623506088342e-05,1,1,1,2,2
1647,3,14:32:24,4,0.0007818608287726,67840.0,0.0003909304143863,0.0,2.544364316953598e-05,-0.0007818608287724,2.64691284075477e-05,-0.0015637216575449,4.905302217749629e-05,-0.0023455824863173,2.3566811696193784e-05,-0.0031274433150898,4.819838664989295e-05,0.0007818608287726,2.9448840231204383e-05,0.001563721657545,1.4685722559450809e-05,0.0023455824863174,3.0068001129626555e-05,0.00312744331509,3.379902600596239e-05,0.0039093041438624,3.570623506088342e-05,1,1,1,2,2
1648,3,14:32:27,4,0.0007818608287726,97280.0,0.0003909304143863,0.0,2.583061873104984e-05,-0.0007818608287724,2.664326741022893e-05,-0.0015637216575449,4.905302217749629e-05,-0.0023455824863173,2.3566811696193784e-05,-0.0031274433150898,4.819838664989295e-05,0.0007818608287726,2.7978333097451733e-05,0.001563721657545,1.485986156213204e-05,0.0023455824863174,2.9681025568112697e-05,0.00312744331509,3.379902600596239e-05,0.0039093041438624,3.609321062239728e-05,1,2,1,2,2
1649,3,14:32:30,4,0.0007818608287726,213760.0,0.0003909304143863,0.0,2.583061873104984e-05,-0.0007818608287724,2.6178896736412308e-05,-0.0015637216575449,4.905302217749629e-05,-0.0023455824863173,2.3566811696193784e-05,-0.0031274433150898,4.819838664989295e-05,0.0007818608287726,2.6062804067958156e-05,0.001563721657545,1.485986156213204e-05,0.0023455824863174,2.9681025568112697e-05,0.00312744331509,3.379902600596239e-05,0.0039093041438624,3.609321062239728e-05,1,2,1,2,2
1650,3,14:32:33,4,0.0007818608287726,57600.0,0.0003909304143863,0.0,2.5869316287201226e-05,-0.0007818608287724,2.6178896736412308e-05,-0.0015637216575449,4.90336733994206e-05,-0.0023455824863173,2.35281141400424e-05,-0.0031274433150898,4.819838664989295e-05,0.0007818608287726,2.739786975518095e-05,0.001563721657545,1.485986156213204e-05,0.0023455824863174,2.9681025568112697e-05,0.00312744331509,3.379902600596239e-05,0.0039093041438624,3.609321062239728e-05,1,2,1,2,2
1651,3,14:32:36,4,0.0007818608287726,144604.0,0.0003909304143863,0.0,2.6952847859440017e-05,-0.0007818608287724,2.6178896736412308e-05,-0.0015637216575449,4.942064896093445e-05,-0.0023455824863173,2.35281141400424e-05,-0.0031274433150898,4.726964530225969e-05,0.0007818608287726,2.6062804067958156e-05,0.001563721657545,1.485986156213204e-05,0.0023455824863174,3.372492018593249e-05,0.00312744331509,3.368293333750823e-05,0.0039093041438624,3.609321062239728e-05,1,2,1,2,2
1652,3,14:32:39,4,0.0007818608287726,458029.0,0.0003909304143863,0.0,2.2870255685468847e-05,-0.0007818608287724,2.6178896736412308e-05,-0.0015637216575449,4.942064896093445e-05,-0.0023455824863173,2.35281141400424e-05,-0.0031274433150898,4.707615752150276e-05,0.0007818608287726,2.494057493956797e-05,0.001563721657545,1.4801815227904964e-05,0.0023455824863174,3.384101285438664e-05,0.00312744331509,3.34894455567513e-05,0.0039093041438624,3.609321062239728e-05,1,2,1,2,2
1653,3,14:32:42,4,0.0,62676.0,0.0003909304143863,0.0,2.2018909450138365e-05,-0.0007818608287724,2.6507825963699083e-05,-0.0015637216575449,4.942064896093445e-05,-0.0023455824863173,2.35281141400424e-05,-0.0031274433150898,4.707615752150276e-05,0.0007818608287726,2.5153411498400592e-05,0.001563721657545,1.4801815227904964e-05,0.0023455824863174,3.384101285438664e-05,0.00312744331509,3.34894455567513e-05,0.0039093041438624,3.570623506088342e-05,2,2,1,2,2
1654,3,14:32:45,4,0.0,1279.0,0.0003909304143863,0.0,2.2870255685468847e-05,-0.0007818608287724,2.660456985407755e-05,-0.0015637216575449,4.942064896093445e-05,-0.0023455824863173,2.35281141400424e-05,-0.0031274433150898,4.504453582355503e-05,0.0007818608287726,2.5153411498400592e-05,0.001563721657545,1.4995303008661891e-05,0.0023455824863174,3.384101285438664e-05,0.00312744331509,3.34894455567513e-05,0.0039093041438624,3.570623506088342e-05,2,2,1,2,2
1655,3,14:32:48,4,0.0007818608287726,1333740.0,0.0003909304143863,0.0,2.3915089701556256e-05,-0.0007818608287724,2.660456985407755e-05,-0.0015637216575449,4.942064896093445e-05,-0.0023455824863173,2.35281141400424e-05,-0.0031274433150898,4.504453582355503e-05,0.0007818608287726,5.572448085799515e-06,0.001563721657545,1.4995303008661891e-05,0.0023455824863174,3.3860361632462336e-05,0.00312744331509,3.368293333750823e-05,0.0039093041438624,3.570623506088342e-05,2,2,1,2,2
1656,3,14:32:51,4,0.0007818608287726,125362.0,0.0003909304143863,0.0,2.2599372792409147e-05,-0.0007818608287724,2.660456985407755e-05,-0.0015637216575449,4.990436841282677e-05,-0.0023455824863173,2.35281141400424e-05,-0.0031274433150898,4.504453582355503e-05,0.0007818608287726,5.301565192739817e-06,0.001563721657545,1.4995303008661891e-05,0.0023455824863174,3.707225879302733e-05,0.00312744331509,3.426339667977902e-05,0.0039093041438624,3.570623506088342e-05,2,2,1,2,2
1657,3,14:32:54,4,0.0007818608287726,24319.0,0.0003909304143863,0.0,2.3237882468907008e-05,-0.0007818608287724,2.6449779629472008e-05,-0.0015637216575449,4.990436841282677e-05,-0.0023455824863173,2.35281141400424e-05,-0.0031274433150898,4.504453582355503e-05,0.0007818608287726,5.978772425389064e-06,0.001563721657545,1.4995303008661891e-05,0.0023455824863174,3.720770023955718e-05,0.00312744331509,3.5172789249336575e-05,0.0039093041438624,3.648018618391113e-05,2,2,1,2,2
1658,3,14:32:57,4,0.0007818608287726,412160.0,0.0011727912431587,0.0007818608287726,4.088396807393881e-05,0.0,2.3508765361966708e-05,-0.0007818608287724,2.6449779629472008e-05,-0.0015637216575449,4.990436841282677e-05,-0.0023455824863173,2.35281141400424e-05,0.001563721657545,1.427939821986126e-05,0.0023455824863174,3.740118802031411e-05,0.00312744331509,3.51147429151095e-05,0.0039093041438624,3.648018618391113e-05,0.0046911649726348,5.775010443473943e-05,1,1,1,1,1
1659,3,14:33:00,4,0.0007818608287726,170347.0,0.0011727912431587,0.0007818608287726,4.03808998439708e-05,0.0,2.6275640626790773e-05,-0.0007818608287724,2.6565872297926163e-05,-0.0015637216575449,4.986567085667539e-05,-0.0023455824863173,2.35281141400424e-05,0.001563721657545,1.2576705749200296e-05,0.0023455824863174,3.740118802031411e-05,0.00312744331509,3.51147429151095e-05,0.0039093041438624,3.648018618391113e-05,0.0046911649726348,5.775010443473943e-05,1,1,1,1,2
1660,3,14:33:03,4,0.0007818608287726,6400.0,0.0011727912431587,0.0007818608287726,4.127094363545266e-05,0.0,2.639173329524493e-05,-0.0007818608287724,2.6565872297926163e-05,-0.0015637216575449,5.011720497165939e-05,-0.0023455824863173,2.35281141400424e-05,0.001563721657545,1.2576705749200296e-05,0.0023455824863174,3.740118802031411e-05,0.00312744331509,3.51147429151095e-05,0.0039093041438624,3.648018618391113e-05,0.0046911649726348,5.7556616653982505e-05,1,1,1,1,2
1661,3,14:33:06,4,0.0007818608287726,30729.0,0.0011727912431587,0.0007818608287726,4.127094363545266e-05,0.0,2.6294989404866463e-05,-0.0007818608287724,2.6565872297926163e-05,-0.0015637216575449,5.011720497165939e-05,-0.0023455824863173,2.35281141400424e-05,0.001563721657545,1.2479961858821832e-05,0.0023455824863174,3.740118802031411e-05,0.00312744331509,3.600478670659136e-05,0.0039093041438624,3.678976663312222e-05,0.0046911649726348,5.7556616653982505e-05,1,1,1,1,2
1662,3,14:33:09,4,0.0007818608287726,160060.0,0.0011727912431587,0.0007818608287726,4.049699251242496e-05,0.0,2.668196496638032e-05,-0.0007818608287724,2.6565872297926163e-05,-0.0015637216575449,5.011720497165939e-05,-0.0023455824863173,2.35281141400424e-05,0.001563721657545,1.1357732730431653e-05,0.0023455824863174,3.745923435454119e-05,0.00312744331509,4.155788601431519e-05,0.0039093041438624,3.678976663312222e-05,0.0046911649726348,5.8214475108556056e-05,1,1,1,1,2
1663,3,14:33:12,4,0.001563721657545,35858.0,0.0011727912431587,0.0007818608287726,4.146443141620959e-05,0.0,2.668196496638032e-05,-0.0007818608287724,2.956493289965854e-05,-0.0015637216575449,5.011720497165939e-05,-0.0023455824863173,2.35281141400424e-05,0.001563721657545,1.0332247492419937e-05,0.0023455824863174,3.767207091337381e-05,0.00312744331509,4.155788601431519e-05,0.0039093041438624,3.678976663312222e-05,0.0046911649726348,5.8214475108556056e-05,1,1,1,1,2
1664,3,14:33:15,4,0.0007818608287726,147235.0,0.0011727912431587,0.0007818608287726,4.001327306053263e-05,0.0,2.6778708856758783e-05,-0.0007818608287724,2.956493289965854e-05,-0.0015637216575449,5.011720497165939e-05,-0.0023455824863173,2.35281141400424e-05,0.001563721657545,9.577645147467915e-06,0.0023455824863174,3.68981197903461e-05,0.00312744331509,4.155788601431519e-05,0.0039093041438624,3.678976663312222e-05,0.0046911649726348,5.8214475108556056e-05,1,1,1,1,1
1665,3,14:33:18,4,0.001563721657545,72983.0,0.0011727912431587,0.0007818608287726,3.962629749901878e-05,0.0,2.6778708856758783e-05,-0.0007818608287724,2.956493289965854e-05,-0.0015637216575449,5.011720497165939e-05,-0.0023455824863173,2.35281141400424e-05,0.001563721657545,9.132623251726983e-06,0.0023455824863174,3.728509535185995e-05,0.00312744331509,4.155788601431519e-05,0.0039093041438624,3.678976663312222e-05,0.0046911649726348,5.8214475108556056e-05,1,1,1,1,1
1666,3,14:33:21,4,0.001563721657545,229290.0,0.0011727912431587,0.0007818608287726,4.001327306053263e-05,0.0,2.7746147760543423e-05,-0.0007818608287724,2.956493289965854e-05,-0.0015637216575449,5.011720497165939e-05,-0.0023455824863173,2.35281141400424e-05,0.001563721657545,6.017469981540449e-06,0.0023455824863174,3.7246397795708566e-05,0.00312744331509,4.345406626573308e-05,0.0039093041438624,3.678976663312222e-05,0.0046911649726348,5.8214475108556056e-05,1,1,1,1,1
1667,3,14:33:24,4,0.001563721657545,48668.0,0.0011727912431587,0.0007818608287726,3.981978527977571e-05,0.0,2.7958984319376044e-05,-0.0007818608287724,2.956493289965854e-05,-0.0015637216575449,5.011720497165939e-05,-0.0023455824863173,2.35281141400424e-05,0.001563721657545,5.630494420026594e-06,0.0023455824863174,3.958759994286739e-05,0.00312744331509,4.345406626573308e-05,0.0039093041438624,3.678976663312222e-05,0.0046911649726348,5.805968488395052e-05,1,1,1,1,1
1668,3,14:33:27,4,0.0007818608287726,3842.0,0.0011727912431587,0.0007818608287726,4.098071196431727e-05,0.0,2.7958984319376044e-05,-0.0007818608287724,2.956493289965854e-05,-0.0015637216575449,5.011720497165939e-05,-0.0023455824863173,2.3431370249663936e-05,0.001563721657545,7.5653722275958705e-06,0.0023455824863174,3.98391340578514e-05,0.00312744331509,4.430541250106356e-05,0.0039093041438624,3.678976663312222e-05,0.0046911649726348,5.805968488395052e-05,1,1,1,1,1
1669,3,14:33:30,4,0.0007818608287726,768203.0,0.0011727912431587,0.0007818608287726,3.333794462441863e-05,0.0,2.7958984319376044e-05,-0.0007818608287724,2.946818900928008e-05,-0.0015637216575449,5.011720497165939e-05,-0.0023455824863173,2.3431370249663936e-05,0.001563721657545,3.85040683706286e-06,0.0023455824863174,3.9877831614002783e-05,0.00312744331509,4.415062227645802e-05,0.0039093041438624,3.744762508769577e-05,0.0046911649726348,5.858210189199422e-05,1,2,1,1,1
1670,3,14:33:33,4,0.001563721657545,7686.0,0.0011727912431587,0.0007818608287726,3.357012996132694e-05,0.0,2.8732935442403756e-05,-0.0007818608287724,2.946818900928008e-05,-0.0015637216575449,5.011720497165939e-05,-0.0023455824863173,2.3431370249663936e-05,0.001563721657545,3.5601751659274683e-06,0.0023455824863174,4.0071319394759714e-05,0.00312744331509,4.415062227645802e-05,0.0039093041438624,3.744762508769577e-05,0.0046911649726348,5.858210189199422e-05,1,1,1,1,1
1671,3,14:33:36,4,0.001563721657545,102460.0,0.0011727912431587,0.0007818608287726,5.398309083118281e-05,0.0,2.882967933278221e-05,-0.0007818608287724,2.946818900928008e-05,-0.0015637216575449,5.176185110809328e-05,-0.0023455824863173,2.3431370249663936e-05,0.001563721657545,5.591796863875208e-06,0.0023455824863174,4.0071319394759714e-05,0.00312744331509,4.620159275248145e-05,0.0039093041438624,3.744762508769577e-05,0.0046911649726348,5.858210189199422e-05,1,1,1,1,1
1672,3,14:33:39,4,0.001563721657545,37129.0,0.0011727912431587,0.0007818608287726,5.3886346940804345e-05,0.0,2.882967933278221e-05,-0.0007818608287724,2.948753778735577e-05,-0.0015637216575449,5.176185110809328e-05,-0.0023455824863173,2.3431370249663936e-05,0.001563721657545,6.578584545735539e-06,0.0023455824863174,4.022610961936525e-05,0.00312744331509,4.8329958340807655e-05,0.0039093041438624,3.744762508769577e-05,0.0046911649726348,5.858210189199422e-05,1,1,1,1,1
1673,3,14:33:42,4,0.001563721657545,135786.0,0.0011727912431587,0.0007818608287726,5.446681028307513e-05,0.0,2.877163299855514e-05,-0.0007818608287724,2.946818900928008e-05,-0.0015637216575449,5.176185110809328e-05,-0.0023455824863173,2.3431370249663936e-05,0.001563721657545,4.392172623182257e-06,0.0023455824863174,4.041959740012218e-05,0.00312744331509,4.8329958340807655e-05,0.0039093041438624,3.744762508769577e-05,0.0046911649726348,5.858210189199422e-05,1,1,1,1,1
1674,3,14:33:45,4,0.001563721657545,33306.0,0.0011727912431587,0.0007818608287726,5.862679756934907e-05,0.0,2.923600367237177e-05,-0.0007818608287724,2.946818900928008e-05,-0.0015637216575449,5.176185110809328e-05,-0.0023455824863173,2.3431370249663936e-05,0.001563721657545,3.889104393214245e-06,0.0023455824863174,4.041959740012218e-05,0.00312744331509,4.8329958340807655e-05,0.0039093041438624,3.7641112868452704e-05,0.0046911649726348,5.862079944814561e-05,2,2,1,1,1
1675,3,14:33:48,4,0.0007818608287726,29460.0,0.0011727912431587,0.0007818608287726,5.8568751235122e-05,0.0,2.923600367237177e-05,-0.0007818608287724,2.946818900928008e-05,-0.0015637216575449,5.176185110809328e-05,-0.0023455824863173,2.3431370249663936e-05,0.001563721657545,3.521477609776083e-06,0.0023455824863174,4.043894617819787e-05,0.00312744331509,5.026483614837693e-05,0.0039093041438624,3.7641112868452704e-05,0.0046911649726348,5.885298478505392e-05,1,2,1,1,1
1676,3,14:33:51,4,0.0007818608287726,216367.0,0.0011727912431587,0.0007818608287726,5.634364175641733e-05,0.0,3.525347365391222e-05,-0.0007818608287724,2.937144511890161e-05,-0.0015637216575449,5.176185110809328e-05,-0.0023455824863173,2.35281141400424e-05,0.001563721657545,2.999060601732378e-06,0.0023455824863174,4.0516341290500645e-05,0.00312744331509,4.956828013765199e-05,0.0039093041438624,3.7641112868452704e-05,0.0046911649726348,5.894972867543239e-05,1,2,1,1,1
1677,3,14:33:54,4,0.0007818608287726,330361.0,0.0011727912431587,0.0007818608287726,5.413788105578835e-05,0.0,3.525347365391222e-05,-0.0007818608287724,2.78041940947705e-05,-0.0015637216575449,5.176185110809328e-05,-0.0023455824863173,2.35281141400424e-05,0.001563721657545,1.5672510241311135e-06,0.0023455824863174,4.0516341290500645e-05,0.00312744331509,4.956828013765199e-05,0.0039093041438624,3.7641112868452704e-05,0.0046911649726348,5.894972867543239e-05,1,2,1,1,1
1678,3,14:33:57,4,0.001563721657545,67855.0,0.0011727912431587,0.0007818608287726,5.570513207991947e-05,0.0,3.4866498092398355e-05,-0.0007818608287724,2.78041940947705e-05,-0.0015637216575449,5.176185110809328e-05,-0.0023455824863173,2.35281141400424e-05,0.001563721657545,1.6446461364338848e-06,0.0023455824863174,4.057438762472772e-05,0.00312744331509,4.743991454932579e-05,0.0039093041438624,3.7641112868452704e-05,0.0046911649726348,5.894972867543239e-05,1,2,1,1,1
1679,3,14:34:00,4,0.001563721657545,128100.0,0.0019546520719313,0.001563721657545,1.1222291283901802e-06,0.0007818608287726,5.82785195639866e-05,0.0,3.4227988415900494e-05,-0.0007818608287724,2.7997681875527423e-05,-0.0015637216575449,5.176185110809328e-05,0.0023455824863174,4.055503884665203e-05,0.00312744331509,4.558243185405928e-05,0.0039093041438624,3.7641112868452704e-05,0.0046911649726348,5.914321645618931e-05,0.0054730258014072,3.066781324997303e-05,1,1,1,1,1
1680,3,14:34:03,4,0.0007818608287726,171688.0,0.0011727912431587,0.0007818608287726,5.781414889016997e-05,0.0,3.5195427319685134e-05,-0.0007818608287724,2.7997681875527423e-05,-0.0015637216575449,5.176185110809328e-05,-0.0023455824863173,2.35281141400424e-05,0.001563721657545,4.218033620501022e-06,0.0023455824863174,3.732379290801134e-05,0.00312744331509,4.542764162945374e-05,0.0039093041438624,3.7641112868452704e-05,0.0046911649726348,5.914321645618931e-05,2,2,1,2,1
1681,3,14:34:06,4,0.001563721657545,316394.0,0.001563721657545,0.0007818608287726,5.860744879127338e-05,0.0,3.5195427319685134e-05,-0.0007818608287724,2.8965120779312063e-05,-0.0015637216575449,5.176185110809328e-05,-0.0023455824863173,2.35281141400424e-05,0.0023455824863174,3.5621100437350375e-05,0.00312744331509,4.523415384869681e-05,0.0039093041438624,3.7641112868452704e-05,0.0046911649726348,5.914321645618931e-05,0.0054730258014072,3.221571549602845e-05,1,1,1,2,1
1682,3,14:34:09,4,0.0007818608287726,101139.0,0.0011727912431587,0.0007818608287726,5.789154400247275e-05,0.0,3.523412487583652e-05,-0.0007818608287724,2.8965120779312063e-05,-0.0015637216575449,5.176185110809328e-05,-0.0023455824863173,2.35281141400424e-05,0.001563721657545,4.8565432969988834e-06,0.0023455824863174,3.184808871259029e-05,0.00312744331509,4.523415384869681e-05,0.0039093041438624,3.7641112868452704e-05,0.0046911649726348,5.914321645618931e-05,2,2,1,2,1
1683,3,14:34:12,4,0.001563721657545,80703.0,0.0011727912431587,0.0007818608287726,5.789154400247275e-05,0.0,3.523412487583652e-05,-0.0007818608287724,2.8965120779312063e-05,-0.0015637216575449,5.176185110809328e-05,-0.0023455824863173,2.35281141400424e-05,0.001563721657545,3.6375702782302393e-06,0.0023455824863174,3.099674247725981e-05,0.00312744331509,4.784623888891533e-05,0.0039093041438624,3.7641112868452704e-05,0.0046911649726348,5.914321645618931e-05,2,2,1,2,1
1684,3,14:34:15,4,0.001563721657545,267985.0,0.0019546520719313,0.001563721657545,1.6191057493739703e-05,0.0007818608287726,5.853005367897061e-05,0.0,3.523412487583652e-05,-0.0007818608287724,2.9003818335463453e-05,-0.0015637216575449,5.176185110809328e-05,0.0023455824863174,3.177069360028752e-05,0.00312744331509,4.784623888891533e-05,0.0039093041438624,3.7641112868452704e-05,0.0046911649726348,5.914321645618931e-05,0.0054730258014072,3.221571549602845e-05,1,1,1,1,1
1685,3,14:34:18,4,0.001563721657545,165249.0,0.0019546520719313,0.001563721657545,3.325667975650072e-05,0.0007818608287726,6.179999717376268e-05,0.0,3.523412487583652e-05,-0.0007818608287724,2.9003818335463453e-05,-0.0015637216575449,5.185859499847174e-05,0.0023455824863174,3.1925483824893056e-05,0.00312744331509,4.784623888891533e-05,0.0039093041438624,3.7641112868452704e-05,0.0046911649726348,5.914321645618931e-05,0.0054730258014072,3.221571549602845e-05,1,1,1,1,1
1686,3,14:34:21,4,0.001563721657545,208803.0,0.0019546520719313,0.001563721657545,3.01028289301628e-05,0.0007818608287726,6.179999717376268e-05,0.0,3.52921712100636e-05,-0.0007818608287724,2.9003818335463453e-05,-0.0015637216575449,5.185859499847174e-05,0.0023455824863174,3.26026910575423e-05,0.00312744331509,5.1715994504053885e-05,0.0039093041438624,3.7641112868452704e-05,0.0046911649726348,5.914321645618931e-05,0.0054730258014072,3.240920327678538e-05,1,1,1,1,1
1687,3,14:34:24,4,0.001563721657545,155001.0,0.0019546520719313,0.001563721657545,2.9657807034421866e-05,0.0007818608287726,5.6614524649477024e-05,0.0,3.52921712100636e-05,-0.0007818608287724,2.9003818335463453e-05,-0.0015637216575449,5.205208277922867e-05,0.0023455824863174,3.219636671795276e-05,0.00312744331509,5.1715994504053885e-05,0.0039093041438624,3.7641112868452704e-05,0.0046911649726348,5.923996034656777e-05,0.0054730258014072,3.240920327678538e-05,1,1,1,1,1
1688,3,14:34:27,4,0.001563721657545,8967.0,0.0019546520719313,0.001563721657545,4.093814465255075e-05,0.0007818608287726,5.6614524649477024e-05,0.0,3.625961011384824e-05,-0.0007818608287724,3.198353015912014e-05,-0.0015637216575449,5.205208277922867e-05,0.0023455824863174,3.219636671795276e-05,0.00312744331509,5.1715994504053885e-05,0.0039093041438624,3.7641112868452704e-05,0.0046911649726348,5.923996034656777e-05,0.0054730258014072,3.240920327678538e-05,1,1,1,1,1
1689,3,14:34:30,4,0.001563721657545,288228.0,0.0019546520719313,0.001563721657545,3.948698629687379e-05,0.0007818608287726,5.7388475772504734e-05,0.0,3.656919056305932e-05,-0.0007818608287724,3.198353015912014e-05,-0.0015637216575449,5.0407436642794784e-05,0.0023455824863174,3.2467249611012455e-05,0.00312744331509,5.19481798409622e-05,0.0039093041438624,3.7641112868452704e-05,0.0046911649726348,5.923996034656777e-05,0.0054730258014072,3.240920327678538e-05,1,1,1,1,1
1690,3,14:34:33,4,0.001563721657545,0.0,0.0019546520719313,0.001563721657545,3.793908405081837e-05,0.0007818608287726,5.7388475772504734e-05,0.0,3.656919056305932e-05,-0.0007818608287724,2.9023167113539146e-05,-0.0015637216575449,5.0407436642794784e-05,0.0023455824863174,3.310575928751032e-05,0.00312744331509,5.19481798409622e-05,0.0039093041438624,3.7641112868452704e-05,0.0046911649726348,5.923996034656777e-05,0.0054730258014072,3.240920327678538e-05,1,1,1,1,1
1691,3,14:34:36,4,0.001563721657545,134505.0,0.0019546520719313,0.001563721657545,3.590746235287063e-05,0.0007818608287726,5.851070490089491e-05,0.0,3.656919056305932e-05,-0.0007818608287724,2.9023167113539146e-05,-0.0015637216575449,5.0407436642794784e-05,0.0023455824863174,3.50406370950796e-05,0.00312744331509,5.19481798409622e-05,0.0039093041438624,3.7737856758831166e-05,0.0046911649726348,5.923996034656777e-05,0.0054730258014072,3.240920327678538e-05,1,1,1,1,1
1692,3,14:34:39,4,0.001563721657545,48704.0,0.0019546520719313,0.001563721657545,3.579136968441647e-05,0.0007818608287726,5.851070490089491e-05,0.0,3.656919056305932e-05,-0.0007818608287724,2.9023167113539146e-05,-0.0015637216575449,5.0407436642794784e-05,0.0023455824863174,3.453756886511158e-05,0.00312744331509,5.19481798409622e-05,0.0039093041438624,3.7737856758831166e-05,0.0046911649726348,5.923996034656777e-05,0.0054730258014072,3.240920327678538e-05,1,1,1,1,1
1693,3,14:34:42,4,0.001563721657545,112778.0,0.0019546520719313,0.001563721657545,3.505611611754015e-05,0.0007818608287726,5.8646146347424766e-05,0.0,3.85040683706286e-05,-0.0007818608287724,2.931339878467453e-05,-0.0015637216575449,5.0407436642794784e-05,0.0023455824863174,3.720770023955718e-05,0.00312744331509,5.19481798409622e-05,0.0039093041438624,3.8086134764193634e-05,0.0046911649726348,6.516068643772976e-05,0.0054730258014072,3.240920327678538e-05,1,1,1,1,1
1694,3,14:34:45,4,0.0023455824863174,144863.0,0.0019546520719313,0.001563721657545,3.561723068173524e-05,0.0007818608287726,5.8646146347424766e-05,0.0,3.85040683706286e-05,-0.0007818608287724,2.931339878467453e-05,-0.0015637216575449,5.0407436642794784e-05,0.0023455824863174,3.511803220738236e-05,0.00312744331509,5.19481798409622e-05,0.0039093041438624,3.8086134764193634e-05,0.0046911649726348,6.516068643772976e-05,0.0054730258014072,3.240920327678538e-05,1,1,1,1,1
1695,3,14:34:48,4,0.001563721657545,55340.0,0.0019546520719313,0.001563721657545,3.478136346886531e-05,0.0007818608287726,5.874289023780323e-05,0.0,3.85040683706286e-05,-0.0007818608287724,2.9255352450447456e-05,-0.0015637216575449,5.0407436642794784e-05,0.0023455824863174,3.511803220738236e-05,0.00312744331509,5.231580662440036e-05,0.0039093041438624,3.8086134764193634e-05,0.0046911649726348,6.516068643772976e-05,0.0054730258014072,3.240920327678538e-05,1,1,1,1,1
1696,3,14:34:51,4,0.0023455824863174,107688.0,0.0019546520719313,0.001563721657545,3.520703658653055e-05,0.0007818608287726,5.874289023780323e-05,0.0,3.85040683706286e-05,-0.0007818608287724,2.9255352450447456e-05,-0.0015637216575449,5.0407436642794784e-05,0.0023455824863174,3.351208362709987e-05,0.00312744331509,5.231580662440036e-05,0.0039093041438624,3.8086134764193634e-05,0.0046911649726348,6.516068643772976e-05,0.0054730258014072,3.240920327678538e-05,1,1,1,1,1
1697,3,14:34:54,4,0.001563721657545,26902.0,0.0019546520719313,0.001563721657545,3.4820061025016693e-05,0.0007818608287726,5.874289023780323e-05,0.0,3.85040683706286e-05,-0.0007818608287724,2.9255352450447456e-05,-0.0015637216575449,5.0407436642794784e-05,0.0023455824863174,3.424733719397619e-05,0.00312744331509,5.231580662440036e-05,0.0039093041438624,3.8086134764193634e-05,0.0046911649726348,6.516068643772976e-05,0.0054730258014072,3.240920327678538e-05,1,1,1,1,1
1698,3,14:34:57,4,0.001563721657545,176778.0,0.0019546520719313,0.001563721657545,3.3136717332431427e-05,0.0007818608287726,6.172260206145991e-05,0.0,3.85040683706286e-05,-0.0007818608287724,2.9216654894296076e-05,-0.0015637216575449,5.0407436642794784e-05,0.0023455824863174,3.871690492946122e-05,0.00312744331509,5.239320173670313e-05,0.0039093041438624,4.017580279636845e-05,0.0046911649726348,6.61281253415144e-05,0.0054730258014072,3.240920327678538e-05,1,1,1,1,1
1699,3,14:35:00,4,0.0023455824863174,2564.0,0.0019546520719313,0.001563721657545,3.344629778164251e-05,0.0007818608287726,6.181934595183838e-05,0.0,3.85040683706286e-05,-0.0007818608287724,2.931339878467453e-05,-0.0015637216575449,5.0407436642794784e-05,0.0023455824863174,3.773011724760089e-05,0.00312744331509,5.239320173670313e-05,0.0039093041438624,4.017580279636845e-05,0.0046911649726348,6.651510090302825e-05,0.0054730258014072,3.240920327678538e-05,1,1,1,1,1
1700,3,14:35:03,4,0.0023455824863174,275625.0,0.0019546520719313,0.001563721657545,3.342694900356682e-05,0.0007818608287726,6.174195083953561e-05,0.0,3.85040683706286e-05,-0.0007818608287724,2.9119911003917608e-05,-0.0015637216575449,5.0407436642794784e-05,0.0023455824863174,3.55437053250476e-05,0.00312744331509,5.254799196130868e-05,0.0039093041438624,4.017580279636845e-05,0.0046911649726348,6.651510090302825e-05,0.0054730258014072,3.240920327678538e-05,1,1,1,1,1
1701,3,14:35:06,4,0.0023455824863174,203725.0,0.0019546520719313,0.001563721657545,3.352369289394528e-05,0.0007818608287726,6.315441163906117e-05,0.0,3.85040683706286e-05,-0.0007818608287724,2.9119911003917608e-05,-0.0015637216575449,5.0407436642794784e-05,0.0023455824863174,3.4750405423944204e-05,0.00312744331509,5.254799196130868e-05,0.0039093041438624,4.017580279636845e-05,0.0046911649726348,6.651510090302825e-05,0.0054730258014072,3.240920327678538e-05,1,1,1,1,1
1702,3,14:35:09,4,0.001563721657545,20509.0,0.0019546520719313,0.001563721657545,3.352369289394528e-05,0.0007818608287726,6.325115552943964e-05,0.0,3.85040683706286e-05,-0.0007818608287724,2.9216654894296076e-05,-0.0015637216575449,5.0407436642794784e-05,0.0023455824863174,3.513738098545806e-05,0.00312744331509,5.254799196130868e-05,0.0039093041438624,4.017580279636845e-05,0.0046911649726348,6.651510090302825e-05,0.0054730258014072,3.240920327678538e-05,1,1,1,1,1
1703,3,14:35:12,4,0.001563721657545,293545.0,0.0019546520719313,0.001563721657545,3.342694900356682e-05,0.0007818608287726,6.327050430751534e-05,0.0,3.85040683706286e-05,-0.0007818608287724,2.9216654894296076e-05,-0.0015637216575449,5.0407436642794784e-05,0.0023455824863174,3.20802740494986e-05,0.00312744331509,5.254799196130868e-05,0.0039093041438624,4.017580279636845e-05,0.0046911649726348,6.66505423495581e-05,0.0054730258014072,3.240920327678538e-05,1,1,1,1,1
1704,3,14:35:15,4,0.001563721657545,0.0,0.0019546520719313,0.001563721657545,3.342694900356682e-05,0.0007818608287726,6.30770165267584e-05,0.0,3.85040683706286e-05,-0.0007818608287724,2.9216654894296076e-05,-0.0015637216575449,3.1697168243599884e-05,0.0023455824863174,3.206092527142291e-05,0.00312744331509,5.254799196130868e-05,0.0039093041438624,4.017580279636845e-05,0.0046911649726348,6.653444968110394e-05,0.0054730258014072,3.240920327678538e-05,1,1,1,1,1
1705,3,14:35:18,4,0.0023455824863174,87176.0,0.0019546520719313,0.001563721657545,3.3601088006248054e-05,0.0007818608287726,6.30770165267584e-05,0.0,3.745923435454119e-05,-0.0007818608287724,2.9216654894296076e-05,-0.0015637216575449,3.1697168243599884e-05,0.0023455824863174,3.480845175817128e-05,0.00312744331509,5.285757241051976e-05,0.0039093041438624,4.017580279636845e-05,0.0046911649726348,6.653444968110394e-05,0.0054730258014072,3.240920327678538e-05,1,1,1,1,1
1706,3,14:35:21,4,0.0023455824863174,11532.0,0.0019546520719313,0.001563721657545,3.406545868006468e-05,0.0007818608287726,6.30770165267584e-05,0.0,3.745923435454119e-05,-0.0007818608287724,2.9216654894296076e-05,-0.0015637216575449,3.1697168243599884e-05,0.0023455824863174,3.480845175817128e-05,0.00312744331509,5.285757241051976e-05,0.0039093041438624,4.203328549163496e-05,0.0046911649726348,6.653444968110394e-05,0.0054730258014072,2.8539447661646826e-05,1,1,1,1,1
1707,3,14:35:24,4,0.001563721657545,133326.0,0.0019546520719313,0.001563721657545,3.4026761123913294e-05,0.0007818608287726,6.30770165267584e-05,0.0,3.745923435454119e-05,-0.0007818608287724,2.9216654894296076e-05,-0.0015637216575449,3.1697168243599884e-05,0.0023455824863174,3.34153397367214e-05,0.00312744331509,5.285757241051976e-05,0.0039093041438624,4.203328549163496e-05,0.0046911649726348,6.653444968110394e-05,0.0054730258014072,2.8539447661646826e-05,1,1,1,1,1
1708,3,14:35:27,4,0.001563721657545,210084.0,0.0019546520719313,0.001563721657545,3.1085746856407995e-05,0.0007818608287726,6.315441163906117e-05,0.0,3.745923435454119e-05,-0.0007818608287724,2.9216654894296076e-05,-0.0015637216575449,3.1697168243599884e-05,0.0023455824863174,3.438277864050604e-05,0.00312744331509,5.285757241051976e-05,0.0039093041438624,4.203328549163496e-05,0.0046911649726348,6.653444968110394e-05,0.0054730258014072,2.8539447661646826e-05,1,1,1,1,1
1709,3,14:35:30,4,0.001563721657545,1692232.0,0.0019546520719313,0.001563721657545,3.149207119599754e-05,0.0007818608287726,6.319310919521257e-05,0.0,3.745923435454119e-05,-0.0007818608287724,2.9216654894296076e-05,-0.0015637216575449,3.1697168243599884e-05,0.0023455824863174,1.008071337743593e-05,0.00312744331509,5.308975774742807e-05,0.0039093041438624,4.203328549163496e-05,0.0046911649726348,6.750188858488859e-05,0.0054730258014072,2.8539447661646826e-05,1,2,1,1,1
1710,3,14:35:33,4,0.0023455824863174,73074.0,0.0019546520719313,0.001563721657545,3.166621019867877e-05,0.0007818608287726,6.319310919521257e-05,0.0,3.6588539341135015e-05,-0.0007818608287724,2.9216654894296076e-05,-0.0015637216575449,3.1697168243599884e-05,0.0023455824863174,1.112554739352334e-05,0.00312744331509,5.308975774742807e-05,0.0039093041438624,4.203328549163496e-05,0.0046911649726348,6.750188858488859e-05,0.0054730258014072,2.8539447661646826e-05,1,2,1,1,1
1711,3,14:35:36,4,0.001563721657545,28193.0,0.0019546520719313,0.001563721657545,3.257560276823634e-05,0.0007818608287726,6.319310919521257e-05,0.0,3.6588539341135015e-05,-0.0007818608287724,3.3086410509434627e-05,-0.0015637216575449,3.1697168243599884e-05,0.0023455824863174,1.3350656872228009e-05,0.00312744331509,5.930071550972545e-05,0.0039093041438624,4.203328549163496e-05,0.0046911649726348,6.734709836028304e-05,0.0054730258014072,2.8539447661646826e-05,1,2,1,1,1
1712,3,14:35:39,4,0.0023455824863174,60254.0,0.0019546520719313,0.001563721657545,3.296257832975019e-05,0.0007818608287726,6.41605480989972e-05,0.0,3.6588539341135015e-05,-0.0007818608287724,3.3086410509434627e-05,-0.0015637216575449,3.1697168243599884e-05,0.0023455824863174,1.3099122757244e-05,0.00312744331509,5.949420329048238e-05,0.0039093041438624,4.203328549163496e-05,0.0046911649726348,6.734709836028304e-05,0.0054730258014072,2.892642322316068e-05,1,2,1,1,1
1713,3,14:35:42,4,0.0023455824863174,340451.0,0.0019546520719313,0.001563721657545,3.213832038372568e-05,0.0007818608287726,6.394771154016459e-05,0.0,3.6588539341135015e-05,-0.0007818608287724,3.3086410509434627e-05,-0.0015637216575449,3.1697168243599884e-05,0.0023455824863174,8.687601355986051e-06,0.00312744331509,5.949420329048238e-05,0.0039093041438624,4.203328549163496e-05,0.0046911649726348,6.734709836028304e-05,0.0054730258014072,2.892642322316068e-05,1,2,1,1,1
1714,3,14:35:45,4,0.0023455824863174,181996.0,0.0019546520719313,0.001563721657545,3.173199604413613e-05,0.0007818608287726,6.412185054284582e-05,0.0,3.6588539341135015e-05,-0.0007818608287724,3.3086410509434627e-05,-0.0015637216575449,3.1697168243599884e-05,0.0023455824863174,7.642767339898642e-06,0.00312744331509,6.007466663275316e-05,0.0039093041438624,4.203328549163496e-05,0.0046911649726348,6.783081781217537e-05,0.0054730258014072,2.892642322316068e-05,2,1,1,1,1
1715,3,14:35:48,4,0.0023455824863174,82018.0,0.0019546520719313,0.001563721657545,3.271878372599646e-05,0.0007818608287726,6.412185054284582e-05,0.0,3.6588539341135015e-05,-0.0007818608287724,3.327989829019155e-05,-0.0015637216575449,3.1697168243599884e-05,0.0023455824863174,9.403506144786684e-06,0.00312744331509,6.007466663275316e-05,0.0039093041438624,4.203328549163496e-05,0.0046911649726348,6.783081781217537e-05,0.0054730258014072,2.892642322316068e-05,2,1,1,1,1
1716,3,14:35:51,4,0.0023455824863174,62803.0,0.0019546520719313,0.001563721657545,3.2254413052179835e-05,0.0007818608287726,6.605672835041509e-05,0.0,3.6588539341135015e-05,-0.0007818608287724,3.327989829019155e-05,-0.0015637216575449,3.1697168243599884e-05,0.0023455824863174,1.0196806045890084e-05,0.00312744331509,6.245456633606337e-05,0.0039093041438624,4.203328549163496e-05,0.0046911649726348,6.769537636564551e-05,0.0054730258014072,2.882967933278221e-05,2,1,1,1,1
1717,3,14:35:54,4,0.0023455824863174,193575.0,0.0019546520719313,0.001563721657545,3.250594716716384e-05,0.0007818608287726,6.663719169268587e-05,0.0,3.6588539341135015e-05,-0.0007818608287724,3.327989829019155e-05,-0.0015637216575449,3.1697168243599884e-05,0.0023455824863174,8.04909167948819e-06,0.00312744331509,6.245456633606337e-05,0.0039093041438624,4.203328549163496e-05,0.0046911649726348,6.769537636564551e-05,0.0054730258014072,2.882967933278221e-05,2,1,1,1,1
1718,3,14:35:57,4,0.0023455824863174,15384.0,0.0019546520719313,0.001563721657545,3.250594716716384e-05,0.0007818608287726,6.549561378622e-05,0.0,3.6588539341135015e-05,-0.0007818608287724,3.337664218057001e-05,-0.0015637216575449,3.1697168243599884e-05,0.0023455824863174,8.12648679179096e-06,0.00312744331509,6.226107855530644e-05,0.0039093041438624,4.387141940882577e-05,0.0046911649726348,6.769537636564551e-05,0.0054730258014072,2.882967933278221e-05,2,1,1,1,1
1719,3,14:36:00,4,0.0023455824863174,552542.0,0.0027365129007037,0.0023455824863174,3.115153270186535e-06,0.001563721657545,2.822986721243574e-05,0.0007818608287726,6.476036021934368e-05,0.0,3.668528323151348e-05,-0.0007818608287724,3.3221851955964475e-05,0.00312744331509,6.226107855530644e-05,0.0039093041438624,4.387141940882577e-05,0.0046911649726348,6.846932748867322e-05,0.0054730258014072,2.882967933278221e-05,0.0062548866301799,3.1979660403505e-05,0,0,1,0,0
1720,3,14:36:03,4,0.0023455824863174,15384.0,0.0027365129007037,0.0023455824863174,5.204821302361353e-06,0.001563721657545,3.4305383528203267e-05,0.0007818608287726,6.479905777549507e-05,0.0,3.653049300690793e-05,-0.0007818608287724,3.326054951211586e-05,0.00312744331509,6.226107855530644e-05,0.0039093041438624,4.387141940882577e-05,0.0046911649726348,6.846932748867322e-05,0.0054730258014072,2.882967933278221e-05,0.0062548866301799,3.1979660403505e-05,0,0,1,0,0
1721,3,14:36:06,4,0.0023455824863174,14102.0,0.0027365129007037,0.0023455824863174,1.7220412487366557e-05,0.001563721657545,3.248659838908815e-05,0.0007818608287726,6.158716061493007e-05,0.0,3.469235908971712e-05,-0.0007818608287724,3.326054951211586e-05,0.00312744331509,6.229977611145782e-05,0.0039093041438624,3.909227122412966e-05,0.0046911649726348,6.846932748867322e-05,0.0054730258014072,2.882967933278221e-05,0.0062548866301799,3.1979660403505e-05,0,0,1,0,0
1722,3,14:36:09,4,0.00312744331509,123077.0,0.0027365129007037,0.0023455824863174,1.561446390708406e-05,0.001563721657545,3.273813250407215e-05,0.0007818608287726,6.247720440641193e-05,0.0,3.469235908971712e-05,-0.0007818608287724,3.326054951211586e-05,0.00312744331509,6.220303222107936e-05,0.0039093041438624,3.909227122412966e-05,0.0046911649726348,6.846932748867322e-05,0.0054730258014072,2.882967933278221e-05,0.0062548866301799,3.1979660403505e-05,0,0,1,0,0
1723,3,14:36:12,4,0.0023455824863174,501464.0,0.0027365129007037,0.0023455824863174,1.2344520412291982e-05,0.001563721657545,3.10160912553355e-05,0.0007818608287726,6.247720440641193e-05,0.0,3.469235908971712e-05,-0.0007818608287724,3.326054951211586e-05,0.00312744331509,5.829457904978943e-05,0.0039093041438624,4.009840768406568e-05,0.0046911649726348,6.846932748867322e-05,0.0054730258014072,2.882967933278221e-05,0.0062548866301799,3.1979660403505e-05,0,0,1,0,0
1724,3,14:36:15,4,0.0023455824863174,869226.0,0.0019546520719313,0.001563721657545,3.0493674247291795e-05,0.0007818608287726,6.247720440641193e-05,0.0,3.469235908971712e-05,-0.0007818608287724,3.326054951211586e-05,-0.0015637216575449,3.1697168243599884e-05,0.0023455824863174,1.2383217968443368e-06,0.00312744331509,5.829457904978943e-05,0.0039093041438624,4.019515157444415e-05,0.0046911649726348,6.856607137905168e-05,0.0054730258014072,2.882967933278221e-05,1,1,1,1,1
1725,3,14:36:18,4,0.0023455824863174,337166.0,0.0019546520719313,0.001563721657545,3.0416279134989023e-05,0.0007818608287726,6.245785562833624e-05,0.0,3.469235908971712e-05,-0.0007818608287724,3.316380562173739e-05,-0.0015637216575449,3.1581075575145725e-05,0.0023455824863174,1.3350656872228009e-06,0.00312744331509,5.829457904978943e-05,0.0039093041438624,4.052408080173092e-05,0.0046911649726348,6.856607137905168e-05,0.0054730258014072,2.882967933278221e-05,1,1,1,1,1
1726,3,14:36:21,4,0.001563721657545,19215.0,0.0019546520719313,0.001563721657545,3.318315439981309e-05,0.0007818608287726,6.245785562833624e-05,0.0,3.469235908971712e-05,-0.0007818608287724,3.316380562173739e-05,-0.0015637216575449,3.1581075575145725e-05,0.0023455824863174,2.283155812931746e-06,0.00312744331509,5.932006428780114e-05,0.0039093041438624,4.052408080173092e-05,0.0046911649726348,6.856607137905168e-05,0.0054730258014072,2.882967933278221e-05,1,1,1,1,1
1727,3,14:36:24,4,0.0023455824863174,7692.0,0.0019546520719313,0.001563721657545,3.318315439981309e-05,0.0007818608287726,6.245785562833624e-05,0.0,3.469235908971712e-05,-0.0007818608287724,3.316380562173739e-05,-0.0015637216575449,3.101996101095064e-05,0.0023455824863174,4.1019409520468654e-06,0.00312744331509,5.932006428780114e-05,0.0039093041438624,4.052408080173092e-05,0.0046911649726348,6.856607137905168e-05,0.0054730258014072,2.882967933278221e-05,1,1,1,1,1
1728,3,14:36:27,4,0.0023455824863174,162814.0,0.0019546520719313,0.001563721657545,3.327989829019155e-05,0.0007818608287726,6.245785562833624e-05,0.0,3.488584687047405e-05,-0.0007818608287724,3.26026910575423e-05,-0.0015637216575449,3.101996101095064e-05,0.0023455824863174,2.631433818294216e-06,0.00312744331509,5.984248129584485e-05,0.0039093041438624,4.052408080173092e-05,0.0046911649726348,6.856607137905168e-05,0.0054730258014072,2.88683768889336e-05,1,1,1,1,1
1729,3,14:36:30,4,0.0023455824863174,0.0,0.0019546520719313,0.001563721657545,3.3550781183251254e-05,0.0007818608287726,6.245785562833624e-05,0.0,3.488584687047405e-05,-0.0007818608287724,3.26026910575423e-05,-0.0015637216575449,3.101996101095064e-05,0.0023455824863174,3.076455714035149e-06,0.00312744331509,6.003596907660178e-05,0.0039093041438624,4.052408080173092e-05,0.0046911649726348,6.856607137905168e-05,0.0054730258014072,2.88683768889336e-05,1,1,1,1,1
1730,3,14:36:33,4,0.0023455824863174,3846.0,0.0019546520719313,0.001563721657545,3.3550781183251254e-05,0.0007818608287726,6.261264585294178e-05,0.0,3.488584687047405e-05,-0.0007818608287724,3.26026910575423e-05,-0.0015637216575449,3.101996101095064e-05,0.0023455824863174,7.236443000309093e-06,0.00312744331509,6.02294568573587e-05,0.0039093041438624,4.052408080173092e-05,0.0046911649726348,6.856607137905168e-05,0.0054730258014072,2.88683768889336e-05,1,1,1,1,1
1731,3,14:36:36,4,0.0023455824863174,19219.0,0.0019546520719313,0.001563721657545,3.333794462441863e-05,0.0007818608287726,6.433468710167843e-05,0.0,3.488584687047405e-05,-0.0007818608287724,3.26026910575423e-05,-0.0015637216575449,3.101996101095064e-05,0.0023455824863174,1.2518659414973217e-05,0.00312744331509,6.02294568573587e-05,0.0039093041438624,4.052408080173092e-05,0.0046911649726348,6.856607137905168e-05,0.0054730258014072,2.88683768889336e-05,1,1,1,1,1
1732,3,14:36:39,4,0.0023455824863174,258842.0,0.0019546520719313,0.001563721657545,2.8945772001236373e-05,0.0007818608287726,6.456687243858675e-05,0.0,3.488584687047405e-05,-0.0007818608287724,3.26026910575423e-05,-0.0015637216575449,3.101996101095064e-05,0.0023455824863174,1.1377081508507344e-05,0.00312744331509,6.754329496997057e-05,0.0039093041438624,4.052408080173092e-05,0.0046911649726348,6.856607137905168e-05,0.0054730258014072,2.88683768889336e-05,1,1,1,1,1
1733,3,14:36:42,4,0.0023455824863174,76920.0,0.0019546520719313,0.001563721657545,3.196418138104444e-05,0.0007818608287726,6.290287752407717e-05,0.0,3.488584687047405e-05,-0.0007818608287724,3.26026910575423e-05,-0.0015637216575449,3.101996101095064e-05,0.0023455824863174,1.2712147195730146e-05,0.00312744331509,6.754329496997057e-05,0.0039093041438624,4.052408080173092e-05,0.0046911649726348,6.856607137905168e-05,0.0054730258014072,2.88683768889336e-05,1,1,1,1,1
1734,3,14:36:45,4,0.001563721657545,1361713.0,0.0019546520719313,0.001563721657545,1.4898559118283427e-05,0.0007818608287726,6.301897019253133e-05,0.0,3.488584687047405e-05,-0.0007818608287724,3.26026910575423e-05,-0.0015637216575449,3.101996101095064e-05,0.0023455824863174,1.2596054527275987e-05,0.00312744331509,6.760134130419765e-05,0.0039093041438624,4.052408080173092e-05,0.0046911649726348,6.856607137905168e-05,0.0054730258014072,2.88683768889336e-05,1,1,1,1,1
1735,3,14:36:48,4,0.001563721657545,6409.0,0.0019546520719313,0.001563721657545,1.5072698120964662e-05,0.0007818608287726,6.301897019253133e-05,0.0,3.488584687047405e-05,-0.0007818608287724,3.26026910575423e-05,-0.0015637216575449,3.101996101095064e-05,0.0023455824863174,1.4414839666391107e-05,0.00312744331509,6.760134130419765e-05,0.0039093041438624,4.052408080173092e-05,0.0046911649726348,6.856607137905168e-05,0.0054730258014072,2.88683768889336e-05,1,1,1,1,1
1736,3,14:36:51,4,0.001563721657545,180626.0,0.0019546520719313,0.001563721657545,1.3911771436423096e-05,0.0007818608287726,6.301897019253133e-05,0.0,3.5079334651230976e-05,-0.0007818608287724,3.26026910575423e-05,-0.0015637216575449,3.101996101095064e-05,0.0023455824863174,1.491790789635912e-05,0.00312744331509,6.760134130419765e-05,0.0039093041438624,4.052408080173092e-05,0.0046911649726348,6.856607137905168e-05,0.0054730258014072,2.88683768889336e-05,1,0,1,1,1
1737,3,14:36:54,4,0.001563721657545,12810.0,0.0019546520719313,0.001563721657545,1.3911771436423096e-05,0.0007818608287726,6.286417996792579e-05,0.0,3.533086876621498e-05,-0.0007818608287724,3.26026910575423e-05,-0.0015637216575449,3.121344879170757e-05,0.0023455824863174,1.7742829495410264e-05,0.00312744331509,6.773678275072749e-05,0.0039093041438624,4.052408080173092e-05,0.0046911649726348,6.856607137905168e-05,0.0054730258014072,2.88683768889336e-05,1,1,1,1,1
1738,3,14:36:57,4,0.0023455824863174,25640.0,0.0019546520719313,0.001563721657545,1.400851532680156e-05,0.0007818608287726,6.286417996792579e-05,0.0,3.533086876621498e-05,-0.0007818608287724,3.26026910575423e-05,-0.0015637216575449,3.121344879170757e-05,0.0023455824863174,2.283155812931746e-05,0.00312744331509,6.889770943526906e-05,0.0039093041438624,4.052408080173092e-05,0.0046911649726348,6.856607137905168e-05,0.0054730258014072,2.88683768889336e-05,1,1,1,1,1
1739,3,14:37:00,4,0.001563721657545,271572.0,0.0019546520719313,0.001563721657545,9.906574374754694e-06,0.0007818608287726,6.286417996792579e-05,0.0,3.533086876621498e-05,-0.0007818608287724,3.26026910575423e-05,-0.0015637216575449,3.121344879170757e-05,0.0023455824863174,2.333462635928547e-05,0.00312744331509,6.928468499678291e-05,0.0039093041438624,4.052408080173092e-05,0.0046911649726348,6.856607137905168e-05,0.0054730258014072,2.88683768889336e-05,1,1,1,1,1
1740,3,14:37:03,4,0.001563721657545,23058.0,0.0019546520719313,0.001563721657545,9.751784150149151e-06,0.0007818608287726,6.298027263637994e-05,0.0,3.533086876621498e-05,-0.0007818608287724,3.26026910575423e-05,-0.0015637216575449,3.121344879170757e-05,0.0023455824863174,2.381834581117779e-05,0.00312744331509,6.928468499678291e-05,0.0039093041438624,4.052408080173092e-05,0.0046911649726348,6.856607137905168e-05,0.0054730258014072,2.88683768889336e-05,1,1,1,1,1
1741,3,14:37:06,4,0.001563721657545,0.0,0.0019546520719313,0.001563721657545,9.751784150149151e-06,0.0007818608287726,6.298027263637994e-05,0.0,3.536956632236637e-05,-0.0007818608287724,3.26026910575423e-05,-0.0015637216575449,3.121344879170757e-05,0.0023455824863174,2.3992484813859025e-05,0.00312744331509,6.928468499678291e-05,0.0039093041438624,4.052408080173092e-05,0.0046911649726348,6.856607137905168e-05,0.0054730258014072,2.9255352450447456e-05,0,0,1,1,1
1742,3,14:37:09,4,0.001563721657545,12810.0,0.0019546520719313,0.001563721657545,1.050638649510117e-05,0.0007818608287726,6.400575787439166e-05,0.0,3.536956632236637e-05,-0.0007818608287724,3.26026910575423e-05,-0.0015637216575449,3.121344879170757e-05,0.0023455824863174,2.4185972594615952e-05,0.00312744331509,6.928468499678291e-05,0.0039093041438624,4.052408080173092e-05,0.0046911649726348,6.856607137905168e-05,0.0054730258014072,2.9255352450447456e-05,1,0,1,1,1
1743,3,14:37:12,4,0.001563721657545,229299.0,0.0019546520719313,0.001563721657545,7.333186890687557e-06,0.0007818608287726,6.419924565514858e-05,0.0,3.536956632236637e-05,-0.0007818608287724,3.250594716716384e-05,-0.0015637216575449,3.121344879170757e-05,0.0023455824863174,2.5172760276476285e-05,0.00312744331509,6.885901187911767e-05,0.0039093041438624,4.042733691135246e-05,0.0046911649726348,7.050094918662096e-05,0.0054730258014072,2.9255352450447456e-05,1,0,1,1,1
1744,3,14:37:15,4,0.0023455824863174,172963.0,0.0019546520719313,0.001563721657545,5.262867636588431e-06,0.0007818608287726,6.419924565514858e-05,0.0,3.536956632236637e-05,-0.0007818608287724,3.2447900832936765e-05,-0.0015637216575449,3.121344879170757e-05,0.0023455824863174,2.521145783262767e-05,0.00312744331509,6.849138509567951e-05,0.0039093041438624,4.042733691135246e-05,0.0046911649726348,7.050094918662096e-05,0.0054730258014072,2.9255352450447456e-05,1,0,1,1,1
1745,3,14:37:18,4,0.0023455824863174,179360.0,0.0019546520719313,0.001563721657545,3.3860361632462336e-06,0.0007818608287726,6.419924565514858e-05,0.0,3.536956632236637e-05,-0.0007818608287724,3.2447900832936765e-05,-0.0015637216575449,3.121344879170757e-05,0.0023455824863174,2.559843339414153e-05,0.00312744331509,6.849138509567951e-05,0.0039093041438624,4.042733691135246e-05,0.0046911649726348,7.050094918662096e-05,0.0054730258014072,2.935209634082592e-05,1,0,1,1,1
1746,3,14:37:21,4,0.001563721657545,266456.0,0.0011727912431587,0.0007818608287726,6.621151857502063e-05,0.0,3.536956632236637e-05,-0.0007818608287724,3.2447900832936765e-05,-0.0015637216575449,3.183260969012973e-05,-0.0023455824863173,2.267676790471192e-05,0.001563721657545,7.739511230277105e-07,0.0023455824863174,2.6004757733731077e-05,0.00312744331509,6.849138509567951e-05,0.0039093041438624,4.042733691135246e-05,0.0046911649726348,7.108141252889175e-05,1,1,1,1,1
1747,3,14:37:24,4,0.001563721657545,344603.0,0.0019546520719313,0.001563721657545,7.449279559141714e-06,0.0007818608287726,6.692742336382127e-05,0.0,3.536956632236637e-05,-0.0007818608287724,3.2447900832936765e-05,-0.0015637216575449,3.183260969012973e-05,0.0023455824863174,3.393775674476511e-05,0.00312744331509,6.849138509567951e-05,0.0039093041438624,4.042733691135246e-05,0.0046911649726348,7.098466863851329e-05,0.0054730258014072,2.948753778735577e-05,0,0,1,1,1
1748,3,14:37:27,4,0.001563721657545,352524.0,0.0019546520719313,0.001563721657545,7.255791778384786e-06,0.0007818608287726,6.71209111445782e-05,0.0,3.550500776889622e-05,-0.0007818608287724,3.2447900832936765e-05,-0.0015637216575449,3.183260969012973e-05,0.0023455824863174,2.822986721243574e-05,0.00312744331509,6.90718484379503e-05,0.0039093041438624,4.042733691135246e-05,0.0046911649726348,7.098466863851329e-05,0.0054730258014072,2.948753778735577e-05,0,0,1,1,1
1749,3,14:37:30,4,0.001563721657545,470143.0,0.0019546520719313,0.001563721657545,1.3350656872228009e-06,0.0007818608287726,6.721765503495666e-05,0.0,3.550500776889622e-05,-0.0007818608287724,3.2447900832936765e-05,-0.0015637216575449,3.183260969012973e-05,0.0023455824863174,2.9100562225841915e-05,0.00312744331509,6.90718484379503e-05,0.0039093041438624,4.042733691135246e-05,0.0046911649726348,7.098466863851329e-05,0.0054730258014072,2.948753778735577e-05,0,0,1,1,1
1750,3,14:37:33,4,0.0023455824863174,60233.0,0.0019546520719313,0.001563721657545,9.287413476332526e-07,0.0007818608287726,6.955885718211548e-05,0.0,3.550500776889622e-05,-0.0007818608287724,3.2447900832936765e-05,-0.0015637216575449,3.183260969012973e-05,0.0023455824863174,3.157720581953059e-05,0.00312744331509,6.90718484379503e-05,0.0039093041438624,4.042733691135246e-05,0.0046911649726348,7.059769307699943e-05,0.0054730258014072,2.948753778735577e-05,0,0,1,1,1
1751,3,14:37:36,4,0.001563721657545,114009.0,0.0011727912431587,0.0007818608287726,6.955885718211548e-05,0.0,3.550500776889622e-05,-0.0007818608287724,3.2447900832936765e-05,-0.0015637216575449,3.183260969012973e-05,-0.0023455824863173,2.3276580025058394e-05,0.001563721657545,3.50212883170039e-06,0.0023455824863174,3.2467249611012455e-05,0.00312744331509,6.874291921066352e-05,0.0039093041438624,4.042733691135246e-05,0.0046911649726348,7.044290285239388e-05,1,1,1,1,1
1752,3,14:37:39,4,0.001563721657545,6405.0,0.0011727912431587,0.0007818608287726,6.965560107249395e-05,0.0,3.550500776889622e-05,-0.0007818608287724,3.2447900832936765e-05,-0.0015637216575449,3.107800734517772e-05,-0.0023455824863173,2.3276580025058394e-05,0.001563721657545,1.3137820313395388e-05,0.0023455824863174,3.389905918861372e-05,0.00312744331509,6.893640699142044e-05,0.0039093041438624,4.009840768406568e-05,0.0046911649726348,7.044290285239388e-05,1,1,1,1,1
1753,3,14:37:42,4,0.001563721657545,40992.0,0.0011727912431587,0.0007818608287726,7.023606441476472e-05,0.0,3.550500776889622e-05,-0.0007818608287724,3.2447900832936765e-05,-0.0015637216575449,3.107800734517772e-05,-0.0023455824863173,2.3276580025058394e-05,0.001563721657545,1.3079773979168307e-05,0.0023455824863174,4.2122289870783146e-05,0.00312744331509,6.893640699142044e-05,0.0039093041438624,4.000166379368722e-05,0.0046911649726348,7.044290285239388e-05,1,1,1,1,1
1754,3,14:37:45,4,0.001563721657545,114009.0,0.0011727912431587,0.0007818608287726,7.023606441476472e-05,0.0,3.55437053250476e-05,-0.0007818608287724,3.2447900832936765e-05,-0.0015637216575449,3.107800734517772e-05,-0.0023455824863173,2.3276580025058394e-05,0.001563721657545,1.155122051118858e-05,0.0023455824863174,4.221903376116161e-05,0.00312744331509,6.920728988448014e-05,0.0039093041438624,4.000166379368722e-05,0.0046911649726348,7.055899552084805e-05,1,1,1,1,1
1755,3,14:37:48,4,0.001563721657545,25608.0,0.0011727912431587,0.0007818608287726,7.000387907785642e-05,0.0,3.55437053250476e-05,-0.0007818608287724,3.2447900832936765e-05,-0.0015637216575449,3.107800734517772e-05,-0.0023455824863173,2.3276580025058394e-05,0.001563721657545,1.1473825398885808e-05,0.0023455824863174,5.754326599711028e-05,0.00312744331509,6.920728988448014e-05,0.0039093041438624,4.000166379368722e-05,0.0046911649726348,7.055899552084805e-05,1,1,1,1,1
1756,3,14:37:51,4,0.0007818608287726,133220.0,0.0011727912431587,0.0007818608287726,7.008127419015919e-05,0.0,3.55437053250476e-05,-0.0007818608287724,3.2447900832936765e-05,-0.0015637216575449,3.107800734517772e-05,-0.0023455824863173,2.3276580025058394e-05,0.001563721657545,1.0951408390842103e-05,0.0023455824863174,5.0171381550271336e-05,0.00312744331509,6.936208010908568e-05,0.0039093041438624,3.9498595563719205e-05,0.0046911649726348,7.096531986043758e-05,1,1,1,1,1
1757,3,14:37:54,4,0.001563721657545,23058.0,0.0011727912431587,0.0007818608287726,7.008127419015919e-05,0.0,3.575654188388022e-05,-0.0007818608287724,3.264138861369369e-05,-0.0015637216575449,3.107800734517772e-05,-0.0023455824863173,2.3276580025058394e-05,0.001563721657545,1.1725359513869814e-05,0.0023455824863174,4.9629615764151937e-05,0.00312744331509,6.936208010908568e-05,0.0039093041438624,3.9498595563719205e-05,0.0046911649726348,7.073313452352928e-05,1,1,1,1,1
1758,3,14:37:57,4,0.001563721657545,78141.0,0.0011727912431587,0.0007818608287726,7.013932052438626e-05,0.0,3.575654188388022e-05,-0.0007818608287724,3.293162028482908e-05,-0.0015637216575449,3.107800734517772e-05,-0.0023455824863173,2.3276580025058394e-05,0.001563721657545,1.224777652191352e-05,0.0023455824863174,4.9648964542227626e-05,0.00312744331509,6.936208010908568e-05,0.0039093041438624,3.940185167334074e-05,0.0046911649726348,7.073313452352928e-05,1,1,1,1,1
1759,3,14:38:00,4,0.001563721657545,7686.0,0.0011727912431587,0.0007818608287726,7.013932052438626e-05,0.0,3.575654188388022e-05,-0.0007818608287724,3.2892922728677696e-05,-0.0015637216575449,3.107800734517772e-05,-0.0023455824863173,2.3276580025058394e-05,0.001563721657545,1.2131683853459362e-05,0.0023455824863174,5.034474660182954e-05,0.00312744331509,6.936208010908568e-05,0.0039093041438624,3.940185167334074e-05,0.0046911649726348,7.077183207968066e-05,1,1,1,1,1
1760,3,14:38:03,4,0.0007818608287726,48647.0,0.0011727912431587,0.0007818608287726,6.969429862864533e-05,0.0,3.579523944003161e-05,-0.0007818608287724,3.2892922728677696e-05,-0.0015637216575449,3.107800734517772e-05,-0.0023455824863173,2.3276580025058394e-05,0.001563721657545,1.232517163421629e-05,0.0023455824863174,5.040279293605662e-05,0.00312744331509,6.934273133101e-05,0.0039093041438624,3.940185167334074e-05,0.0046911649726348,7.082987841390774e-05,1,1,1,1,1
1761,3,14:38:06,4,0.0007818608287726,912060.0,0.0011727912431587,0.0007818608287726,6.946211329173701e-05,0.0,3.7381839242238414e-05,-0.0007818608287724,3.2892922728677696e-05,-0.0015637216575449,3.107800734517772e-05,-0.0023455824863173,2.3276580025058394e-05,0.001563721657545,1.008071337743593e-05,0.0023455824863174,4.976428325955876e-05,0.00312744331509,6.957491666791831e-05,0.0039093041438624,3.901487611182689e-05,0.0046911649726348,7.082987841390774e-05,1,1,1,1,1
1762,3,14:38:09,4,0.001563721657545,153660.0,0.0011727912431587,0.0007818608287726,6.830118660719546e-05,0.0,3.74398855764655e-05,-0.0007818608287724,3.2892922728677696e-05,-0.0015637216575449,3.107800734517772e-05,-0.0023455824863173,2.3276580025058394e-05,0.001563721657545,9.268064698256831e-06,0.0023455824863174,5.005451493069415e-05,0.00312744331509,6.957491666791831e-05,0.0039093041438624,3.5029027828234176e-05,0.0046911649726348,7.082987841390774e-05,1,1,1,1,1
1763,3,14:38:12,4,0.001563721657545,225351.0,0.0011727912431587,0.0007818608287726,6.743049159378927e-05,0.0,3.74398855764655e-05,-0.0007818608287724,3.2892922728677696e-05,-0.0015637216575449,3.107800734517772e-05,-0.0023455824863173,2.3276580025058394e-05,0.001563721657545,1.4588978669072343e-05,0.0023455824863174,5.04608392702837e-05,0.00312744331509,6.957491666791831e-05,0.0039093041438624,3.5029027828234176e-05,0.0046911649726348,7.082987841390774e-05,1,1,1,1,1
1764,3,14:38:15,4,0.001563721657545,66612.0,0.0011727912431587,0.0007818608287726,6.743049159378927e-05,0.0,3.74398855764655e-05,-0.0007818608287724,3.2892922728677696e-05,-0.0015637216575449,3.096191467672356e-05,-0.0023455824863173,2.3276580025058394e-05,0.001563721657545,1.513074445519174e-05,0.0023455824863174,5.04608392702837e-05,0.00312744331509,6.953621911176692e-05,0.0039093041438624,3.5029027828234176e-05,0.0046911649726348,7.082987841390774e-05,1,1,1,1,1
1765,3,14:38:18,4,0.001563721657545,541413.0,0.0011727912431587,0.0007818608287726,5.971110309271089e-05,0.0,3.74398855764655e-05,-0.0007818608287724,3.2892922728677696e-05,-0.0015637216575449,3.096191467672356e-05,-0.0023455824863173,2.3276580025058394e-05,0.001563721657545,1.5653161463235445e-05,0.0023455824863174,5.048018804835939e-05,0.00312744331509,6.922663866255584e-05,0.0039093041438624,3.5029027828234176e-05,0.0046911649726348,7.082987841390774e-05,1,1,1,1,1
1766,3,14:38:21,4,0.0007818608287726,143360.0,0.0011727912431587,0.0007818608287726,5.75440399482333e-05,0.0,3.753662946684396e-05,-0.0007818608287724,3.304771295328324e-05,-0.0015637216575449,3.096191467672356e-05,-0.0023455824863173,2.3276580025058394e-05,0.001563721657545,1.57692541316896e-05,0.0023455824863174,5.106065139063017e-05,0.00312744331509,6.980710200482661e-05,0.0039093041438624,3.5029027828234176e-05,0.0046911649726348,7.082987841390774e-05,1,1,1,1,1
1767,3,14:38:24,4,0.001563721657545,142088.0,0.0011727912431587,0.0007818608287726,5.624767181716189e-05,0.0,3.773011724760089e-05,-0.0007818608287724,3.2660737391769386e-05,-0.0015637216575449,3.076842689596663e-05,-0.0023455824863173,2.3431370249663936e-05,0.001563721657545,1.6407763808187462e-05,0.0023455824863174,5.183460251365788e-05,0.00312744331509,6.980710200482661e-05,0.0039093041438624,3.5029027828234176e-05,0.0046911649726348,7.024941507163696e-05,1,1,1,1,1
1768,3,14:38:27,4,0.001563721657545,168988.0,0.0011727912431587,0.0007818608287726,5.423539889728984e-05,0.0,3.776881480375228e-05,-0.0007818608287724,3.2660737391769386e-05,-0.0015637216575449,3.076842689596663e-05,-0.0023455824863173,2.3431370249663936e-05,0.001563721657545,1.3989166548725868e-05,0.0023455824863174,5.1544370842522495e-05,0.00312744331509,7.116151647012511e-05,0.0039093041438624,3.5029027828234176e-05,0.0046911649726348,6.953351028283633e-05,1,1,1,1,1
1769,3,14:38:30,4,0.0007818608287726,605640.0,0.0011727912431587,0.0007818608287726,5.365493555501906e-05,0.0,3.776881480375228e-05,-0.0007818608287724,3.240920327678538e-05,-0.0015637216575449,3.076842689596663e-05,-0.0023455824863173,2.35281141400424e-05,0.001563721657545,1.2847588642259994e-05,0.0023455824863174,5.1544370842522495e-05,0.00312744331509,7.259332604772638e-05,0.0039093041438624,3.5029027828234176e-05,0.0046911649726348,6.953351028283633e-05,1,1,1,1,1
1770,3,14:38:33,4,0.0007818608287726,20480.0,0.0011727912431587,0.0007818608287726,5.334535510580798e-05,0.0,3.776881480375228e-05,-0.0007818608287724,3.240920327678538e-05,-0.0015637216575449,3.076842689596663e-05,-0.0023455824863173,2.35281141400424e-05,0.001563721657545,1.526618590172159e-05,0.0023455824863174,5.402101443621117e-05,0.00312744331509,7.259332604772638e-05,0.0039093041438624,3.5029027828234176e-05,0.0046911649726348,6.953351028283633e-05,1,1,1,1,1
1771,3,14:38:36,4,0.001563721657545,259881.0,0.0011727912431587,0.0007818608287726,5.117829196133039e-05,0.0,3.753662946684396e-05,-0.0007818608287724,3.240920327678538e-05,-0.0015637216575449,3.076842689596663e-05,-0.0023455824863173,2.35281141400424e-05,0.001563721657545,1.4550281112920956e-05,0.0023455824863174,5.405971199236256e-05,0.00312744331509,7.259332604772638e-05,0.0039093041438624,3.5029027828234176e-05,0.0046911649726348,6.953351028283633e-05,1,1,1,1,2
1772,3,14:38:39,4,0.0007818608287726,563510.0,0.0011727912431587,0.0007818608287726,4.8798392258020176e-05,0.0,3.753662946684396e-05,-0.0007818608287724,3.240920327678538e-05,-0.0015637216575449,3.076842689596663e-05,-0.0023455824863173,2.35281141400424e-05,0.001563721657545,9.326111032483912e-06,0.0023455824863174,5.518194112075273e-05,0.00312744331509,7.259332604772638e-05,0.0039093041438624,3.5029027828234176e-05,0.0046911649726348,6.953351028283633e-05,1,1,1,1,2
1773,3,14:38:42,4,0.0007818608287726,24324.0,0.0011727912431587,0.0007818608287726,4.8508160586884783e-05,0.0,3.751728068876827e-05,-0.0007818608287724,3.240920327678538e-05,-0.0015637216575449,3.076842689596663e-05,-0.0023455824863173,2.35281141400424e-05,0.001563721657545,1.0216154823965778e-05,0.0023455824863174,5.518194112075273e-05,0.00312744331509,7.317378938999716e-05,0.0039093041438624,3.5029027828234176e-05,0.0046911649726348,6.950642199353035e-05,1,1,1,1,2
1774,3,14:38:45,4,0.0007818608287726,477440.0,0.0011727912431587,0.0007818608287726,5.897584952583457e-05,0.0,3.771076846952519e-05,-0.0007818608287724,3.250594716716384e-05,-0.0015637216575449,3.0574939115209706e-05,-0.0023455824863173,2.35281141400424e-05,0.001563721657545,1.1183593727750417e-05,0.0023455824863174,5.5491521569963815e-05,0.00312744331509,7.317378938999716e-05,0.0039093041438624,3.5029027828234176e-05,0.0046911649726348,6.931293421277343e-05,1,1,1,1,2
1775,3,14:38:48,4,0.0007818608287726,216373.0,0.0011727912431587,0.0007818608287726,5.7195761942870834e-05,0.0,3.771076846952519e-05,-0.0007818608287724,3.250594716716384e-05,-0.0015637216575449,3.0574939115209706e-05,-0.0023455824863173,2.35281141400424e-05,0.001563721657545,1.218973018768644e-05,0.0023455824863174,5.5491521569963815e-05,0.00312744331509,7.325118450229993e-05,0.0039093041438624,3.5029027828234176e-05,0.0046911649726348,6.927423665662203e-05,1,1,1,1,1
1776,3,14:38:51,4,0.001563721657545,333060.0,0.0011727912431587,0.0007818608287726,5.88791056354561e-05,0.0,3.771076846952519e-05,-0.0007818608287724,3.250594716716384e-05,-0.0015637216575449,3.0574939115209706e-05,-0.0023455824863173,2.35281141400424e-05,0.001563721657545,8.803694024440208e-06,0.0023455824863174,5.5685009350720745e-05,0.00312744331509,7.706289378321141e-05,0.0039093041438624,3.5029027828234176e-05,0.0046911649726348,6.584950293722442e-05,1,1,1,1,1
1777,3,14:38:54,4,0.0007818608287726,227841.0,0.0011727912431587,0.0007818608287726,5.651855471022159e-05,0.0,3.790425625028213e-05,-0.0007818608287724,3.250594716716384e-05,-0.0015637216575449,3.0574939115209706e-05,-0.0023455824863173,2.35281141400424e-05,0.001563721657545,8.861740358667285e-06,0.0023455824863174,5.571209764002671e-05,0.00312744331509,7.686940600245447e-05,0.0039093041438624,3.5029027828234176e-05,0.0046911649726348,6.443704213769885e-05,1,2,1,1,1
1778,3,14:38:57,4,0.001563721657545,304713.0,0.0011727912431587,0.0007818608287726,5.367428433309475e-05,0.0,3.790425625028213e-05,-0.0007818608287724,3.250594716716384e-05,-0.0015637216575449,3.0574939115209706e-05,-0.0023455824863173,2.3915089701556256e-05,0.001563721657545,8.26192823832081e-06,0.0023455824863174,5.549926108119409e-05,0.00312744331509,7.686940600245447e-05,0.0039093041438624,3.5029027828234176e-05,0.0046911649726348,6.443704213769885e-05,1,2,1,1,1
1779,3,14:39:00,4,0.0007818608287726,304645.0,0.0011727912431587,0.0007818608287726,4.937885560029096e-05,0.0,3.784620991605504e-05,-0.0007818608287724,3.250594716716384e-05,-0.0015637216575449,3.0574939115209706e-05,-0.0023455824863173,2.3915089701556256e-05,0.001563721657545,8.745647690213128e-06,0.0023455824863174,5.78791607845043e-05,0.00312744331509,7.686940600245447e-05,0.0039093041438624,3.5029027828234176e-05,0.0046911649726348,6.453378602807732e-05,1,1,1,1,1
1780,3,14:39:03,4,0.0007818608287726,14080.0,0.0011727912431587,0.0007818608287726,5.083001395596792e-05,0.0,3.784620991605504e-05,-0.0007818608287724,3.250594716716384e-05,-0.0015637216575449,3.0574939115209706e-05,-0.0023455824863173,2.3915089701556256e-05,0.001563721657545,8.764996468288822e-06,0.0023455824863174,5.78791607845043e-05,0.00312744331509,7.667591822169755e-05,0.0039093041438624,3.5029027828234176e-05,0.0046911649726348,6.405006657618499e-05,1,2,1,1,1
1781,3,14:39:06,4,0.0007818608287726,140875.0,0.0011727912431587,0.0007818608287726,5.079131639981653e-05,0.0,3.784620991605504e-05,-0.0007818608287724,3.250594716716384e-05,-0.0015637216575449,3.0594287893285395e-05,-0.0023455824863173,2.3915089701556256e-05,0.001563721657545,8.087789235639574e-06,0.0023455824863174,5.797590467488276e-05,0.00312744331509,7.667591822169755e-05,0.0039093041438624,3.5029027828234176e-05,0.0046911649726348,6.405006657618499e-05,1,1,1,1,1
1782,3,14:39:09,4,0.0007818608287726,45248.0,0.0011727912431587,0.0007818608287726,5.010733709484079e-05,0.0,3.774946602567658e-05,-0.0007818608287724,3.250594716716384e-05,-0.0015637216575449,3.0497544002906933e-05,-0.0023455824863173,2.3915089701556256e-05,0.001563721657545,1.2209078965762133e-05,0.0023455824863174,5.797590467488276e-05,0.00312744331509,7.62889426601837e-05,0.0039093041438624,3.464205226672032e-05,0.0046911649726348,6.389527635157945e-05,2,1,1,1,1
1783,3,14:39:12,4,0.0007818608287726,0.0,0.0011727912431587,0.0007818608287726,5.059105654673311e-05,0.0,3.774946602567658e-05,-0.0007818608287724,3.2467249611012455e-05,-0.0015637216575449,3.0497544002906933e-05,-0.0023455824863173,2.4108577482313183e-05,0.001563721657545,1.3137820313395388e-05,0.0023455824863174,5.636995609460027e-05,0.00312744331509,7.62889426601837e-05,0.0039093041438624,3.464205226672032e-05,0.0046911649726348,6.389527635157945e-05,2,1,1,1,1
1784,3,14:39:15,4,0.0007818608287726,12800.0,0.0011727912431587,0.0007818608287726,5.039756876597618e-05,0.0,3.774946602567658e-05,-0.0007818608287724,3.2467249611012455e-05,-0.0015637216575449,3.0497544002906933e-05,-0.0023455824863173,2.4108577482313183e-05,0.001563721657545,1.4879210340207734e-05,0.0023455824863174,5.617646831384334e-05,0.00312744331509,7.990716416033824e-05,0.0039093041438624,3.427442548328216e-05,0.0046911649726348,6.389527635157945e-05,1,1,1,1,1
1785,3,14:39:18,4,0.001563721657545,703226.0,0.0011727912431587,0.0007818608287726,4.956557130872139e-05,0.0,3.7555978244919655e-05,-0.0007818608287724,3.231245938640691e-05,-0.0015637216575449,3.0497544002906933e-05,-0.0023455824863173,2.401183359193472e-05,0.001563721657545,5.088728633907197e-06,0.0023455824863174,5.617646831384334e-05,0.00312744331509,8.010065194109517e-05,0.0039093041438624,3.427442548328216e-05,0.0046911649726348,6.389527635157945e-05,2,1,1,1,1
1786,3,14:39:21,4,0.0007818608287726,131840.0,0.0011727912431587,0.0007818608287726,4.778548372575766e-05,0.0,3.7555978244919655e-05,-0.0007818608287724,3.2118971605649987e-05,-0.0015637216575449,3.0497544002906933e-05,-0.0023455824863173,2.401183359193472e-05,0.001563721657545,5.553099307723823e-06,0.0023455824863174,5.6834326768416896e-05,0.00312744331509,8.010065194109517e-05,0.0039093041438624,3.4158332814828005e-05,0.0046911649726348,6.389527635157945e-05,1,1,1,1,1
1787,3,14:39:24,4,0.001563721657545,701768.0,0.0019546520719313,0.001563721657545,2.0122729198720474e-06,0.0007818608287726,4.457358656519266e-05,0.0,3.757532702299535e-05,-0.0007818608287724,3.2118971605649987e-05,-0.0015637216575449,3.0497544002906933e-05,0.0023455824863174,5.824678756794247e-05,0.00312744331509,8.010065194109517e-05,0.0039093041438624,3.4158332814828005e-05,0.0046911649726348,6.389527635157945e-05,0.0054730258014072,3.018409379808071e-05,1,0,1,1,1
1788,3,14:39:27,4,0.001563721657545,58926.0,0.0019546520719313,0.001563721657545,1.1222291283901802e-06,0.0007818608287726,4.457358656519266e-05,0.0,3.757532702299535e-05,-0.0007818608287724,3.2118971605649987e-05,-0.0015637216575449,3.0497544002906933e-05,0.0023455824863174,6.05686409370256e-05,0.00312744331509,8.010065194109517e-05,0.0039093041438624,3.4158332814828005e-05,0.0046911649726348,6.389527635157945e-05,0.0054730258014072,3.018409379808071e-05,0,0,1,1,1
1789,3,14:39:30,4,0.001563721657545,85827.0,0.0011727912431587,0.0007818608287726,4.457358656519266e-05,0.0,3.757532702299535e-05,-0.0007818608287724,3.2118971605649987e-05,-0.0015637216575449,3.0497544002906933e-05,-0.0023455824863173,2.4166623816540266e-05,0.001563721657545,3.676267834381625e-07,0.0023455824863174,6.180696273386993e-05,0.00312744331509,7.899777159078068e-05,0.0039093041438624,3.4158332814828005e-05,0.0046911649726348,6.389527635157945e-05,1,1,1,1,1
1790,3,14:39:33,4,0.001563721657545,285663.0,0.0019546520719313,0.001563721657545,1.3350656872228009e-06,0.0007818608287726,4.478642312402528e-05,0.0,3.757532702299535e-05,-0.0007818608287724,3.2118971605649987e-05,-0.0015637216575449,3.0497544002906933e-05,0.0023455824863174,6.196175295847548e-05,0.00312744331509,7.899777159078068e-05,0.0039093041438624,3.4158332814828005e-05,0.0046911649726348,6.505620303612102e-05,0.0054730258014072,3.018409379808071e-05,0,0,1,1,1
1791,3,14:39:36,4,0.001563721657545,88389.0,0.0011727912431587,0.0007818608287726,4.877227140761799e-05,0.0,3.598872722078854e-05,-0.0007818608287724,3.2118971605649987e-05,-0.0015637216575449,3.0497544002906933e-05,-0.0023455824863173,2.4166623816540266e-05,0.001563721657545,1.934877807569276e-08,0.0023455824863174,6.196175295847548e-05,0.00312744331509,7.899777159078068e-05,0.0039093041438624,3.4158332814828005e-05,0.0046911649726348,6.505620303612102e-05,1,1,1,2,1
1792,3,14:39:39,4,0.0023455824863174,42297.0,0.001563721657545,0.0007818608287726,4.877227140761799e-05,0.0,3.666593445343779e-05,-0.0007818608287724,3.2118971605649987e-05,-0.0015637216575449,3.0497544002906933e-05,-0.0023455824863173,2.4166623816540266e-05,0.0023455824863174,6.194240418039979e-05,0.00312744331509,7.911386425923484e-05,0.0039093041438624,3.4158332814828005e-05,0.0046911649726348,6.51142493703481e-05,0.0054730258014072,2.979711823656685e-05,1,1,1,2,1
1793,3,14:39:42,4,0.001563721657545,142275.0,0.0011727912431587,0.0007818608287726,4.877227140761799e-05,0.0,3.666593445343779e-05,-0.0007818608287724,3.2118971605649987e-05,-0.0015637216575449,3.0497544002906933e-05,-0.0023455824863173,2.4166623816540266e-05,0.001563721657545,9.674389037846383e-08,0.0023455824863174,6.089757016431237e-05,0.00312744331509,8.124222984756105e-05,0.0039093041438624,3.4158332814828005e-05,0.0046911649726348,6.472727380883424e-05,1,1,1,2,1
1794,3,14:39:45,4,0.001563721657545,29463.0,0.0011727912431587,0.0007818608287726,4.884966651992077e-05,0.0,3.666593445343779e-05,-0.0007818608287724,3.2118971605649987e-05,-0.0015637216575449,3.0497544002906933e-05,-0.0023455824863173,2.4166623816540266e-05,0.001563721657545,9.22414297202501e-06,0.0023455824863174,6.120715061352346e-05,0.00312744331509,8.124222984756105e-05,0.0039093041438624,3.3384381691800295e-05,0.0046911649726348,6.428225191309331e-05,1,2,1,2,1
1795,3,14:39:48,4,0.001563721657545,1281.0,0.0011727912431587,0.0007818608287726,4.883031774184507e-05,0.0,3.676267834381625e-05,-0.0007818608287724,3.2118971605649987e-05,-0.0015637216575449,3.0497544002906933e-05,-0.0023455824863173,2.4166623816540266e-05,0.001563721657545,1.1139672001518594e-05,0.0023455824863174,6.201979929270256e-05,0.00312744331509,8.128092740371243e-05,0.0039093041438624,3.3384381691800295e-05,0.0046911649726348,6.428225191309331e-05,1,2,1,1,1
1796,3,14:39:51,4,0.001563721657545,0.0,0.0011727912431587,0.0007818608287726,4.883031774184507e-05,0.0,3.676267834381625e-05,-0.0007818608287724,3.20802740494986e-05,-0.0015637216575449,3.0497544002906933e-05,-0.0023455824863173,2.4166623816540266e-05,0.001563721657545,1.4448313052462055e-05,0.0023455824863174,6.528974278749463e-05,0.00312744331509,8.128092740371243e-05,0.0039093041438624,3.3384381691800295e-05,0.0046911649726348,6.35083007900656e-05,1,2,1,1,1
1797,3,14:39:54,4,0.001563721657545,88389.0,0.0011727912431587,0.0007818608287726,4.95462225306457e-05,0.0,3.676267834381625e-05,-0.0007818608287724,3.20802740494986e-05,-0.0015637216575449,3.0497544002906933e-05,-0.0023455824863173,2.4166623816540266e-05,0.001563721657545,1.5957517742366093e-05,0.0023455824863174,6.528974278749463e-05,0.00312744331509,8.128092740371243e-05,0.0039093041438624,3.3384381691800295e-05,0.0046911649726348,6.35083007900656e-05,1,2,1,1,1
1798,3,14:39:57,4,0.001563721657545,67852.0,0.0011727912431587,0.0007818608287726,4.884966651992077e-05,0.0,3.676267834381625e-05,-0.0007818608287724,3.20802740494986e-05,-0.0015637216575449,3.0497544002906933e-05,-0.0023455824863173,2.4166623816540266e-05,0.001563721657545,1.7640861434951363e-05,0.0023455824863174,6.625718169127926e-05,0.00312744331509,8.166790296522629e-05,0.0039093041438624,3.3384381691800295e-05,0.0046911649726348,6.35083007900656e-05,1,2,1,1,1
1799,3,14:40:00,4,0.0007818608287726,140862.0,0.0011727912431587,0.0007818608287726,4.7340461830016725e-05,0.0,3.676267834381625e-05,-0.0007818608287724,3.20802740494986e-05,-0.0015637216575449,3.0497544002906933e-05,-0.0023455824863173,2.4166623816540266e-05,0.001563721657545,1.6828212755772268e-05,0.0023455824863174,6.677959869932298e-05,0.00312744331509,8.166790296522629e-05,0.0039093041438624,3.3384381691800295e-05,0.0046911649726348,6.341155689968714e-05,2,2,1,1,1
1800,3,14:40:03,4,0.0007818608287726,147280.0,0.0011727912431587,0.0007818608287726,4.6972835046578566e-05,0.0,3.676267834381625e-05,-0.0007818608287724,3.3241200734040164e-05,-0.0015637216575449,3.0497544002906933e-05,-0.0023455824863173,2.4166623816540266e-05,0.001563721657545,2.145257071586284e-05,0.0023455824863174,6.677959869932298e-05,0.00312744331509,8.16098566309992e-05,0.0039093041438624,3.3384381691800295e-05,0.0046911649726348,6.341155689968714e-05,2,2,1,1,1
1801,3,14:40:06,4,0.0007818608287726,28170.0,0.0011727912431587,0.0007818608287726,4.674064970967025e-05,0.0,3.676267834381625e-05,-0.0007818608287724,3.3241200734040164e-05,-0.0015637216575449,3.0497544002906933e-05,-0.0023455824863173,2.4166623816540266e-05,0.001563721657545,2.2439358397723168e-05,0.0023455824863174,7.664747551792628e-05,0.00312744331509,8.16098566309992e-05,0.0039093041438624,3.3384381691800295e-05,0.0046911649726348,6.379853246120099e-05,2,2,1,1,1
1802,3,14:40:09,4,0.001563721657545,1434646.0,0.0011727912431587,0.0007818608287726,4.428335489405727e-05,0.0,3.676267834381625e-05,-0.0007818608287724,3.3241200734040164e-05,-0.0015637216575449,3.0497544002906933e-05,-0.0023455824863173,2.4166623816540266e-05,0.001563721657545,2.471419423608237e-06,0.0023455824863174,7.703445107944014e-05,0.00312744331509,8.16098566309992e-05,0.0039093041438624,3.3384381691800295e-05,0.0046911649726348,6.379853246120099e-05,2,2,1,1,1
1803,3,14:40:12,4,0.001563721657545,238166.0,0.0011727912431587,0.0007818608287726,4.238717464263938e-05,0.0,3.811709280911474e-05,-0.0007818608287724,3.3241200734040164e-05,-0.0015637216575449,3.088451956442079e-05,-0.0023455824863173,2.4166623816540266e-05,0.001563721657545,8.07424509098659e-07,0.0023455824863174,7.662812673985059e-05,0.00312744331509,8.16098566309992e-05,0.0039093041438624,3.3384381691800295e-05,0.0046911649726348,6.379853246120099e-05,2,2,1,1,1
1804,3,14:40:15,4,0.001563721657545,109801.0,0.0019546520719313,0.001563721657545,6.390320935059049e-06,0.0007818608287726,4.318047454374278e-05,0.0,3.842667325832583e-05,-0.0007818608287724,3.3434688514797095e-05,-0.0015637216575449,3.098126345479925e-05,0.0023455824863174,7.695705596713737e-05,0.00312744331509,8.199683219251307e-05,0.0039093041438624,3.3384381691800295e-05,0.0046911649726348,6.362439345851975e-05,0.0054730258014072,2.975842068041547e-05,1,1,1,1,1
1805,3,14:40:18,4,0.001563721657545,39711.0,0.0019546520719313,0.001563721657545,4.487504052761195e-05,0.0007818608287726,4.325786965604555e-05,0.0,3.842667325832583e-05,-0.0007818608287724,3.3434688514797095e-05,-0.0015637216575449,3.098126345479925e-05,0.0023455824863174,7.695705596713737e-05,0.00312744331509,8.199683219251307e-05,0.0039093041438624,3.3384381691800295e-05,0.0046911649726348,6.207649121246433e-05,0.0054730258014072,2.975842068041547e-05,1,1,1,1,1
1806,3,14:40:21,4,0.0023455824863174,108886.0,0.0019546520719313,0.001563721657545,4.4971784417990415e-05,0.0007818608287726,4.347070621487817e-05,0.0,3.852341714870429e-05,-0.0007818608287724,3.3434688514797095e-05,-0.0015637216575449,3.098126345479925e-05,0.0023455824863174,6.915949840263318e-05,0.00312744331509,8.199683219251307e-05,0.0039093041438624,3.3384381691800295e-05,0.0046911649726348,6.226997899322126e-05,0.0054730258014072,2.975842068041547e-05,1,1,1,1,1
1807,3,14:40:24,4,0.001563721657545,189588.0,0.0019546520719313,0.001563721657545,4.210816526278789e-05,0.0007818608287726,4.347070621487817e-05,0.0,3.852341714870429e-05,-0.0007818608287724,3.3434688514797095e-05,-0.0015637216575449,3.088451956442079e-05,0.0023455824863174,6.896601062187625e-05,0.00312744331509,8.199683219251307e-05,0.0039093041438624,3.3384381691800295e-05,0.0046911649726348,6.226997899322126e-05,0.0054730258014072,2.975842068041547e-05,1,1,1,1,1
1808,3,14:40:27,4,0.001563721657545,475294.0,0.0019546520719313,0.001563721657545,5.153102018565026e-05,0.0007818608287726,4.5037957239009286e-05,0.0,3.852341714870429e-05,-0.0007818608287724,3.3434688514797095e-05,-0.0015637216575449,3.088451956442079e-05,0.0023455824863174,6.813401316462146e-05,0.00312744331509,8.199683219251307e-05,0.0039093041438624,3.3384381691800295e-05,0.0046911649726348,6.226997899322126e-05,0.0054730258014072,2.975842068041547e-05,1,1,1,1,1
1809,3,14:40:30,4,0.001563721657545,667401.0,0.0019546520719313,0.001563721657545,4.338518461578361e-05,0.0007818608287726,4.5037957239009286e-05,0.0,3.852341714870429e-05,-0.0007818608287724,3.3434688514797095e-05,-0.0015637216575449,3.088451956442079e-05,0.0023455824863174,6.794052538386454e-05,0.00312744331509,8.199683219251307e-05,0.0039093041438624,3.3384381691800295e-05,0.0046911649726348,6.226997899322126e-05,0.0054730258014072,2.975842068041547e-05,1,1,1,1,1
1810,3,14:40:33,4,0.0023455824863174,39742.0,0.0019546520719313,0.001563721657545,4.3559323618464845e-05,0.0007818608287726,4.497991090478221e-05,0.0,3.852341714870429e-05,-0.0007818608287724,3.337664218057001e-05,-0.0015637216575449,3.082647323019371e-05,0.0023455824863174,6.801792049616731e-05,0.00312744331509,8.251924920055677e-05,0.0039093041438624,3.3384381691800295e-05,0.0046911649726348,6.188300343170741e-05,0.0054730258014072,2.975842068041547e-05,1,1,1,1,1
1811,3,14:40:36,4,0.0023455824863174,169114.0,0.0019546520719313,0.001563721657545,6.165043111923758e-05,0.0007818608287726,4.68760911562001e-05,0.0,3.852341714870429e-05,-0.0007818608287724,3.337664218057001e-05,-0.0015637216575449,3.082647323019371e-05,0.0023455824863174,6.782443271541038e-05,0.00312744331509,8.255794675670815e-05,0.0039093041438624,3.3384381691800295e-05,0.0046911649726348,6.188300343170741e-05,0.0054730258014072,2.975842068041547e-05,1,1,1,1,1
1812,3,14:40:39,4,0.0023455824863174,146118.0,0.0019546520719313,0.001563721657545,6.174717500961604e-05,0.0007818608287726,4.6895439934275794e-05,0.0,3.852341714870429e-05,-0.0007818608287724,3.264138861369369e-05,-0.0015637216575449,3.082647323019371e-05,0.0023455824863174,6.757289860042638e-05,0.00312744331509,8.255794675670815e-05,0.0039093041438624,3.348112558217876e-05,0.0046911649726348,6.188300343170741e-05,0.0054730258014072,2.975842068041547e-05,1,1,1,1,1
1813,3,14:40:42,4,0.0023455824863174,40999.0,0.0019546520719313,0.001563721657545,6.126345555772372e-05,0.0007818608287726,4.677934726582164e-05,0.0,3.891039271021814e-05,-0.0007818608287724,3.264138861369369e-05,-0.0015637216575449,3.082647323019371e-05,0.0023455824863174,6.846294239190824e-05,0.00312744331509,8.255794675670815e-05,0.0039093041438624,3.0675552761203306e-05,0.0046911649726348,6.188300343170741e-05,0.0054730258014072,2.975842068041547e-05,1,1,1,1,1
1814,3,14:40:45,4,0.0023455824863174,660227.0,0.0019546520719313,0.001563721657545,6.230828957381114e-05,0.0007818608287726,4.6992183824654256e-05,0.0,3.921997315942923e-05,-0.0007818608287724,3.264138861369369e-05,-0.0015637216575449,3.082647323019371e-05,0.0023455824863174,5.874985579791048e-05,0.00312744331509,8.255794675670815e-05,0.0039093041438624,3.0675552761203306e-05,0.0046911649726348,6.178625954132895e-05,0.0054730258014072,2.975842068041547e-05,1,1,1,1,1
1815,3,14:40:48,4,0.0023455824863174,316421.0,0.0019546520719313,0.001563721657545,6.134085067002649e-05,0.0007818608287726,4.716632282733549e-05,0.0,3.912322926905077e-05,-0.0007818608287724,3.264138861369369e-05,-0.0015637216575449,3.082647323019371e-05,0.0023455824863174,6.00268751509062e-05,0.00312744331509,8.255794675670815e-05,0.0039093041438624,3.170103799921502e-05,0.0046911649726348,6.178625954132895e-05,0.0054730258014072,2.975842068041547e-05,1,1,1,1,1
1816,3,14:40:51,4,0.001563721657545,151226.0,0.0019546520719313,0.001563721657545,6.037341176624186e-05,0.0007818608287726,4.12649455142492e-05,0.0,3.912322926905077e-05,-0.0007818608287724,3.264138861369369e-05,-0.0015637216575449,3.082647323019371e-05,0.0023455824863174,6.255846927432984e-05,0.00312744331509,8.255794675670815e-05,0.0039093041438624,3.170103799921502e-05,0.0046911649726348,6.178625954132895e-05,0.0054730258014072,2.9816467014642548e-05,1,1,1,1,1
1817,3,14:40:54,4,0.0023455824863174,1316614.0,0.0019546520719313,0.001563721657545,6.55975818466789e-05,0.0007818608287726,4.20775941934283e-05,0.0,3.912322926905077e-05,-0.0007818608287724,3.264138861369369e-05,-0.0015637216575449,3.082647323019371e-05,0.0023455824863174,4.487368611314665e-05,0.00312744331509,8.255794675670815e-05,0.0039093041438624,3.170103799921502e-05,0.0046911649726348,6.159277176057201e-05,0.0054730258014072,2.9816467014642548e-05,1,1,1,1,1
1818,3,14:40:57,4,0.001563721657545,138348.0,0.0019546520719313,0.001563721657545,6.406902837869917e-05,0.0007818608287726,4.20775941934283e-05,0.0,3.767207091337381e-05,-0.0007818608287724,3.264138861369369e-05,-0.0015637216575449,3.043949766867985e-05,0.0023455824863174,4.787274671487904e-05,0.00312744331509,8.449282456427743e-05,0.0039093041438624,3.216540867303165e-05,0.0046911649726348,6.159277176057201e-05,0.0054730258014072,2.9816467014642548e-05,1,1,1,1,1
1819,3,14:41:00,4,0.0023455824863174,48698.0,0.0019546520719313,0.001563721657545,6.639088174778231e-05,0.0007818608287726,4.401247200099757e-05,0.0,3.767207091337381e-05,-0.0007818608287724,3.264138861369369e-05,-0.0015637216575449,3.043949766867985e-05,0.0023455824863174,4.835646616677135e-05,0.00312744331509,8.449282456427743e-05,0.0039093041438624,3.216540867303165e-05,0.0046911649726348,6.159277176057201e-05,0.0054730258014072,2.9816467014642548e-05,1,1,1,1,1
1820,3,14:41:03,4,0.0023455824863174,29486.0,0.0019546520719313,0.001563721657545,6.639088174778231e-05,0.0007818608287726,4.401247200099757e-05,0.0,3.767207091337381e-05,-0.0007818608287724,2.9661676790037007e-05,-0.0015637216575449,3.043949766867985e-05,0.0023455824863174,4.835646616677135e-05,0.00312744331509,8.406715144661219e-05,0.0039093041438624,3.216540867303165e-05,0.0046911649726348,6.159277176057201e-05,0.0054730258014072,2.9816467014642548e-05,1,1,1,1,1
1821,3,14:41:06,4,0.0023455824863174,96150.0,0.0019546520719313,0.001563721657545,7.12087274886298e-05,0.0007818608287726,4.44574938967385e-05,0.0,3.767207091337381e-05,-0.0007818608287724,2.9661676790037007e-05,-0.0015637216575449,2.9897731882560455e-05,0.0023455824863174,4.698270292339717e-05,0.00312744331509,8.406715144661219e-05,0.0039093041438624,3.216540867303165e-05,0.0046911649726348,6.168951565095047e-05,0.0054730258014072,2.9816467014642548e-05,1,2,1,1,1
1822,3,14:41:09,4,0.001563721657545,597352.0,0.0019546520719313,0.001563721657545,7.014454469446671e-05,0.0007818608287726,4.44574938967385e-05,0.0,3.767207091337381e-05,-0.0007818608287724,2.9661676790037007e-05,-0.0015637216575449,2.9897731882560455e-05,0.0023455824863174,3.932058680542283e-05,0.00312744331509,8.426063922736911e-05,0.0039093041438624,3.25523842345455e-05,0.0046911649726348,6.168951565095047e-05,0.0054730258014072,2.991321090502101e-05,1,2,1,1,1
1823,3,14:41:12,4,0.0023455824863174,23068.0,0.0019546520719313,0.001563721657545,7.002845202601254e-05,0.0007818608287726,4.44574938967385e-05,0.0,4.06324339589548e-05,-0.0007818608287724,2.9661676790037007e-05,-0.0015637216575449,2.9897731882560455e-05,0.0023455824863174,3.949472580810407e-05,0.00312744331509,8.522807813115375e-05,0.0039093041438624,3.25523842345455e-05,0.0046911649726348,6.168951565095047e-05,0.0054730258014072,2.991321090502101e-05,1,2,1,1,1
1824,3,14:41:15,4,0.0023455824863174,30763.0,0.0019546520719313,0.001563721657545,7.169244694052213e-05,0.0007818608287726,4.436075000636004e-05,0.0,4.0516341290500645e-05,-0.0007818608287724,2.9661676790037007e-05,-0.0015637216575449,2.9897731882560455e-05,0.0023455824863174,4.057825738034287e-05,0.00312744331509,8.528612446538083e-05,0.0039093041438624,3.25523842345455e-05,0.0046911649726348,6.168951565095047e-05,0.0054730258014072,2.991321090502101e-05,1,2,1,1,1
1825,3,14:41:18,4,0.001563721657545,38450.0,0.0019546520719313,0.001563721657545,7.151830793784089e-05,0.0007818608287726,4.4515540230965583e-05,0.0,4.030350473166802e-05,-0.0007818608287724,2.9661676790037007e-05,-0.0015637216575449,2.9897731882560455e-05,0.0023455824863174,4.088783782955395e-05,0.00312744331509,8.528612446538083e-05,0.0039093041438624,3.25523842345455e-05,0.0046911649726348,6.168951565095047e-05,0.0054730258014072,2.991321090502101e-05,1,1,1,1,1
1826,3,14:41:21,4,0.001563721657545,192294.0,0.0019546520719313,0.001563721657545,7.111198359825134e-05,0.0007818608287726,4.408986711330034e-05,0.0,4.022610961936525e-05,-0.0007818608287724,2.9661676790037007e-05,-0.0015637216575449,2.9897731882560455e-05,0.0023455824863174,3.823705523318404e-05,0.00312744331509,8.586658780765161e-05,0.0039093041438624,3.25523842345455e-05,0.0046911649726348,6.130254008943662e-05,0.0054730258014072,2.991321090502101e-05,2,1,1,1,1
1827,3,14:41:24,4,0.001563721657545,1771621.0,0.0019546520719313,0.001563721657545,6.911905945645499e-05,0.0007818608287726,4.42059597817545e-05,0.0,4.022610961936525e-05,-0.0007818608287724,2.9661676790037007e-05,-0.0015637216575449,2.9897731882560455e-05,0.0023455824863174,1.3741502189357e-05,0.00312744331509,8.586658780765161e-05,0.0039093041438624,3.25523842345455e-05,0.0046911649726348,6.130254008943662e-05,0.0054730258014072,2.991321090502101e-05,2,1,1,1,1
1828,3,14:41:27,4,0.001563721657545,142293.0,0.0019546520719313,0.001563721657545,6.894492045377376e-05,0.0007818608287726,4.42059597817545e-05,0.0,4.022610961936525e-05,-0.0007818608287724,2.9661676790037007e-05,-0.0015637216575449,2.9897731882560455e-05,0.0023455824863174,1.2329041389831427e-05,0.00312744331509,8.586658780765161e-05,0.0039093041438624,3.25523842345455e-05,0.0046911649726348,6.13605864236637e-05,0.0054730258014072,2.991321090502101e-05,2,1,1,1,1
1829,3,14:41:30,4,0.001563721657545,108885.0,0.0019546520719313,0.001563721657545,5.994773864857662e-05,0.0007818608287726,4.415391156873088e-05,0.0,4.022610961936525e-05,-0.0007818608287724,2.9661676790037007e-05,-0.0015637216575449,2.9897731882560455e-05,0.0023455824863174,1.4360663087779168e-05,0.00312744331509,8.586658780765161e-05,0.0039093041438624,3.25523842345455e-05,0.0046911649726348,6.120579619905816e-05,0.0054730258014072,2.991321090502101e-05,2,1,1,1,1
1830,3,14:41:33,4,0.0023455824863174,603719.0,0.0019546520719313,0.001563721657545,6.377879670756378e-05,0.0007818608287726,4.4308701793336426e-05,0.0,4.003262183860833e-05,-0.0007818608287724,2.9661676790037007e-05,-0.0015637216575449,2.9897731882560455e-05,0.0023455824863174,7.143568865545768e-06,0.00312744331509,8.576984391727315e-05,0.0039093041438624,3.25523842345455e-05,0.0046911649726348,6.120579619905816e-05,0.0054730258014072,2.991321090502101e-05,1,1,1,1,1
1831,3,14:41:36,4,0.0023455824863174,627036.0,0.0027365129007037,0.0023455824863174,2.5888665065276915e-06,0.001563721657545,6.058624832507448e-05,0.0007818608287726,4.4308701793336426e-05,0.0,4.003262183860833e-05,-0.0007818608287724,2.9661676790037007e-05,0.00312744331509,8.625356336916546e-05,0.0039093041438624,3.25523842345455e-05,0.0046911649726348,6.120579619905816e-05,0.0054730258014072,2.991321090502101e-05,0.0062548866301799,3.196418138104444e-05,0,0,1,1,1
1832,3,14:41:39,4,0.0023455824863174,25640.0,0.0027365129007037,0.0023455824863174,2.3566811696193785e-06,0.001563721657545,6.076038732775571e-05,0.0007818608287726,4.4308701793336426e-05,0.0,4.001327306053263e-05,-0.0007818608287724,2.9661676790037007e-05,0.00312744331509,8.606007558840854e-05,0.0039093041438624,3.25523842345455e-05,0.0046911649726348,6.13799352017394e-05,0.0054730258014072,2.991321090502101e-05,0.0062548866301799,3.196418138104444e-05,0,0,1,1,1
1833,3,14:41:42,4,0.0023455824863174,310244.0,0.0027365129007037,0.0023455824863174,5.665322220562841e-06,0.001563721657545,5.760653650141779e-05,0.0007818608287726,4.202554598040468e-05,0.0,4.001327306053263e-05,-0.0007818608287724,2.9661676790037007e-05,0.00312744331509,8.43186855615962e-05,0.0039093041438624,3.25523842345455e-05,0.0046911649726348,6.13799352017394e-05,0.0054730258014072,2.991321090502101e-05,0.0062548866301799,3.196418138104444e-05,0,0,1,1,1
1834,3,14:41:45,4,0.0023455824863174,137181.0,0.0027365129007037,0.0023455824863174,3.885234637599107e-06,0.001563721657545,5.760653650141779e-05,0.0007818608287726,4.1909453311950526e-05,0.0,4.003262183860833e-05,-0.0007818608287724,2.937144511890161e-05,0.00312744331509,8.447347578620174e-05,0.0039093041438624,3.25523842345455e-05,0.0046911649726348,6.13799352017394e-05,0.0054730258014072,2.991321090502101e-05,0.0062548866301799,3.196418138104444e-05,0,0,1,1,1
1835,3,14:41:48,4,0.0023455824863174,271527.0,0.0019546520719313,0.001563721657545,5.754849016719072e-05,0.0007818608287726,4.219968498308592e-05,0.0,4.043894617819787e-05,-0.0007818608287724,2.937144511890161e-05,-0.0015637216575449,2.6027976267421905e-05,0.0023455824863174,7.840124876270707e-06,0.00312744331509,8.466696356695866e-05,0.0039093041438624,3.25523842345455e-05,0.0046911649726348,6.157342298249632e-05,0.0054730258014072,3.0300186466534865e-05,1,1,1,1,1
1836,3,14:41:51,4,0.0023455824863174,232042.0,0.0019546520719313,0.001563721657545,5.766458283564487e-05,0.0007818608287726,4.237382398576715e-05,0.0,4.043894617819787e-05,-0.0007818608287724,2.937144511890161e-05,-0.0015637216575449,2.6027976267421905e-05,0.0023455824863174,5.808503178322968e-06,0.00312744331509,8.478305623541282e-05,0.0039093041438624,3.299740613028644e-05,0.0046911649726348,6.165081809479909e-05,0.0054730258014072,3.146111315107643e-05,1,1,1,1,1
1837,3,14:41:54,4,0.0023455824863174,91022.0,0.0019546520719313,0.001563721657545,5.851592907097535e-05,0.0007818608287726,4.276079954728101e-05,0.0,4.043894617819787e-05,-0.0007818608287724,2.937144511890161e-05,-0.0015637216575449,2.6027976267421905e-05,0.0023455824863174,7.878822432422093e-06,0.00312744331509,8.513133424077528e-05,0.0039093041438624,3.299740613028644e-05,0.0046911649726348,6.165081809479909e-05,0.0054730258014072,3.184808871259029e-05,1,1,1,1,1
1838,3,14:41:57,4,0.0023455824863174,129482.0,0.0019546520719313,0.001563721657545,6.023797031971201e-05,0.0007818608287726,4.295428732803793e-05,0.0,4.043894617819787e-05,-0.0007818608287724,2.937144511890161e-05,-0.0015637216575449,2.6027976267421905e-05,0.0023455824863174,8.077534383259457e-06,0.00312744331509,8.80336509521292e-05,0.0039093041438624,3.299740613028644e-05,0.0046911649726348,6.165081809479909e-05,0.0054730258014072,3.184808871259029e-05,1,1,1,1,1
1839,3,14:42:00,4,0.0023455824863174,47433.0,0.0019546520719313,0.001563721657545,6.021862154163631e-05,0.0007818608287726,4.295428732803793e-05,0.0,4.043894617819787e-05,-0.0007818608287724,2.937144511890161e-05,-0.0015637216575449,2.6027976267421905e-05,0.0023455824863174,1.2314916781836173e-05,0.00312744331509,8.822713873288614e-05,0.0039093041438624,3.299740613028644e-05,0.0046911649726348,6.225063021514557e-05,0.0054730258014072,3.165460093183336e-05,1,1,1,1,1
1840,3,14:42:03,4,0.0023455824863174,592284.0,0.0019546520719313,0.001563721657545,6.182457012191881e-05,0.0007818608287726,4.709492583623618e-05,0.0,4.043894617819787e-05,-0.0007818608287724,2.937144511890161e-05,-0.0015637216575449,2.6027976267421905e-05,0.0023455824863174,1.1749932462025944e-05,0.00312744331509,8.683402671143625e-05,0.0039093041438624,3.197192089227472e-05,0.0046911649726348,6.225063021514557e-05,0.0054730258014072,3.165460093183336e-05,1,1,1,1,1
1841,3,14:42:06,4,0.0023455824863174,178198.0,0.0019546520719313,0.001563721657545,5.472356856813957e-05,0.0007818608287726,4.709492583623618e-05,0.0,4.140638508198251e-05,-0.0007818608287724,2.937144511890161e-05,-0.0015637216575449,2.6027976267421905e-05,0.0023455824863174,9.48612542716989e-06,0.00312744331509,8.85560679601729e-05,0.0039093041438624,3.197192089227472e-05,0.0046911649726348,6.225063021514557e-05,0.0054730258014072,3.165460093183336e-05,1,1,1,1,1
1842,3,14:42:09,4,0.001563721657545,193579.0,0.0019546520719313,0.001563721657545,5.9638158199365534e-05,0.0007818608287726,4.709492583623618e-05,0.0,3.985848283592709e-05,-0.0007818608287724,2.937144511890161e-05,-0.0015637216575449,2.6027976267421905e-05,0.0023455824863174,7.299713504616608e-06,0.00312744331509,8.85560679601729e-05,0.0039093041438624,3.197192089227472e-05,0.0046911649726348,6.225063021514557e-05,0.0054730258014072,3.165460093183336e-05,1,1,1,1,1
1843,3,14:42:12,4,0.0023455824863174,858284.0,0.0019546520719313,0.001563721657545,4.737103289937632e-05,0.0007818608287726,4.7249716060841726e-05,0.0,3.985848283592709e-05,-0.0007818608287724,2.937144511890161e-05,-0.0015637216575449,2.6027976267421905e-05,0.0023455824863174,7.125574501935374e-06,0.00312744331509,8.913653130244369e-05,0.0039093041438624,3.197192089227472e-05,0.0046911649726348,6.300523256009759e-05,0.0054730258014072,3.184808871259029e-05,1,1,1,1,1
1844,3,14:42:15,4,0.0023455824863174,134594.0,0.0019546520719313,0.001563721657545,4.719689389669509e-05,0.0007818608287726,5.02681254406498e-05,0.0,3.985848283592709e-05,-0.0007818608287724,2.937144511890161e-05,-0.0015637216575449,2.6027976267421905e-05,0.0023455824863174,6.9127379431027536e-06,0.00312744331509,8.934936786127631e-05,0.0039093041438624,3.197192089227472e-05,0.0046911649726348,6.300523256009759e-05,0.0054730258014072,3.184808871259029e-05,1,1,1,1,1
1845,3,14:42:18,4,0.0023455824863174,30768.0,0.0019546520719313,0.001563721657545,5.112469584606072e-05,0.0007818608287726,5.011333521604425e-05,0.0,3.985848283592709e-05,-0.0007818608287724,2.937144511890161e-05,-0.0015637216575449,2.6027976267421905e-05,0.0023455824863174,6.796645274648597e-06,0.00312744331509,8.954285564203324e-05,0.0039093041438624,3.20299672265018e-05,0.0046911649726348,6.304393011624897e-05,0.0054730258014072,3.184808871259029e-05,1,1,1,1,1
1846,3,14:42:21,4,0.0023455824863174,70460.0,0.0019546520719313,0.001563721657545,5.015725694227608e-05,0.0007818608287726,5.021007910642272e-05,0.0,3.985848283592709e-05,-0.0007818608287724,2.937144511890161e-05,-0.0015637216575449,2.6027976267421905e-05,0.0023455824863174,9.48612542716989e-06,0.00312744331509,8.954285564203324e-05,0.0039093041438624,3.290066223990797e-05,0.0046911649726348,6.308262767240036e-05,0.0054730258014072,3.184808871259029e-05,1,1,1,1,1
1847,3,14:42:24,4,0.0023455824863174,111511.0,0.0019546520719313,0.001563721657545,4.992507160536777e-05,0.0007818608287726,5.021007910642272e-05,0.0,3.985848283592709e-05,-0.0007818608287724,2.937144511890161e-05,-0.0015637216575449,2.6027976267421905e-05,0.0023455824863174,9.660264429851126e-06,0.00312744331509,9.012331898430402e-05,0.0039093041438624,3.324894024527044e-05,0.0046911649726348,6.308262767240036e-05,0.0054730258014072,3.184808871259029e-05,1,1,1,1,1
1848,3,14:42:27,4,0.0023455824863174,124354.0,0.0019546520719313,0.001563721657545,4.992507160536777e-05,0.0007818608287726,5.003594010374149e-05,0.0,3.985848283592709e-05,-0.0007818608287724,2.937144511890161e-05,-0.0015637216575449,2.6027976267421905e-05,0.0023455824863174,8.325198742628324e-06,0.00312744331509,9.012331898430402e-05,0.0039093041438624,3.324894024527044e-05,0.0046911649726348,6.346960323391421e-05,0.0054730258014072,3.184808871259029e-05,1,1,1,1,1
1849,3,14:42:30,4,0.001563721657545,197378.0,0.0019546520719313,0.001563721657545,4.880284247697758e-05,0.0007818608287726,5.003594010374149e-05,0.0,3.831058058987167e-05,-0.0007818608287724,2.937144511890161e-05,-0.0015637216575449,2.6027976267421905e-05,0.0023455824863174,6.390320935059049e-06,0.00312744331509,9.012331898430402e-05,0.0039093041438624,3.324894024527044e-05,0.0046911649726348,6.273434966703789e-05,0.0054730258014072,3.184808871259029e-05,1,1,1,1,1
1850,3,14:42:33,4,0.0023455824863174,432029.0,0.0019546520719313,0.001563721657545,4.889958636735605e-05,0.0007818608287726,5.003594010374149e-05,0.0,3.831058058987167e-05,-0.0007818608287724,2.956493289965854e-05,-0.0015637216575449,2.6027976267421905e-05,0.0023455824863174,9.640915651775433e-06,0.00312744331509,9.012331898430402e-05,0.0039093041438624,3.324894024527044e-05,0.0046911649726348,6.273434966703789e-05,0.0054730258014072,3.184808871259029e-05,1,1,1,1,1
1851,3,14:42:36,4,0.001563721657545,217929.0,0.0019546520719313,0.001563721657545,4.928656192886991e-05,0.0007818608287726,5.003594010374149e-05,0.0,3.831058058987167e-05,-0.0007818608287724,2.956493289965854e-05,-0.0015637216575449,2.6027976267421905e-05,0.0023455824863174,7.686689066130465e-06,0.00312744331509,9.037485309928804e-05,0.0039093041438624,3.324894024527044e-05,0.0046911649726348,6.273434966703789e-05,0.0054730258014072,3.184808871259029e-05,1,1,1,1,1
1852,3,14:42:39,4,0.001563721657545,640500.0,0.0019546520719313,0.001563721657545,4.040547279212693e-05,0.0007818608287726,5.003594010374149e-05,0.0,3.831058058987167e-05,-0.0007818608287724,2.956493289965854e-05,-0.0015637216575449,2.6027976267421905e-05,0.0023455824863174,8.07366462764432e-06,0.00312744331509,9.037485309928804e-05,0.0039093041438624,3.324894024527044e-05,0.0046911649726348,6.263760577665943e-05,0.0054730258014072,3.184808871259029e-05,1,1,1,1,1
1853,3,14:42:42,4,0.0023455824863174,102560.0,0.0019546520719313,0.001563721657545,4.040547279212693e-05,0.0007818608287726,5.197081791131076e-05,0.0,3.831058058987167e-05,-0.0007818608287724,2.956493289965854e-05,-0.0015637216575449,2.6027976267421905e-05,0.0023455824863174,8.15105973994709e-06,0.00312744331509,9.037485309928804e-05,0.0039093041438624,3.324894024527044e-05,0.0046911649726348,6.283109355741635e-05,0.0054730258014072,3.184808871259029e-05,1,1,1,1,1
1854,3,14:42:45,4,0.001563721657545,92249.0,0.0019546520719313,0.001563721657545,3.934128999796382e-05,0.0007818608287726,5.212560813591631e-05,0.0,3.831058058987167e-05,-0.0007818608287724,2.956493289965854e-05,-0.0015637216575449,2.6027976267421905e-05,0.0023455824863174,8.42194263300679e-06,0.00312744331509,9.049094576774218e-05,0.0039093041438624,3.324894024527044e-05,0.0046911649726348,6.283109355741635e-05,0.0054730258014072,3.184808871259029e-05,1,1,1,1,1
1855,3,14:42:48,4,0.0023455824863174,17938.0,0.0019546520719313,0.001563721657545,4.032807767982415e-05,0.0007818608287726,5.359611526966895e-05,0.0,3.827188303372028e-05,-0.0007818608287724,2.956493289965854e-05,-0.0015637216575449,2.5234676366318506e-05,0.0023455824863174,9.4667766490942e-06,0.00312744331509,9.049094576774218e-05,0.0039093041438624,3.324894024527044e-05,0.0046911649726348,6.283109355741635e-05,0.0054730258014072,3.184808871259029e-05,1,1,1,1,1
1856,3,14:42:51,4,0.001563721657545,25620.0,0.0019546520719313,0.001563721657545,3.411711991752678e-05,0.0007818608287726,5.344132504506341e-05,0.0,3.827188303372028e-05,-0.0007818608287724,2.956493289965854e-05,-0.0015637216575449,2.5234676366318506e-05,0.0023455824863174,1.0434215552878835e-05,0.00312744331509,9.060703843619636e-05,0.0039093041438624,3.324894024527044e-05,0.0046911649726348,6.283109355741635e-05,0.0054730258014072,3.184808871259029e-05,1,1,1,1,1
1857,3,14:42:54,4,0.001563721657545,778949.0,0.0019546520719313,0.001563721657545,2.937666928898205e-05,0.0007818608287726,5.344132504506341e-05,0.0,3.730444412993565e-05,-0.0007818608287724,3.1596554597606284e-05,-0.0015637216575449,2.5234676366318506e-05,0.0023455824863174,9.91179854483513e-06,0.00312744331509,9.085857255118037e-05,0.0039093041438624,3.324894024527044e-05,0.0046911649726348,6.283109355741635e-05,0.0054730258014072,3.184808871259029e-05,1,1,1,1,1
1858,3,14:42:57,4,0.001563721657545,1281.0,0.0019546520719313,0.001563721657545,3.109871053771871e-05,0.0007818608287726,5.357676649159326e-05,0.0,3.7362490464162725e-05,-0.0007818608287724,3.1596554597606284e-05,-0.0015637216575449,2.5234676366318506e-05,0.0023455824863174,1.5948617304451273e-05,0.00312744331509,9.085857255118037e-05,0.0039093041438624,3.324894024527044e-05,0.0046911649726348,6.283109355741635e-05,0.0054730258014072,3.146111315107643e-05,1,1,1,1,1
1859,3,14:43:00,4,0.001563721657545,17934.0,0.0019546520719313,0.001563721657545,3.189201043882211e-05,0.0007818608287726,5.338327871083633e-05,0.0,3.697551490264887e-05,-0.0007818608287724,3.1596554597606284e-05,-0.0015637216575449,2.5234676366318506e-05,0.0023455824863174,1.6722568427478982e-05,0.00312744331509,9.02007140966068e-05,0.0039093041438624,3.330466472612844e-05,0.0046911649726348,6.263760577665943e-05,0.0054730258014072,3.146111315107643e-05,1,1,1,1,1
1860,3,14:43:03,4,0.001563721657545,60995.0,0.0019546520719313,0.001563721657545,3.172561094737115e-05,0.0007818608287726,5.338327871083633e-05,0.0,3.697551490264887e-05,-0.0007818608287724,3.1596554597606284e-05,-0.0015637216575449,2.461551546789633e-05,0.0023455824863174,1.772870488741501e-05,0.00312744331509,9.031680676506096e-05,0.0039093041438624,3.330466472612844e-05,0.0046911649726348,6.263760577665943e-05,0.0054730258014072,3.140306681684935e-05,1,1,1,1,1
1861,3,14:43:06,4,0.0023455824863174,194817.0,0.0019546520719313,0.001563721657545,3.100970615857052e-05,0.0007818608287726,5.3557417713517566e-05,0.0,3.697551490264887e-05,-0.0007818608287724,3.1596554597606284e-05,-0.0015637216575449,2.461551546789633e-05,0.0023455824863174,1.7554565884733774e-05,0.00312744331509,9.031680676506096e-05,0.0039093041438624,3.334336228227982e-05,0.0046911649726348,6.263760577665943e-05,0.0054730258014072,3.140306681684935e-05,1,1,1,1,1
1862,3,14:43:09,4,0.0023455824863174,252372.0,0.0019546520719313,0.001563721657545,2.8146087003367992e-05,0.0007818608287726,5.37509054942745e-05,0.0,3.697551490264887e-05,-0.0007818608287724,3.1596554597606284e-05,-0.0015637216575449,2.461551546789633e-05,0.0023455824863174,1.9179863243091965e-05,0.00312744331509,9.031680676506096e-05,0.0039093041438624,3.3401408616506903e-05,0.0046911649726348,6.263760577665943e-05,0.0054730258014072,3.140306681684935e-05,1,1,1,1,1
1863,3,14:43:12,4,0.0023455824863174,130721.0,0.0019546520719313,0.001563721657545,2.7314089546113203e-05,0.0007818608287726,5.37509054942745e-05,0.0,3.697551490264887e-05,-0.0007818608287724,3.1596554597606284e-05,-0.0015637216575449,2.461551546789633e-05,0.0023455824863174,1.9799024141514134e-05,0.00312744331509,9.612144018776876e-05,0.0039093041438624,3.3401408616506903e-05,0.0046911649726348,6.292783744779482e-05,0.0054730258014072,3.1596554597606284e-05,1,1,1,1,1
1864,3,14:43:15,4,0.0023455824863174,11538.0,0.0019546520719313,0.001563721657545,2.7314089546113203e-05,0.0007818608287726,5.516336629380007e-05,0.0,3.697551490264887e-05,-0.0007818608287724,3.1596554597606284e-05,-0.0015637216575449,2.461551546789633e-05,0.0023455824863174,2.074711426722308e-05,0.00312744331509,9.627623041237432e-05,0.0039093041438624,3.3401408616506903e-05,0.0046911649726348,6.283109355741635e-05,0.0054730258014072,3.1596554597606284e-05,1,1,1,1,1
1865,3,14:43:18,4,0.0023455824863174,0.0,0.0019546520719313,0.001563721657545,2.828152844989784e-05,0.0007818608287726,5.516336629380007e-05,0.0,3.697551490264887e-05,-0.0007818608287724,3.1596554597606284e-05,-0.0015637216575449,2.461551546789633e-05,0.0023455824863174,2.138562394372094e-05,0.00312744331509,9.631492796852572e-05,0.0039093041438624,3.3401408616506903e-05,0.0046911649726348,6.283109355741635e-05,0.0054730258014072,3.1596554597606284e-05,1,1,1,1,1
1866,3,14:43:21,4,0.0023455824863174,28204.0,0.0019546520719313,0.001563721657545,2.872655034563877e-05,0.0007818608287726,5.516336629380007e-05,0.0,3.697551490264887e-05,-0.0007818608287724,3.1596554597606284e-05,-0.0015637216575449,2.461551546789633e-05,0.0023455824863174,2.208217995444588e-05,0.00312744331509,9.631492796852572e-05,0.0039093041438624,3.3401408616506903e-05,0.0046911649726348,6.283109355741635e-05,0.0054730258014072,3.1596554597606284e-05,1,1,1,1,1
1867,3,14:43:24,4,0.0023455824863174,40994.0,0.0019546520719313,0.001563721657545,2.8146087003367992e-05,0.0007818608287726,5.5318156518405605e-05,0.0,3.697551490264887e-05,-0.0007818608287724,3.1596554597606284e-05,-0.0015637216575449,2.461551546789633e-05,0.0023455824863174,2.3158165503235155e-05,0.00312744331509,9.631492796852572e-05,0.0039093041438624,3.282094527423612e-05,0.0046911649726348,6.29471862258705e-05,0.0054730258014072,3.1596554597606284e-05,1,1,1,1,1
1868,3,14:43:27,4,0.001563721657545,140940.0,0.0019546520719313,0.001563721657545,2.8571760121033236e-05,0.0007818608287726,5.53375052964813e-05,0.0,3.697551490264887e-05,-0.0007818608287724,3.1596554597606284e-05,-0.0015637216575449,2.461551546789633e-05,0.0023455824863174,2.5112392088880124e-05,0.00312744331509,9.585055729470908e-05,0.0039093041438624,3.282094527423612e-05,0.0046911649726348,6.374048612697392e-05,0.0054730258014072,3.1596554597606284e-05,1,1,1,1,1
1869,3,14:43:30,4,0.0023455824863174,164032.0,0.0019546520719313,0.001563721657545,2.7333438324188896e-05,0.0007818608287726,5.591796863875209e-05,0.0,3.697551490264887e-05,-0.0007818608287724,3.1596554597606284e-05,-0.0015637216575449,2.461551546789633e-05,0.0023455824863174,2.5847645655756448e-05,0.00312744331509,0.0001020421662789,0.0039093041438624,3.282094527423612e-05,0.0046911649726348,6.374048612697392e-05,0.0054730258014072,3.140306681684935e-05,1,1,1,1,1
1870,3,14:43:33,4,0.0023455824863174,162809.0,0.0019546520719313,0.001563721657545,2.7662367551475672e-05,0.0007818608287726,5.591796863875209e-05,0.0,3.697551490264887e-05,-0.0007818608287724,3.1596554597606284e-05,-0.0015637216575449,2.461551546789633e-05,0.0023455824863174,2.662159677878416e-05,0.00312744331509,0.0001020421662789,0.0039093041438624,2.8951189659097568e-05,0.0046911649726348,6.374048612697392e-05,0.0054730258014072,3.140306681684935e-05,1,1,1,1,1
1871,3,14:43:36,4,0.001563721657545,8968.0,0.0019546520719313,0.001563721657545,2.756562366109721e-05,0.0007818608287726,5.591796863875209e-05,0.0,3.693681734649749e-05,-0.0007818608287724,3.1596554597606284e-05,-0.0015637216575449,2.461551546789633e-05,0.0023455824863174,2.7298804011433404e-05,0.00312744331509,0.0001020421662789,0.0039093041438624,2.8951189659097568e-05,0.0046911649726348,6.374048612697392e-05,0.0054730258014072,3.140306681684935e-05,1,1,1,1,1
1872,3,14:43:39,4,0.0023455824863174,32048.0,0.0019546520719313,0.001563721657545,2.772041388570275e-05,0.0007818608287726,5.622754908796317e-05,0.0,3.693681734649749e-05,-0.0007818608287724,3.1596554597606284e-05,-0.0015637216575449,2.461551546789633e-05,0.0023455824863174,2.7995360022158345e-05,0.00312744331509,0.0001020421662789,0.0039093041438624,2.8564214097583716e-05,0.0046911649726348,6.368243979274683e-05,0.0054730258014072,3.140306681684935e-05,1,1,1,1,1
1873,3,14:43:42,4,0.001563721657545,16661.0,0.0019546520719313,0.001563721657545,2.833957478412492e-05,0.0007818608287726,5.626624664411456e-05,0.0,3.693681734649749e-05,-0.0007818608287724,3.198353015912014e-05,-0.0015637216575449,2.461551546789633e-05,0.0023455824863174,3.271646187262738e-05,0.00312744331509,0.0001020421662789,0.0039093041438624,2.8564214097583716e-05,0.0046911649726348,6.368243979274683e-05,0.0054730258014072,3.140306681684935e-05,1,1,1,1,1
1874,3,14:43:45,4,0.0023455824863174,6410.0,0.0019546520719313,0.001563721657545,3.064207937513236e-05,0.0007818608287726,5.626624664411456e-05,0.0,3.693681734649749e-05,-0.0007818608287724,3.198353015912014e-05,-0.0015637216575449,2.461551546789633e-05,0.0023455824863174,3.261971798224891e-05,0.00312744331509,0.0001021969565035,0.0039093041438624,2.8564214097583716e-05,0.0046911649726348,6.368243979274683e-05,0.0054730258014072,3.140306681684935e-05,1,1,1,1,1
1875,3,14:43:48,4,0.0023455824863174,115370.0,0.0019546520719313,0.001563721657545,3.147407683238714e-05,0.0007818608287726,5.555034185531392e-05,0.0,3.693681734649749e-05,-0.0007818608287724,3.198353015912014e-05,-0.0015637216575449,2.461551546789633e-05,0.0023455824863174,3.292929843146e-05,0.00312744331509,0.0001022937003939,0.0039093041438624,2.8564214097583716e-05,0.0046911649726348,6.368243979274683e-05,0.0054730258014072,3.1499810707227815e-05,1,1,1,1,1
1876,3,14:43:51,4,0.0023455824863174,293468.0,0.0019546520719313,0.001563721657545,3.0971008602419137e-05,0.0007818608287726,5.555034185531392e-05,0.0,3.693681734649749e-05,-0.0007818608287724,3.198353015912014e-05,-0.0015637216575449,2.461551546789633e-05,0.0023455824863174,3.209730097420521e-05,0.00312744331509,0.0001019841199447,0.0039093041438624,2.8564214097583716e-05,0.0046911649726348,6.484336647728839e-05,0.0054730258014072,3.1499810707227815e-05,1,1,1,1,1
1877,3,14:43:54,4,0.0023455824863174,220491.0,0.0019546520719313,0.001563721657545,3.157082072276561e-05,0.0007818608287726,5.555034185531392e-05,0.0,3.693681734649749e-05,-0.0007818608287724,3.198353015912014e-05,-0.0015637216575449,2.461551546789633e-05,0.0023455824863174,3.205860341805382e-05,0.00312744331509,0.0001019841199447,0.0039093041438624,2.8564214097583716e-05,0.0046911649726348,6.484336647728839e-05,0.0054730258014072,3.1499810707227815e-05,1,1,1,1,1
1878,3,14:43:57,4,0.0023455824863174,119137.0,0.0019546520719313,0.001563721657545,2.9848779474028955e-05,0.0007818608287726,5.555034185531392e-05,0.0,3.693681734649749e-05,-0.0007818608287724,3.198353015912014e-05,-0.0015637216575449,2.465421302404772e-05,0.0023455824863174,3.198120830575106e-05,0.00312744331509,0.0001019841199447,0.0039093041438624,2.8564214097583716e-05,0.0046911649726348,6.648801261372229e-05,0.0054730258014072,3.1499810707227815e-05,1,1,1,1,1
1879,3,14:44:00,4,0.001563721657545,133308.0,0.0019546520719313,0.001563721657545,3.066142815320805e-05,0.0007818608287726,5.539555163070838e-05,0.0,3.693681734649749e-05,-0.0007818608287724,3.198353015912014e-05,-0.0015637216575449,2.465421302404772e-05,0.0023455824863174,3.039460850354425e-05,0.00312744331509,0.0001019841199447,0.0039093041438624,2.8564214097583716e-05,0.0046911649726348,6.648801261372229e-05,0.0054730258014072,3.1499810707227815e-05,1,1,1,1,1
1880,3,14:44:03,4,0.001563721657545,254919.0,0.0019546520719313,0.001563721657545,2.822348211567076e-05,0.0007818608287726,5.636299053449302e-05,0.0,3.693681734649749e-05,-0.0007818608287724,3.198353015912014e-05,-0.0015637216575449,2.465421302404772e-05,0.0023455824863174,2.844038191789928e-05,0.00312744331509,0.0001018873760543,0.0039093041438624,2.8254633648372627e-05,0.0046911649726348,6.648801261372229e-05,0.0054730258014072,3.1499810707227815e-05,1,1,1,1,1
1881,3,14:44:06,4,0.0023455824863174,167891.0,0.0019546520719313,0.001563721657545,2.723669443381043e-05,0.0007818608287726,5.645973442487148e-05,0.0,3.3976454300916494e-05,-0.0007818608287724,3.198353015912014e-05,-0.0015637216575449,2.465421302404772e-05,0.0023455824863174,2.7202060121054942e-05,0.00312744331509,0.0001017519346077,0.0039093041438624,2.8254633648372627e-05,0.0046911649726348,6.648801261372229e-05,0.0054730258014072,3.1499810707227815e-05,1,1,1,1,1
1882,3,14:44:09,4,0.001563721657545,663567.0,0.0019546520719313,0.001563721657545,1.791058340132652e-05,0.0007818608287726,5.645973442487148e-05,0.0,3.3976454300916494e-05,-0.0007818608287724,3.198353015912014e-05,-0.0015637216575449,2.465421302404772e-05,0.0023455824863174,2.768577957294726e-05,0.00312744331509,0.0001017519346077,0.0039093041438624,2.9222072552157264e-05,0.0046911649726348,6.648801261372229e-05,0.0054730258014072,3.1499810707227815e-05,1,1,1,1,1
1883,3,14:44:12,4,0.0023455824863174,71767.0,0.0019546520719313,0.001563721657545,1.920695153239793e-05,0.0007818608287726,5.6711268539855486e-05,0.0,3.533086876621498e-05,-0.0007818608287724,3.198353015912014e-05,-0.0015637216575449,2.465421302404772e-05,0.0023455824863174,2.8208196580990965e-05,0.00312744331509,0.0001019067248324,0.0039093041438624,2.929946766446004e-05,0.0046911649726348,6.648801261372229e-05,0.0054730258014072,3.1499810707227815e-05,1,1,1,1,1
1884,3,14:44:15,4,0.0023455824863174,116642.0,0.0019546520719313,0.001563721657545,2.1664246348010917e-05,0.0007818608287726,5.77367537778672e-05,0.0,3.533086876621498e-05,-0.0007818608287724,3.198353015912014e-05,-0.0015637216575449,2.465421302404772e-05,0.0023455824863174,2.9949586607803315e-05,0.00312744331509,0.0001021002126131,0.0039093041438624,2.929946766446004e-05,0.0046911649726348,6.648801261372229e-05,0.0054730258014072,3.140306681684935e-05,1,1,1,1,1
1885,3,14:44:18,4,0.001563721657545,61535.0,0.0019546520719313,0.001563721657545,2.176099023838938e-05,0.0007818608287726,5.77367537778672e-05,0.0,3.533086876621498e-05,-0.0007818608287724,3.198353015912014e-05,-0.0015637216575449,2.465421302404772e-05,0.0023455824863174,2.9717401270895e-05,0.00312744331509,0.0001021969565035,0.0039093041438624,2.9164026217930188e-05,0.0046911649726348,6.652671016987367e-05,0.0054730258014072,3.140306681684935e-05,1,1,1,1,1
1886,3,14:44:21,4,0.0023455824863174,46142.0,0.0019546520719313,0.001563721657545,2.1664246348010917e-05,0.0007818608287726,5.77367537778672e-05,0.0,3.533086876621498e-05,-0.0007818608287724,3.198353015912014e-05,-0.0015637216575449,2.465421302404772e-05,0.0023455824863174,3.0297864613165783e-05,0.00312744331509,0.000101809980942,0.0039093041438624,2.9164026217930188e-05,0.0046911649726348,6.652671016987367e-05,0.0054730258014072,3.140306681684935e-05,1,1,1,1,1
1887,3,14:44:24,4,0.001563721657545,467571.0,0.0019546520719313,0.001563721657545,1.4930871577669836e-05,0.0007818608287726,5.477639073228621e-05,0.0,3.533086876621498e-05,-0.0007818608287724,3.198353015912014e-05,-0.0015637216575449,2.465421302404772e-05,0.0023455824863174,3.3741947110639096e-05,0.00312744331509,0.0001018486784981,0.0039093041438624,2.9067282327551723e-05,0.0046911649726348,6.621712972066259e-05,0.0054730258014072,3.1596554597606284e-05,1,1,1,1,1
1888,3,14:44:27,4,0.0023455824863174,70500.0,0.0019546520719313,0.001563721657545,1.4737383796912907e-05,0.0007818608287726,5.448615906115082e-05,0.0,3.533086876621498e-05,-0.0007818608287724,3.198353015912014e-05,-0.0015637216575449,2.465421302404772e-05,0.0023455824863174,3.39934812256231e-05,0.00312744331509,0.0001012295175997,0.0039093041438624,2.9067282327551723e-05,0.0046911649726348,6.621712972066259e-05,0.0054730258014072,3.1596554597606284e-05,1,1,1,1,1
1889,3,14:44:30,4,0.0023455824863174,67918.0,0.0019546520719313,0.001563721657545,1.4737383796912907e-05,0.0007818608287726,5.340262748891203e-05,0.0,3.533086876621498e-05,-0.0007818608287724,3.198353015912014e-05,-0.0015637216575449,2.465421302404772e-05,0.0023455824863174,3.350976177373078e-05,0.00312744331509,0.0001010747273751,0.0039093041438624,2.9067282327551723e-05,0.0046911649726348,6.621712972066259e-05,0.0054730258014072,3.1596554597606284e-05,1,1,1,1,1
1890,3,14:44:33,4,0.001563721657545,89680.0,0.0019546520719313,0.001563721657545,1.363450344659842e-05,0.0007818608287726,5.340262748891203e-05,0.0,3.533086876621498e-05,-0.0007818608287724,3.198353015912014e-05,-0.0015637216575449,2.465421302404772e-05,0.0023455824863174,3.765040028192904e-05,0.00312744331509,0.0001013456102682,0.0039093041438624,2.9067282327551723e-05,0.0046911649726348,6.621712972066259e-05,0.0054730258014072,3.1596554597606284e-05,1,1,1,1,1
1891,3,14:44:36,4,0.001563721657545,193432.0,0.0019546520719313,0.001563721657545,1.272511087704086e-05,0.0007818608287726,5.340262748891203e-05,0.0,3.533086876621498e-05,-0.0007818608287724,3.198353015912014e-05,-0.0015637216575449,2.465421302404772e-05,0.0023455824863174,3.784388806268596e-05,0.00312744331509,0.0001016358419393,0.0039093041438624,2.9067282327551723e-05,0.0046911649726348,6.61784321645112e-05,0.0054730258014072,3.1596554597606284e-05,1,1,1,1,1
1892,3,14:44:39,4,0.0023455824863174,82014.0,0.0019546520719313,0.001563721657545,1.336362055353872e-05,0.0007818608287726,5.340262748891203e-05,0.0,3.436342986243035e-05,-0.0007818608287724,3.198353015912014e-05,-0.0015637216575449,2.465421302404772e-05,0.0023455824863174,3.807607339959428e-05,0.00312744331509,0.0001009586347066,0.0039093041438624,2.9067282327551723e-05,0.0046911649726348,6.61784321645112e-05,0.0054730258014072,3.1596554597606284e-05,1,1,1,1,1
1893,3,14:44:42,4,0.001563721657545,8967.0,0.0019546520719313,0.001563721657545,1.6556168936028027e-05,0.0007818608287726,5.340262748891203e-05,0.0,4.403781890027673e-05,-0.0007818608287724,3.198353015912014e-05,-0.0015637216575449,2.465421302404772e-05,0.0023455824863174,3.807607339959428e-05,0.00312744331509,0.0001009586347066,0.0039093041438624,2.9067282327551723e-05,0.0046911649726348,6.637191994526812e-05,0.0054730258014072,3.1596554597606284e-05,1,1,1,1,1
1894,3,14:44:45,4,0.0023455824863174,428161.0,0.0019546520719313,0.001563721657545,1.7155981056374503e-05,0.0007818608287726,5.363481282582034e-05,0.0,4.403781890027673e-05,-0.0007818608287724,3.198353015912014e-05,-0.0015637216575449,2.465421302404772e-05,0.0023455824863174,3.3316273992973855e-05,0.00312744331509,0.0001028935125142,0.0039093041438624,2.9067282327551723e-05,0.0046911649726348,6.673954672870629e-05,0.0054730258014072,3.1596554597606284e-05,1,1,1,1,1
1895,3,14:44:48,4,0.0023455824863174,26922.0,0.0019546520719313,0.001563721657545,1.8510395521672997e-05,0.0007818608287726,5.363481282582034e-05,0.0,4.403781890027673e-05,-0.0007818608287724,3.198353015912014e-05,-0.0015637216575449,2.465421302404772e-05,0.0023455824863174,3.617989314817638e-05,0.00312744331509,9.28708454710524e-05,0.0039093041438624,2.897053843717326e-05,0.0046911649726348,6.673954672870629e-05,0.0054730258014072,3.1596554597606284e-05,1,1,1,1,1
1896,3,14:44:51,4,0.0023455824863174,356129.0,0.0019546520719313,0.001563721657545,1.60917982622114e-05,0.0007818608287726,5.363481282582034e-05,0.0,4.403781890027673e-05,-0.0007818608287724,3.198353015912014e-05,-0.0015637216575449,2.465421302404772e-05,0.0023455824863174,3.705058816158256e-05,0.00312744331509,9.28708454710524e-05,0.0039093041438624,2.897053843717326e-05,0.0046911649726348,6.673954672870629e-05,0.0054730258014072,3.179004237836321e-05,1,1,1,1,1
1897,3,14:44:54,4,0.001563721657545,38430.0,0.0019546520719313,0.001563721657545,1.5801566591076008e-05,0.0007818608287726,5.359611526966895e-05,0.0,4.403781890027673e-05,-0.0007818608287724,3.2022227715271525e-05,-0.0015637216575449,2.465421302404772e-05,0.0023455824863174,3.9643324423725385e-05,0.00312744331509,9.28708454710524e-05,0.0039093041438624,2.897053843717326e-05,0.0046911649726348,6.704912717791737e-05,0.0054730258014072,3.179004237836321e-05,1,1,1,1,1
1898,3,14:44:57,4,0.0023455824863174,37159.0,0.0019546520719313,0.001563721657545,2.203187313144908e-05,0.0007818608287726,5.37315567161988e-05,0.0,4.403781890027673e-05,-0.0007818608287724,3.055172058151887e-05,-0.0015637216575449,2.465421302404772e-05,0.0023455824863174,4.742153321015388e-05,0.00312744331509,9.292889180527947e-05,0.0039093041438624,2.897053843717326e-05,0.0046911649726348,6.704912717791737e-05,0.0054730258014072,3.179004237836321e-05,1,1,1,1,1
1899,3,14:45:00,4,0.001563721657545,107614.0,0.0019546520719313,0.001563721657545,2.735278710226459e-05,0.0007818608287726,5.382830060657727e-05,0.0,4.403781890027673e-05,-0.0007818608287724,3.138371803877366e-05,-0.0015637216575449,2.465421302404772e-05,0.0023455824863174,5.131063760336812e-05,0.00312744331509,9.304498447373364e-05,0.0039093041438624,2.897053843717326e-05,0.0046911649726348,6.704912717791737e-05,0.0054730258014072,3.179004237836321e-05,1,1,1,1,1
1900,3,14:45:03,4,0.0023455824863174,38436.0,0.0019546520719313,0.001563721657545,2.754627488302152e-05,0.0007818608287726,5.382830060657727e-05,0.0,4.403781890027673e-05,-0.0007818608287724,3.138371803877366e-05,-0.0015637216575449,2.465421302404772e-05,0.0023455824863174,5.568346144847469e-05,0.00312744331509,9.492181594707582e-05,0.0039093041438624,2.897053843717326e-05,0.0046911649726348,6.704912717791737e-05,0.0054730258014072,3.179004237836321e-05,1,1,1,1,1
1901,3,14:45:06,4,0.001563721657545,39713.0,0.0019546520719313,0.001563721657545,2.8649155233336e-05,0.0007818608287726,5.382830060657727e-05,0.0,4.403781890027673e-05,-0.0007818608287724,3.138371803877366e-05,-0.0015637216575449,2.465421302404772e-05,0.0023455824863174,5.059473281456749e-05,0.00312744331509,9.511530372783276e-05,0.0039093041438624,2.897053843717326e-05,0.0046911649726348,6.704912717791737e-05,0.0054730258014072,3.2022227715271525e-05,1,1,1,1,1
1902,3,14:45:09,4,0.001563721657545,11529.0,0.0019546520719313,0.001563721657545,2.9577896580969256e-05,0.0007818608287726,5.3770254272350186e-05,0.0,4.403781890027673e-05,-0.0007818608287724,3.134502048262228e-05,-0.0015637216575449,2.465421302404772e-05,0.0023455824863174,5.0826918151475805e-05,0.00312744331509,9.517335006205984e-05,0.0039093041438624,2.897053843717326e-05,0.0046911649726348,6.673954672870629e-05,0.0054730258014072,3.2022227715271525e-05,1,1,1,1,1
1903,3,14:45:12,4,0.0023455824863174,12820.0,0.0019546520719313,0.001563721657545,3.118384516125176e-05,0.0007818608287726,5.3770254272350186e-05,0.0,4.403781890027673e-05,-0.0007818608287724,3.134502048262228e-05,-0.0015637216575449,2.465421302404772e-05,0.0023455824863174,5.10978010445355e-05,0.00312744331509,9.505725739360568e-05,0.0039093041438624,2.897053843717326e-05,0.0046911649726348,6.673954672870629e-05,0.0054730258014072,3.2022227715271525e-05,1,1,1,1,1
1904,3,14:45:15,4,0.001563721657545,102485.0,0.0019546520719313,0.001563721657545,2.9926174586331724e-05,0.0007818608287726,5.423462494616681e-05,0.0,4.403781890027673e-05,-0.0007818608287724,3.138371803877366e-05,-0.0015637216575449,2.465421302404772e-05,0.0023455824863174,5.2703749624818e-05,0.00312744331509,9.486376961284875e-05,0.0039093041438624,2.897053843717326e-05,0.0046911649726348,6.673954672870629e-05,0.0054730258014072,3.2022227715271525e-05,1,1,1,1,1
1905,3,14:45:18,4,0.001563721657545,0.0,0.0019546520719313,0.001563721657545,2.9945523364407417e-05,0.0007818608287726,5.469899561998344e-05,0.0,4.403781890027673e-05,-0.0007818608287724,3.138371803877366e-05,-0.0015637216575449,2.465421302404772e-05,0.0023455824863174,5.7579641699892576e-05,0.00312744331509,9.486376961284875e-05,0.0039093041438624,2.904793354947603e-05,0.0046911649726348,6.673954672870629e-05,0.0054730258014072,3.2022227715271525e-05,1,1,1,1,1
1906,3,14:45:21,4,0.0023455824863174,21782.0,0.0019546520719313,0.001563721657545,3.060338181898097e-05,0.0007818608287726,5.448615906115082e-05,0.0,4.403781890027673e-05,-0.0007818608287724,3.138371803877366e-05,-0.0015637216575449,2.465421302404772e-05,0.0023455824863174,6.04626096331708e-05,0.00312744331509,9.341261125717178e-05,0.0039093041438624,2.8602911653735096e-05,0.0046911649726348,6.673954672870629e-05,0.0054730258014072,3.2022227715271525e-05,1,1,1,1,1
1907,3,14:45:24,4,0.001563721657545,34597.0,0.0019546520719313,0.001563721657545,3.039054526014835e-05,0.0007818608287726,5.448615906115082e-05,0.0,4.403781890027673e-05,-0.0007818608287724,3.138371803877366e-05,-0.0015637216575449,2.465421302404772e-05,0.0023455824863174,5.572215900462608e-05,0.00312744331509,9.343196003524747e-05,0.0039093041438624,2.8602911653735096e-05,0.0046911649726348,6.673954672870629e-05,0.0054730258014072,3.2022227715271525e-05,1,1,1,1,1
1908,3,14:45:27,4,0.001563721657545,128166.0,0.0019546520719313,0.001563721657545,2.97326868055748e-05,0.0007818608287726,5.448615906115082e-05,0.0,4.403781890027673e-05,-0.0007818608287724,3.138371803877366e-05,-0.0015637216575449,2.467356180212341e-05,0.0023455824863174,5.459992987623589e-05,0.00312744331509,9.300628691758225e-05,0.0039093041438624,2.8602911653735096e-05,0.0046911649726348,6.673954672870629e-05,0.0054730258014072,3.157720581953059e-05,1,1,1,1,1
1909,3,14:45:30,4,0.0023455824863174,506347.0,0.0019546520719313,0.001563721657545,2.913287468522832e-05,0.0007818608287726,5.4099183499636965e-05,0.0,4.403781890027673e-05,-0.0007818608287724,3.138371803877366e-05,-0.0015637216575449,2.467356180212341e-05,0.0023455824863174,4.798264777434897e-05,0.00312744331509,9.300628691758225e-05,0.0039093041438624,2.8602911653735096e-05,0.0046911649726348,6.673954672870629e-05,0.0054730258014072,3.157720581953059e-05,1,1,1,1,1
1910,3,14:45:33,4,0.001563721657545,47409.0,0.0019546520719313,0.001563721657545,2.907482835100124e-05,0.0007818608287726,5.4099183499636965e-05,0.0,4.403781890027673e-05,-0.0007818608287724,3.138371803877366e-05,-0.0015637216575449,2.467356180212341e-05,0.0023455824863174,4.935641101772315e-05,0.00312744331509,9.300628691758225e-05,0.0039093041438624,2.8602911653735096e-05,0.0046911649726348,6.673954672870629e-05,0.0054730258014072,3.157720581953059e-05,1,1,1,1,1
1911,3,14:45:36,4,0.0023455824863174,47428.0,0.0019546520719313,0.001563721657545,3.4918159329860456e-05,0.0007818608287726,5.4099183499636965e-05,0.0,4.403781890027673e-05,-0.0007818608287724,3.138371803877366e-05,-0.0015637216575449,2.467356180212341e-05,0.0023455824863174,5.018840847497794e-05,0.00312744331509,9.300628691758225e-05,0.0039093041438624,2.8525516541432327e-05,0.0046911649726348,6.673954672870629e-05,0.0054730258014072,3.157720581953059e-05,1,1,1,1,1
1912,3,14:45:39,4,0.001563721657545,166570.0,0.0019546520719313,0.001563721657545,3.3273513193426575e-05,0.0007818608287726,5.40024396092585e-05,0.0,4.403781890027673e-05,-0.0007818608287724,3.138371803877366e-05,-0.0015637216575449,2.467356180212341e-05,0.0023455824863174,4.970468902308563e-05,0.00312744331509,9.318042592026348e-05,0.0039093041438624,2.8525516541432327e-05,0.0046911649726348,6.673954672870629e-05,0.0054730258014072,3.157720581953059e-05,1,1,1,1,1
1913,3,14:45:42,4,0.001563721657545,16653.0,0.0019546520719313,0.001563721657545,3.352504730841058e-05,0.0007818608287726,5.402178838733419e-05,0.0,4.403781890027673e-05,-0.0007818608287724,3.138371803877366e-05,-0.0015637216575449,2.6318207938557297e-05,0.0023455824863174,5.098170837608135e-05,0.00312744331509,9.318042592026348e-05,0.0039093041438624,2.8525516541432327e-05,0.0046911649726348,6.673954672870629e-05,0.0054730258014072,3.157720581953059e-05,1,1,1,1,1
1914,3,14:45:45,4,0.0023455824863174,137171.0,0.0019546520719313,0.001563721657545,3.395072042607582e-05,0.0007818608287726,5.402178838733419e-05,0.0,4.179336064349637e-05,-0.0007818608287724,3.138371803877366e-05,-0.0015637216575449,2.6318207938557297e-05,0.0023455824863174,5.096235959800565e-05,0.00312744331509,9.298693813950656e-05,0.0039093041438624,2.8525516541432327e-05,0.0046911649726348,6.615908338643551e-05,0.0054730258014072,3.163525215375767e-05,1,1,1,1,1
1915,3,14:45:48,4,0.0023455824863174,11531.0,0.0019546520719313,0.001563721657545,3.3273513193426575e-05,0.0007818608287726,5.402178838733419e-05,0.0,4.177401186542068e-05,-0.0007818608287724,3.138371803877366e-05,-0.0015637216575449,2.6318207938557297e-05,0.0023455824863174,5.158152049642783e-05,0.00312744331509,9.298693813950656e-05,0.0039093041438624,2.8525516541432327e-05,0.0046911649726348,6.615908338643551e-05,0.0054730258014072,3.163525215375767e-05,1,1,1,1,1
1916,3,14:45:51,4,0.001563721657545,128143.0,0.0019546520719313,0.001563721657545,3.2189981621187776e-05,0.0007818608287726,5.3770254272350186e-05,0.0,4.177401186542068e-05,-0.0007818608287724,3.138371803877366e-05,-0.0015637216575449,2.6318207938557297e-05,0.0023455824863174,5.390337386551095e-05,0.00312744331509,9.298693813950656e-05,0.0039093041438624,2.8525516541432327e-05,0.0046911649726348,6.615908338643551e-05,0.0054730258014072,3.163525215375767e-05,1,1,1,1,1
1917,3,14:45:54,4,0.001563721657545,427908.0,0.0019546520719313,0.001563721657545,2.6791672538069497e-05,0.0007818608287726,5.3770254272350186e-05,0.0,4.3128426330719166e-05,-0.0007818608287724,3.138371803877366e-05,-0.0015637216575449,2.6318207938557297e-05,0.0023455824863174,5.409686164626789e-05,0.00312744331509,9.33932624790961e-05,0.0039093041438624,2.8525516541432327e-05,0.0046911649726348,6.625582727681397e-05,0.0054730258014072,3.163525215375767e-05,1,1,1,1,1
1918,3,14:45:57,4,0.001563721657545,210112.0,0.0019546520719313,0.001563721657545,2.4373075278607904e-05,0.0007818608287726,5.3770254272350186e-05,0.0,4.3128426330719166e-05,-0.0007818608287724,3.138371803877366e-05,-0.0015637216575449,2.6318207938557297e-05,0.0023455824863174,5.262635451251523e-05,0.00312744331509,9.33932624790961e-05,0.0039093041438624,2.8525516541432327e-05,0.0046911649726348,6.625582727681397e-05,0.0054730258014072,3.163525215375767e-05,1,1,1,1,1
1919,3,14:46:00,4,0.001563721657545,270402.0,0.0019546520719313,0.001563721657545,2.379261193633712e-05,0.0007818608287726,5.421527616809112e-05,0.0,4.3321914111476096e-05,-0.0007818608287724,3.138371803877366e-05,-0.0015637216575449,2.6318207938557297e-05,0.0023455824863174,5.051733770226472e-05,0.00312744331509,9.319977469833916e-05,0.0039093041438624,2.8525516541432327e-05,0.0046911649726348,6.61784321645112e-05,0.0054730258014072,3.1828739934514594e-05,1,1,1,1,1
1920,3,14:46:03,4,0.001563721657545,253774.0,0.0019546520719313,0.001563721657545,2.414088994169959e-05,0.0007818608287726,5.421527616809112e-05,0.0,4.3321914111476096e-05,-0.0007818608287724,3.138371803877366e-05,-0.0015637216575449,2.6318207938557297e-05,0.0023455824863174,4.949185246425301e-05,0.00312744331509,9.292889180527947e-05,0.0039093041438624,2.8525516541432327e-05,0.0046911649726348,6.61784321645112e-05,0.0054730258014072,3.1828739934514594e-05,1,1,1,1,1
1921,3,14:46:06,4,0.001563721657545,187027.0,0.0019546520719313,0.001563721657545,2.187708290684353e-05,0.0007818608287726,5.425397372424251e-05,0.0,4.3321914111476096e-05,-0.0007818608287724,3.138371803877366e-05,-0.0015637216575449,2.6318207938557297e-05,0.0023455824863174,4.947250368617731e-05,0.00312744331509,9.292889180527947e-05,0.0039093041438624,2.8602911653735096e-05,0.0046911649726348,6.654605894794936e-05,0.0054730258014072,3.1828739934514594e-05,1,1,1,1,1
1922,3,14:46:09,4,0.001563721657545,90951.0,0.0019546520719313,0.001563721657545,2.179968779454077e-05,0.0007818608287726,5.4099183499636965e-05,0.0,4.3321914111476096e-05,-0.0007818608287724,3.138371803877366e-05,-0.0015637216575449,2.6318207938557297e-05,0.0023455824863174,4.993687435999394e-05,0.00312744331509,9.292889180527947e-05,0.0039093041438624,2.8602911653735096e-05,0.0046911649726348,6.654605894794936e-05,0.0054730258014072,3.1828739934514594e-05,1,1,1,1,1
1923,3,14:46:12,4,0.001563721657545,57645.0,0.0019546520719313,0.001563721657545,2.160620001378384e-05,0.0007818608287726,5.4099183499636965e-05,0.0,4.3321914111476096e-05,-0.0007818608287724,3.138371803877366e-05,-0.0015637216575449,2.6318207938557297e-05,0.0023455824863174,5.10978010445355e-05,0.00312744331509,9.2832147914901e-05,0.0039093041438624,2.8138540979918472e-05,0.0046911649726348,6.654605894794936e-05,0.0054730258014072,3.1828739934514594e-05,1,1,1,1,1
1924,3,14:46:15,4,0.0023455824863174,303653.0,0.0019546520719313,0.001563721657545,1.810407118208345e-05,0.0007818608287726,5.526011018417853e-05,0.0,4.3321914111476096e-05,-0.0007818608287724,3.138371803877366e-05,-0.0015637216575449,2.641495182893576e-05,0.0023455824863174,5.034319869958349e-05,0.00312744331509,9.2832147914901e-05,0.0039093041438624,3.022820901209329e-05,0.0046911649726348,6.654605894794936e-05,0.0054730258014072,3.1828739934514594e-05,1,1,1,1,1
1925,3,14:46:18,4,0.0023455824863174,2312671.0,0.0019546520719313,0.001563721657545,2.9558547802893563e-05,0.0007818608287726,5.545359796493546e-05,0.0,4.3321914111476096e-05,-0.0007818608287724,3.138371803877366e-05,-0.0015637216575449,2.641495182893576e-05,0.0023455824863174,1.857250509929597e-05,0.00312744331509,9.2832147914901e-05,0.0039093041438624,3.022820901209329e-05,0.0046911649726348,6.623647849873828e-05,0.0054730258014072,3.1828739934514594e-05,1,1,1,1,1
1926,3,14:46:21,4,0.001563721657545,29463.0,0.0019546520719313,0.001563721657545,2.8861991792168625e-05,0.0007818608287726,5.553099307723823e-05,0.0,4.3321914111476096e-05,-0.0007818608287724,3.138371803877366e-05,-0.0015637216575449,2.641495182893576e-05,0.0023455824863174,2.122328769566588e-05,0.00312744331509,9.186470901111637e-05,0.0039093041438624,3.022820901209329e-05,0.0046911649726348,8.365037876686176e-05,0.0054730258014072,3.1828739934514594e-05,1,1,1,1,1
1927,3,14:46:24,4,0.0023455824863174,71746.0,0.0019546520719313,0.001563721657545,3.34670009741835e-05,0.0007818608287726,5.591796863875209e-05,0.0,4.3321914111476096e-05,-0.0007818608287724,3.138371803877366e-05,-0.0015637216575449,2.6027976267421905e-05,0.0023455824863174,2.102979991490895e-05,0.00312744331509,9.186470901111637e-05,0.0039093041438624,3.026690656824468e-05,0.0046911649726348,8.334079831765069e-05,0.0054730258014072,3.1828739934514594e-05,1,1,1,1,1
1928,3,14:46:27,4,0.001563721657545,106323.0,0.0019546520719313,0.001563721657545,3.1861052393901004e-05,0.0007818608287726,5.5647085745692384e-05,0.0,4.3225170221097634e-05,-0.0007818608287724,3.157720581953059e-05,-0.0015637216575449,2.6027976267421905e-05,0.0023455824863174,2.1416775476422805e-05,0.00312744331509,9.186470901111637e-05,0.0039093041438624,3.026690656824468e-05,0.0046911649726348,8.334079831765069e-05,0.0054730258014072,3.1828739934514594e-05,1,1,1,1,1
1929,3,14:46:30,4,0.0023455824863174,185888.0,0.0019546520719313,0.001563721657545,3.424095209721121e-05,0.0007818608287726,5.547294674301115e-05,0.0,4.3225170221097634e-05,-0.0007818608287724,3.157720581953059e-05,-0.0015637216575449,2.6027976267421905e-05,0.0023455824863174,1.9094922107339677e-05,0.00312744331509,9.186470901111637e-05,0.0039093041438624,3.026690656824468e-05,0.0046911649726348,8.334079831765069e-05,0.0054730258014072,3.1828739934514594e-05,1,1,1,1,1
1930,3,14:46:33,4,0.001563721657545,65331.0,0.0019546520719313,0.001563721657545,3.646606157591588e-05,0.0007818608287726,5.386699816272865e-05,0.0,4.3225170221097634e-05,-0.0007818608287724,3.157720581953059e-05,-0.0015637216575449,2.598927871127052e-05,0.0023455824863174,1.934645622232368e-05,0.00312744331509,9.186470901111637e-05,0.0039093041438624,3.026690656824468e-05,0.0046911649726348,8.334079831765069e-05,0.0054730258014072,3.186743749066598e-05,1,1,1,1,1
1931,3,14:46:36,4,0.001563721657545,285765.0,0.0019546520719313,0.001563721657545,3.441509109989245e-05,0.0007818608287726,5.386699816272865e-05,0.0,4.3225170221097634e-05,-0.0007818608287724,3.138371803877366e-05,-0.0015637216575449,2.5602303149756664e-05,0.0023455824863174,1.806943686932796e-05,0.00312744331509,9.302563569565794e-05,0.0039093041438624,3.026690656824468e-05,0.0046911649726348,8.334079831765069e-05,0.0054730258014072,3.186743749066598e-05,1,1,1,1,1
1932,3,14:46:39,4,0.0023455824863174,572883.0,0.0019546520719313,0.001563721657545,3.2073888952733625e-05,0.0007818608287726,5.386699816272865e-05,0.0,4.3225170221097634e-05,-0.0007818608287724,3.138371803877366e-05,-0.0015637216575449,2.5602303149756664e-05,0.0023455824863174,1.3986844695356784e-05,0.00312744331509,9.341261125717178e-05,0.0039093041438624,3.3691640287642296e-05,0.0046911649726348,8.343754220802915e-05,0.0054730258014072,3.186743749066598e-05,1,1,1,1,1
1933,3,14:46:42,4,0.001563721657545,65361.0,0.0019546520719313,0.001563721657545,3.3486349752259195e-05,0.0007818608287726,5.386699816272865e-05,0.0,4.3225170221097634e-05,-0.0007818608287724,3.138371803877366e-05,-0.0015637216575449,2.5602303149756664e-05,0.0023455824863174,1.4489912925324797e-05,0.00312744331509,9.341261125717178e-05,0.0039093041438624,3.3691640287642296e-05,0.0046911649726348,8.343754220802915e-05,0.0054730258014072,3.186743749066598e-05,1,1,1,1,1
1934,3,14:46:45,4,0.001563721657545,46116.0,0.0019546520719313,0.001563721657545,3.420225454105983e-05,0.0007818608287726,5.386699816272865e-05,0.0,4.324451899917333e-05,-0.0007818608287724,3.138371803877366e-05,-0.0015637216575449,2.5234676366318506e-05,0.0023455824863174,1.5089725045671272e-05,0.00312744331509,9.341261125717178e-05,0.0039093041438624,3.373033784379368e-05,0.0046911649726348,8.343754220802915e-05,0.0054730258014072,3.186743749066598e-05,1,1,1,1,1
1935,3,14:46:48,4,0.001563721657545,1047082.0,0.0019546520719313,0.001563721657545,2.835892356220061e-05,0.0007818608287726,5.386699816272865e-05,0.0,4.324451899917333e-05,-0.0007818608287724,3.138371803877366e-05,-0.0015637216575449,2.5234676366318506e-05,0.0023455824863174,6.537565136215071e-06,0.00312744331509,9.325782103256624e-05,0.0039093041438624,3.373033784379368e-05,0.0046911649726348,8.343754220802915e-05,0.0054730258014072,3.186743749066598e-05,1,1,1,1,1
1936,3,14:46:51,4,0.001563721657545,14091.0,0.0019546520719313,0.001563721657545,2.8861991792168625e-05,0.0007818608287726,5.429267128039389e-05,0.0,4.324451899917333e-05,-0.0007818608287724,3.138371803877366e-05,-0.0015637216575449,2.5234676366318506e-05,0.0023455824863174,7.408260149621245e-06,0.00312744331509,9.397372582136688e-05,0.0039093041438624,3.373033784379368e-05,0.0046911649726348,8.343754220802915e-05,0.0054730258014072,3.186743749066598e-05,1,1,1,1,1
1937,3,14:46:54,4,0.0023455824863174,468998.0,0.0019546520719313,0.001563721657545,2.59790238588904e-05,0.0007818608287726,5.431202005846959e-05,0.0,4.324451899917333e-05,-0.0007818608287724,3.138371803877366e-05,-0.0015637216575449,2.5234676366318506e-05,0.0023455824863174,5.067058002462421e-06,0.00312744331509,9.486376961284875e-05,0.0039093041438624,3.373033784379368e-05,0.0046911649726348,8.343754220802915e-05,0.0054730258014072,3.186743749066598e-05,1,1,1,1,1
1938,3,14:46:57,4,0.001563721657545,111489.0,0.0019546520719313,0.001563721657545,2.5147026401635613e-05,0.0007818608287726,5.431202005846959e-05,0.0,4.324451899917333e-05,-0.0007818608287724,3.186743749066598e-05,-0.0015637216575449,2.5234676366318506e-05,0.0023455824863174,1.5051027489519886e-05,0.00312744331509,9.486376961284875e-05,0.0039093041438624,3.417535973953461e-05,0.0046911649726348,8.343754220802915e-05,0.0054730258014072,3.186743749066598e-05,1,1,1,1,1
1939,3,14:47:00,4,0.001563721657545,156294.0,0.0019546520719313,0.001563721657545,2.3212148594066336e-05,0.0007818608287726,5.431202005846959e-05,0.0,4.328321655532471e-05,-0.0007818608287724,3.186743749066598e-05,-0.0015637216575449,2.5234676366318506e-05,0.0023455824863174,1.851445876506889e-05,0.00312744331509,9.486376961284875e-05,0.0039093041438624,3.417535973953461e-05,0.0046911649726348,8.343754220802915e-05,0.0054730258014072,3.186743749066598e-05,1,1,1,1,1
1940,3,14:47:03,4,0.001563721657545,56364.0,0.0019546520719313,0.001563721657545,2.4102192385548204e-05,0.0007818608287726,5.431202005846959e-05,0.0,4.328321655532471e-05,-0.0007818608287724,3.186743749066598e-05,-0.0015637216575449,2.5234676366318506e-05,0.0023455824863174,2.1784402259860967e-05,0.00312744331509,9.486376961284875e-05,0.0039093041438624,3.407861584915615e-05,0.0046911649726348,8.343754220802915e-05,0.0054730258014072,3.186743749066598e-05,1,1,1,1,1
1941,3,14:47:06,4,0.0023455824863174,12820.0,0.0019546520719313,0.001563721657545,2.414088994169959e-05,0.0007818608287726,5.431202005846959e-05,0.0,4.231577765154007e-05,-0.0007818608287724,3.186743749066598e-05,-0.0015637216575449,2.5234676366318506e-05,0.0023455824863174,2.669899189108693e-05,0.00312744331509,9.486376961284875e-05,0.0039093041438624,3.407861584915615e-05,0.0046911649726348,8.399865677222423e-05,0.0054730258014072,3.186743749066598e-05,1,1,1,1,1
1942,3,14:47:09,4,0.001563721657545,96126.0,0.0019546520719313,0.001563721657545,2.5108328845484227e-05,0.0007818608287726,5.460225172960498e-05,0.0,4.231577765154007e-05,-0.0007818608287724,3.157720581953059e-05,-0.0015637216575449,2.5234676366318506e-05,0.0023455824863174,2.667964311301124e-05,0.00312744331509,9.486376961284875e-05,0.0039093041438624,3.407861584915615e-05,0.0046911649726348,8.399865677222423e-05,0.0054730258014072,3.186743749066598e-05,1,1,1,1,1
1943,3,14:47:12,4,0.001563721657545,6405.0,0.0019546520719313,0.001563721657545,2.520507273586269e-05,0.0007818608287726,5.467964684190775e-05,0.0,4.425065545910935e-05,-0.0007818608287724,3.157720581953059e-05,-0.0015637216575449,2.5234676366318506e-05,0.0023455824863174,2.667964311301124e-05,0.00312744331509,9.486376961284875e-05,0.0039093041438624,3.407861584915615e-05,0.0046911649726348,8.399865677222423e-05,0.0054730258014072,3.186743749066598e-05,1,1,1,1,1
1944,3,14:47:15,4,0.0023455824863174,283301.0,0.0019546520719313,0.001563721657545,2.7217345655734735e-05,0.0007818608287726,5.493118095689175e-05,0.0,4.425065545910935e-05,-0.0007818608287724,3.157720581953059e-05,-0.0015637216575449,2.504118858556157e-05,0.0023455824863174,2.292598016632684e-05,0.00312744331509,9.486376961284875e-05,0.0039093041438624,3.407861584915615e-05,0.0046911649726348,8.378582021339162e-05,0.0054730258014072,3.167394970990905e-05,1,1,1,1,1
1945,3,14:47:18,4,0.001563721657545,201144.0,0.0019546520719313,0.001563721657545,2.508898006740853e-05,0.0007818608287726,5.514401751572437e-05,0.0,4.425065545910935e-05,-0.0007818608287724,3.157720581953059e-05,-0.0015637216575449,2.504118858556157e-05,0.0023455824863174,2.6466806554178616e-05,0.00312744331509,9.486376961284875e-05,0.0039093041438624,3.407861584915615e-05,0.0046911649726348,8.378582021339162e-05,0.0054730258014072,3.167394970990905e-05,1,1,1,1,1
1946,3,14:47:21,4,0.001563721657545,79472.0,0.0019546520719313,0.001563721657545,2.252197768010637e-05,0.0007818608287726,5.514401751572437e-05,0.0,4.519874558481829e-05,-0.0007818608287724,3.157720581953059e-05,-0.0015637216575449,2.504118858556157e-05,0.0023455824863174,2.7569686904493104e-05,0.00312744331509,9.536683784281675e-05,0.0039093041438624,3.407861584915615e-05,0.0046911649726348,8.374712265724022e-05,0.0054730258014072,3.167394970990905e-05,1,1,1,1,1
1947,3,14:47:24,4,0.001563721657545,142457.0,0.0019546520719313,0.001563721657545,2.15506690207066e-05,0.0007818608287726,5.553099307723823e-05,0.0,4.519874558481829e-05,-0.0007818608287724,3.157720581953059e-05,-0.0015637216575449,2.504118858556157e-05,0.0023455824863174,2.722140889913064e-05,0.00312744331509,9.548293051127092e-05,0.0039093041438624,3.407861584915615e-05,0.0046911649726348,8.3824517769543e-05,0.0054730258014072,3.167394970990905e-05,1,1,1,1,1
1948,3,14:47:27,4,0.001563721657545,38430.0,0.0019546520719313,0.001563721657545,2.2150481141053075e-05,0.0007818608287726,5.487313462266468e-05,0.0,4.519874558481829e-05,-0.0007818608287724,3.157720581953059e-05,-0.0015637216575449,2.504118858556157e-05,0.0023455824863174,2.528653109156136e-05,0.00312744331509,9.548293051127092e-05,0.0039093041438624,3.407861584915615e-05,0.0046911649726348,8.3824517769543e-05,0.0054730258014072,3.167394970990905e-05,1,1,1,1,1
1949,3,14:47:30,4,0.001563721657545,16653.0,0.0019546520719313,0.001563721657545,2.2169829919128768e-05,0.0007818608287726,5.5318156518405605e-05,0.0,4.519874558481829e-05,-0.0007818608287724,3.184808871259029e-05,-0.0015637216575449,2.504118858556157e-05,0.0023455824863174,2.70472698964494e-05,0.00312744331509,9.548293051127092e-05,0.0039093041438624,3.407861584915615e-05,0.0046911649726348,8.3824517769543e-05,0.0054730258014072,3.167394970990905e-05,1,1,1,1,1
1950,3,14:47:33,4,0.001563721657545,132032.0,0.0019546520719313,0.001563721657545,2.1782854357614917e-05,0.0007818608287726,5.537620285263269e-05,0.0,4.516004802866691e-05,-0.0007818608287724,3.184808871259029e-05,-0.0015637216575449,2.504118858556157e-05,0.0023455824863174,2.5692855431150903e-05,0.00312744331509,9.548293051127092e-05,0.0039093041438624,3.407861584915615e-05,0.0046911649726348,8.3824517769543e-05,0.0054730258014072,3.175134482221182e-05,1,1,1,1,1
1951,3,14:47:36,4,0.001563721657545,65332.0,0.0019546520719313,0.001563721657545,2.0467137448467805e-05,0.0007818608287726,5.541490040878408e-05,0.0,4.516004802866691e-05,-0.0007818608287724,3.184808871259029e-05,-0.0015637216575449,2.504118858556157e-05,0.0023455824863174,2.613787732689184e-05,0.00312744331509,9.548293051127092e-05,0.0039093041438624,3.5026705974865095e-05,0.0046911649726348,8.3824517769543e-05,0.0054730258014072,3.175134482221182e-05,1,1,1,1,1
1952,3,14:47:39,4,0.001563721657545,240880.0,0.0019546520719313,0.001563721657545,2.3253361491367563e-05,0.0007818608287726,5.541490040878408e-05,0.0,4.516004802866691e-05,-0.0007818608287724,3.184808871259029e-05,-0.0015637216575449,2.504118858556157e-05,0.0023455824863174,2.548001887231829e-05,0.00312744331509,9.650841574928263e-05,0.0039093041438624,3.4678427969502626e-05,0.0046911649726348,8.3824517769543e-05,0.0054730258014072,3.36862226297811e-05,1,2,1,1,1
1953,3,14:47:42,4,0.001563721657545,389618.0,0.0019546520719313,0.001563721657545,2.561391241660208e-05,0.0007818608287726,5.599536375105485e-05,0.0,4.510200169443983e-05,-0.0007818608287724,3.184808871259029e-05,-0.0015637216575449,2.504118858556157e-05,0.0023455824863174,2.201658759676928e-05,0.00312744331509,9.664385719581248e-05,0.0039093041438624,3.4678427969502626e-05,0.0046911649726348,8.3824517769543e-05,0.0054730258014072,3.36862226297811e-05,1,2,1,1,1
1954,3,14:47:45,4,0.001563721657545,23064.0,0.0019546520719313,0.001563721657545,2.84968803498803e-05,0.0007818608287726,5.674996609600687e-05,0.0,4.548897725595369e-05,-0.0007818608287724,3.184808871259029e-05,-0.0015637216575449,2.504118858556157e-05,0.0023455824863174,3.1033118180042107e-05,0.00312744331509,9.65858108615854e-05,0.0039093041438624,3.4678427969502626e-05,0.0046911649726348,8.3824517769543e-05,0.0054730258014072,3.36862226297811e-05,1,2,1,1,1
1955,3,14:47:48,4,0.001563721657545,62769.0,0.0019546520719313,0.001563721657545,2.9406272919437862e-05,0.0007818608287726,5.674996609600687e-05,0.0,4.548897725595369e-05,-0.0007818608287724,3.184808871259029e-05,-0.0015637216575449,2.504118858556157e-05,0.0023455824863174,3.2348835089189215e-05,0.00312744331509,9.695343764502357e-05,0.0039093041438624,3.4678427969502626e-05,0.0046911649726348,8.421149333105686e-05,0.0054730258014072,3.36862226297811e-05,1,2,1,1,1
1956,3,14:47:51,4,0.001563721657545,92233.0,0.0019546520719313,0.001563721657545,3.5752672128265085e-05,0.0007818608287726,5.684670998638533e-05,0.0,4.548897725595369e-05,-0.0007818608287724,3.184808871259029e-05,-0.0015637216575449,2.504118858556157e-05,0.0023455824863174,3.250362531379476e-05,0.00312744331509,9.778543510227836e-05,0.0039093041438624,3.506540353101648e-05,0.0046911649726348,8.421149333105686e-05,0.0054730258014072,3.362817629555402e-05,1,2,1,1,1
1957,3,14:47:54,4,0.001563721657545,61511.0,0.0019546520719313,0.001563721657545,3.561723068173524e-05,0.0007818608287726,5.7040197767142265e-05,0.0,4.548897725595369e-05,-0.0007818608287724,3.184808871259029e-05,-0.0015637216575449,2.504118858556157e-05,0.0023455824863174,3.519310546631605e-05,0.00312744331509,9.778543510227836e-05,0.0039093041438624,3.506540353101648e-05,0.0046911649726348,8.3824517769543e-05,0.0054730258014072,3.3666873851705405e-05,2,2,1,1,1
1958,3,14:47:57,4,0.001563721657545,65331.0,0.0019546520719313,0.001563721657545,3.59848574651734e-05,0.0007818608287726,5.72143367698235e-05,0.0,4.548897725595369e-05,-0.0007818608287724,3.184808871259029e-05,-0.0015637216575449,2.504118858556157e-05,0.0023455824863174,3.6044451701646535e-05,0.00312744331509,9.778543510227836e-05,0.0039093041438624,3.506540353101648e-05,0.0046911649726348,8.450172500219224e-05,0.0054730258014072,3.3666873851705405e-05,2,2,1,1,1
1959,3,14:48:00,4,0.0023455824863174,490853.0,0.0019546520719313,0.001563721657545,3.265686763615425e-05,0.0007818608287726,5.771740499979151e-05,0.0,4.548897725595369e-05,-0.0007818608287724,3.184808871259029e-05,-0.0015637216575449,2.504118858556157e-05,0.0023455824863174,3.18651156372969e-05,0.00312744331509,9.73791107626888e-05,0.0039093041438624,3.506540353101648e-05,0.0046911649726348,8.450172500219224e-05,0.0054730258014072,3.3666873851705405e-05,2,2,1,1,1
1960,3,14:48:03,4,0.001563721657545,933852.0,0.0019546520719313,0.001563721657545,1.903532787086654e-05,0.0007818608287726,5.8007636670926905e-05,0.0,4.548897725595369e-05,-0.0007818608287724,3.184808871259029e-05,-0.0015637216575449,2.504118858556157e-05,0.0023455824863174,3.200055708382675e-05,0.00312744331509,9.772738876805127e-05,0.0039093041438624,3.506540353101648e-05,0.0046911649726348,8.450172500219224e-05,0.0054730258014072,3.3666873851705405e-05,2,2,1,1,1
1961,3,14:48:06,4,0.001563721657545,215215.0,0.0019546520719313,0.001563721657545,1.5920174600680004e-05,0.0007818608287726,5.820112445168383e-05,0.0,4.548897725595369e-05,-0.0007818608287724,3.184808871259029e-05,-0.0015637216575449,2.504118858556157e-05,0.0023455824863174,5.140738149374658e-05,0.00312744331509,9.801762043918667e-05,0.0039093041438624,3.506540353101648e-05,0.0046911649726348,8.392126165992146e-05,0.0054730258014072,3.3666873851705405e-05,2,2,1,1,1
1962,3,14:48:09,4,0.0023455824863174,3650972.0,0.0027365129007037,0.0023455824863174,4.214396050222792e-05,0.001563721657545,2.406601017054666e-05,0.0007818608287726,5.820112445168383e-05,0.0,4.548897725595369e-05,-0.0007818608287724,3.184808871259029e-05,0.00312744331509,9.801762043918667e-05,0.0039093041438624,3.506540353101648e-05,0.0046911649726348,8.392126165992146e-05,0.0054730258014072,3.351208362709987e-05,0.0062548866301799,3.122892781416812e-05,1,1,1,1,1
1963,3,14:48:12,4,0.0023455824863174,99996.0,0.0027365129007037,0.0023455824863174,4.063475581232389e-05,0.001563721657545,2.6078283090418705e-05,0.0007818608287726,5.889768046240877e-05,0.0,4.548897725595369e-05,-0.0007818608287724,3.184808871259029e-05,0.00312744331509,9.801762043918667e-05,0.0039093041438624,3.506540353101648e-05,0.0046911649726348,8.392126165992146e-05,0.0054730258014072,3.351208362709987e-05,0.0062548866301799,3.122892781416812e-05,1,1,1,1,1
1964,3,14:48:15,4,0.0023455824863174,29490.0,0.0027365129007037,0.0023455824863174,4.330488718676949e-05,0.001563721657545,2.8516229127955995e-05,0.0007818608287726,5.889768046240877e-05,0.0,4.548897725595369e-05,-0.0007818608287724,3.196418138104444e-05,0.00312744331509,9.79402253268839e-05,0.0039093041438624,3.506540353101648e-05,0.0046911649726348,8.353428609840761e-05,0.0054730258014072,3.2447900832936765e-05,0.0062548866301799,3.122892781416812e-05,1,1,1,1,1
1965,3,14:48:18,4,0.0023455824863174,115380.0,0.0027365129007037,0.0023455824863174,4.376925786058612e-05,0.001563721657545,2.648460743000825e-05,0.0007818608287726,5.967163158543648e-05,0.0,4.5392233365575225e-05,-0.0007818608287724,3.196418138104444e-05,0.00312744331509,9.832720088839776e-05,0.0039093041438624,3.506540353101648e-05,0.0046911649726348,8.353428609840761e-05,0.0054730258014072,3.2447900832936765e-05,0.0062548866301799,3.122892781416812e-05,1,1,1,1,1
1966,3,14:48:21,4,0.0023455824863174,302553.0,0.0027365129007037,0.0023455824863174,3.962861935238786e-05,0.001563721657545,2.665874643268949e-05,0.0007818608287726,5.967163158543648e-05,0.0,4.535353580942384e-05,-0.0007818608287724,3.196418138104444e-05,0.00312744331509,9.815306188571652e-05,0.0039093041438624,3.506540353101648e-05,0.0046911649726348,8.353428609840761e-05,0.0054730258014072,3.2447900832936765e-05,0.0062548866301799,3.122892781416812e-05,1,1,1,1,1
1967,3,14:48:24,4,0.0023455824863174,403830.0,0.0027365129007037,0.0023455824863174,4.901277671909885e-05,0.001563721657545,2.6271770871175632e-05,0.0007818608287726,5.967163158543648e-05,0.0,4.535353580942384e-05,-0.0007818608287724,3.194483260296875e-05,0.00312744331509,9.815306188571652e-05,0.0039093041438624,3.506540353101648e-05,0.0046911649726348,8.353428609840761e-05,0.0054730258014072,3.2447900832936765e-05,0.0062548866301799,3.122892781416812e-05,1,1,1,1,1
1968,3,14:48:27,4,0.0023455824863174,212864.0,0.0027365129007037,0.0023455824863174,4.70005037992268e-05,0.001563721657545,2.6271770871175632e-05,0.0007818608287726,5.967163158543648e-05,0.0,4.554702359018076e-05,-0.0007818608287724,3.194483260296875e-05,0.00312744331509,9.79595741049596e-05,0.0039093041438624,3.506540353101648e-05,0.0046911649726348,8.469521278294917e-05,0.0054730258014072,3.2447900832936765e-05,0.0062548866301799,3.122892781416812e-05,1,1,1,1,1
1969,3,14:48:30,4,0.00312744331509,57700.0,0.0027365129007037,0.0023455824863174,4.70005037992268e-05,0.001563721657545,2.6271770871175632e-05,0.0007818608287726,5.965228280736079e-05,0.0,4.516004802866691e-05,-0.0007818608287724,3.194483260296875e-05,0.00312744331509,9.819175944186792e-05,0.0039093041438624,3.506540353101648e-05,0.0046911649726348,8.469521278294917e-05,0.0054730258014072,3.2447900832936765e-05,0.0062548866301799,3.122892781416812e-05,1,1,1,1,1
1970,3,14:48:33,4,0.00312744331509,67955.0,0.0027365129007037,0.0023455824863174,4.723268913613512e-05,0.001563721657545,2.66393976546138e-05,0.0007818608287726,5.965228280736079e-05,0.0,4.3225170221097634e-05,-0.0007818608287724,3.194483260296875e-05,0.00312744331509,0.0001056023414448,0.0039093041438624,3.506540353101648e-05,0.0046911649726348,8.469521278294917e-05,0.0054730258014072,3.2447900832936765e-05,0.0062548866301799,3.122892781416812e-05,1,1,1,1,1
1971,3,14:48:36,4,0.0023455824863174,24367.0,0.0027365129007037,0.0023455824863174,4.703920135537819e-05,0.001563721657545,2.66393976546138e-05,0.0007818608287726,5.947814380467955e-05,0.0,4.3225170221097634e-05,-0.0007818608287724,3.196418138104444e-05,0.00312744331509,0.0001193786714347,0.0039093041438624,3.506540353101648e-05,0.0046911649726348,8.469521278294917e-05,0.0054730258014072,3.254464472331523e-05,0.0062548866301799,3.122892781416812e-05,1,1,1,1,1
1972,3,14:48:39,4,0.00312744331509,1283.0,0.0027365129007037,0.0023455824863174,4.703920135537819e-05,0.001563721657545,3.815192060965099e-05,0.0007818608287726,6.050362904269127e-05,0.0,4.3225170221097634e-05,-0.0007818608287724,3.196418138104444e-05,0.00312744331509,0.0001192432299882,0.0039093041438624,3.506540353101648e-05,0.0046911649726348,8.469521278294917e-05,0.0054730258014072,3.254464472331523e-05,0.0062548866301799,3.122892781416812e-05,1,1,1,1,1
1973,3,14:48:42,4,0.0023455824863174,38474.0,0.0027365129007037,0.0023455824863174,4.6729620906167104e-05,0.001563721657545,3.853889617116485e-05,0.0007818608287726,6.050362904269127e-05,0.0,4.187075575579914e-05,-0.0007818608287724,3.196418138104444e-05,0.00312744331509,0.0001193206251005,0.0039093041438624,3.506540353101648e-05,0.0046911649726348,8.465651522679779e-05,0.0054730258014072,3.254464472331523e-05,0.0062548866301799,3.122892781416812e-05,1,1,1,1,1
1974,3,14:48:45,4,0.0023455824863174,99996.0,0.0027365129007037,0.0023455824863174,4.583957711468524e-05,0.001563721657545,3.695229636895804e-05,0.0007818608287726,6.060037293306973e-05,0.0,4.187075575579914e-05,-0.0007818608287724,3.196418138104444e-05,0.00312744331509,0.0001210813639054,0.0039093041438624,3.7193769119342685e-05,0.0046911649726348,8.465651522679779e-05,0.0054730258014072,3.254464472331523e-05,0.0062548866301799,3.122892781416812e-05,1,1,1,1,1
1975,3,14:48:48,4,0.0023455824863174,512890.0,0.0027365129007037,0.0023455824863174,3.991885102352325e-05,0.001563721657545,3.791973527274268e-05,0.0007818608287726,6.060037293306973e-05,0.0,4.187075575579914e-05,-0.0007818608287724,3.196418138104444e-05,0.00312744331509,0.0001203461103385,0.0039093041438624,3.738725690009961e-05,0.0046911649726348,8.465651522679779e-05,0.0054730258014072,3.254464472331523e-05,0.0062548866301799,3.122892781416812e-05,1,1,1,1,1
1976,3,14:48:51,4,0.00312744331509,152623.0,0.0027365129007037,0.0023455824863174,3.9299690125101086e-05,0.001563721657545,4.7594124310589056e-05,0.0007818608287726,6.060037293306973e-05,0.0,4.187075575579914e-05,-0.0007818608287724,3.196418138104444e-05,0.00312744331509,0.0001198430421085,0.0039093041438624,3.7406605678175305e-05,0.0046911649726348,8.465651522679779e-05,0.0054730258014072,3.254464472331523e-05,0.0062548866301799,3.122892781416812e-05,1,1,1,1,1
1977,3,14:48:54,4,0.0023455824863174,191038.0,0.0027365129007037,0.0023455824863174,3.699718553409365e-05,0.001563721657545,4.778761209134599e-05,0.0007818608287726,6.060037293306973e-05,0.0,4.187075575579914e-05,-0.0007818608287724,3.217701793987706e-05,0.00312744331509,0.0001219327101407,0.0039093041438624,3.7406605678175305e-05,0.0046911649726348,8.485000300755471e-05,0.0054730258014072,3.269943494792077e-05,0.0062548866301799,3.122892781416812e-05,1,1,1,1,1
1978,3,14:48:57,4,0.00312744331509,64130.0,0.0027365129007037,0.0023455824863174,3.902880723204138e-05,0.001563721657545,4.643319762604749e-05,0.0007818608287726,6.06971168234482e-05,0.0,4.187075575579914e-05,-0.0007818608287724,3.217701793987706e-05,0.00312744331509,0.0001213522467984,0.0039093041438624,3.7406605678175305e-05,0.0046911649726348,8.868106106654188e-05,0.0054730258014072,3.269943494792077e-05,0.0062548866301799,3.122892781416812e-05,1,1,1,1,1
1979,3,14:49:00,4,0.0023455824863174,421795.0,0.0027365129007037,0.0023455824863174,3.41722639350425e-05,0.001563721657545,4.6529941516425954e-05,0.0007818608287726,5.85494024570463e-05,0.0,4.187075575579914e-05,-0.0007818608287724,3.217701793987706e-05,0.00312744331509,0.0001216618272476,0.0039093041438624,3.7406605678175305e-05,0.0046911649726348,8.868106106654188e-05,0.0054730258014072,3.269943494792077e-05,0.0062548866301799,3.122892781416812e-05,1,1,1,1,1
1980,3,14:49:03,4,0.0023455824863174,15385.0,0.0027365129007037,0.0023455824863174,3.401747371043696e-05,0.001563721657545,4.656863907257734e-05,0.0007818608287726,5.893637801856015e-05,0.0,4.187075575579914e-05,-0.0007818608287724,3.217701793987706e-05,0.00312744331509,0.000121487688245,0.0039093041438624,3.760009345893223e-05,0.0046911649726348,8.991938286338622e-05,0.0054730258014072,3.269943494792077e-05,0.0062548866301799,3.122892781416812e-05,1,1,1,1,1
1981,3,14:49:06,4,0.00312744331509,69252.0,0.0027365129007037,0.0023455824863174,3.392072982005849e-05,0.001563721657545,4.664603418488011e-05,0.0007818608287726,5.893637801856015e-05,0.0,4.187075575579914e-05,-0.0007818608287724,3.217701793987706e-05,0.00312744331509,0.0001210233175711,0.0039093041438624,3.802576657659747e-05,0.0046911649726348,8.991938286338622e-05,0.0054730258014072,3.269943494792077e-05,0.0062548866301799,3.122892781416812e-05,1,1,1,1,1
1982,3,14:49:09,4,0.00312744331509,119252.0,0.0027365129007037,0.0023455824863174,3.281784946974401e-05,0.001563721657545,4.664603418488011e-05,0.0007818608287726,5.893637801856015e-05,0.0,3.993587794822986e-05,-0.0007818608287724,3.217701793987706e-05,0.00312744331509,0.0001216618272476,0.0039093041438624,3.802576657659747e-05,0.0046911649726348,8.991938286338622e-05,0.0054730258014072,3.269943494792077e-05,0.0062548866301799,3.122892781416812e-05,1,1,1,1,1
1983,3,14:49:12,4,0.0023455824863174,911562.0,0.0027365129007037,0.0023455824863174,3.825485610901368e-05,0.001563721657545,4.707170730254536e-05,0.0007818608287726,5.796893911477552e-05,0.0,3.993587794822986e-05,-0.0007818608287724,3.217701793987706e-05,0.00312744331509,0.0001207524346781,0.0039093041438624,3.802576657659747e-05,0.0046911649726348,8.991938286338622e-05,0.0054730258014072,3.269943494792077e-05,0.0062548866301799,3.122892781416812e-05,1,1,1,1,1
1984,3,14:49:15,4,0.0023455824863174,467952.0,0.0027365129007037,0.0023455824863174,3.239217635207877e-05,0.001563721657545,4.707170730254536e-05,0.0007818608287726,5.796893911477552e-05,0.0,4.001327306053263e-05,-0.0007818608287724,3.198353015912014e-05,0.00312744331509,0.0001203267615604,0.0039093041438624,3.802576657659747e-05,0.0046911649726348,8.991938286338622e-05,0.0054730258014072,3.269943494792077e-05,0.0062548866301799,3.122892781416812e-05,1,0,1,1,1
1985,3,14:49:18,4,0.00312744331509,452617.0,0.0027365129007037,0.0023455824863174,2.8096747619274973e-05,0.001563721657545,4.912267777856879e-05,0.0007818608287726,5.804633422707829e-05,0.0,4.001327306053263e-05,-0.0007818608287724,3.198353015912014e-05,0.00312744331509,0.0001191464860978,0.0039093041438624,3.802576657659747e-05,0.0046911649726348,8.993873164146191e-05,0.0054730258014072,3.269943494792077e-05,0.0062548866301799,3.122892781416812e-05,1,1,1,1,1
1986,3,14:49:21,4,0.0023455824863174,866632.0,0.0027365129007037,0.0023455824863174,1.685510755729748e-05,0.001563721657545,4.918072411279586e-05,0.0007818608287726,5.804633422707829e-05,0.0,4.001327306053263e-05,-0.0007818608287724,3.198353015912014e-05,0.00312744331509,0.0001192238812101,0.0039093041438624,3.802576657659747e-05,0.0046911649726348,8.993873164146191e-05,0.0054730258014072,3.269943494792077e-05,0.0062548866301799,3.122892781416812e-05,1,0,1,1,1
1987,3,14:49:24,4,0.0023455824863174,225632.0,0.0027365129007037,0.0023455824863174,1.482348585934974e-05,0.001563721657545,5.107690436421376e-05,0.0007818608287726,5.810438056130537e-05,0.0,4.001327306053263e-05,-0.0007818608287724,3.198353015912014e-05,0.00312744331509,0.0001194754153251,0.0039093041438624,3.802576657659747e-05,0.0046911649726348,8.984198775108345e-05,0.0054730258014072,3.269943494792077e-05,0.0062548866301799,3.122892781416812e-05,1,0,1,1,1
1988,3,14:49:27,4,0.0023455824863174,139738.0,0.0027365129007037,0.0023455824863174,1.728078067496272e-05,0.001563721657545,5.107690436421376e-05,0.0007818608287726,5.810438056130537e-05,0.0,3.9877831614002783e-05,-0.0007818608287724,3.198353015912014e-05,0.00312744331509,0.0001216424784696,0.0039093041438624,3.810316168890024e-05,0.0046911649726348,8.982263897300776e-05,0.0054730258014072,3.2892922728677696e-05,0.0062548866301799,3.122892781416812e-05,1,1,1,1,1
1989,3,14:49:30,4,0.00312744331509,360309.0,0.0027365129007037,0.0023455824863174,1.4301068851306035e-05,0.001563721657545,5.107690436421376e-05,0.0007818608287726,5.771740499979151e-05,0.0,3.9877831614002783e-05,-0.0007818608287724,3.198353015912014e-05,0.00312744331509,0.0001207330859,0.0039093041438624,3.829664946965717e-05,0.0046911649726348,8.991938286338622e-05,0.0054730258014072,3.2892922728677696e-05,0.0062548866301799,3.122892781416812e-05,0,0,1,1,1
1990,3,14:49:33,4,0.0023455824863174,251272.0,0.0027365129007037,0.0023455824863174,1.43978127416845e-05,0.001563721657545,4.370501991737481e-05,0.0007818608287726,5.771740499979151e-05,0.0,3.9877831614002783e-05,-0.0007818608287724,3.198353015912014e-05,0.00312744331509,0.0001207330859,0.0039093041438624,4.0231527277226446e-05,0.0046911649726348,9.001612675376468e-05,0.0054730258014072,3.2892922728677696e-05,0.0062548866301799,3.122892781416812e-05,1,0,1,1,1
1991,3,14:49:36,4,0.0023455824863174,660235.0,0.0027365129007037,0.0023455824863174,6.4841625087261584e-06,0.001563721657545,4.370501991737481e-05,0.0007818608287726,5.833656589821368e-05,0.0,3.9877831614002783e-05,-0.0007818608287724,3.198353015912014e-05,0.00312744331509,0.0001268859973281,0.0039093041438624,4.0231527277226446e-05,0.0046911649726348,9.001612675376468e-05,0.0054730258014072,3.2892922728677696e-05,0.0062548866301799,3.122892781416812e-05,0,0,1,1,1
1992,3,14:49:39,4,0.0023455824863174,227012.0,0.0027365129007037,0.0023455824863174,8.477086650522514e-06,0.001563721657545,4.486594660191638e-05,0.0007818608287726,5.837526345436506e-05,0.0,3.9877831614002783e-05,-0.0007818608287724,3.198353015912014e-05,0.00312744331509,0.0001252026536355,0.0039093041438624,4.0231527277226446e-05,0.0046911649726348,9.001612675376468e-05,0.0054730258014072,3.327989829019155e-05,0.0062548866301799,3.122892781416812e-05,0,0,1,1,1
1993,3,14:49:42,4,0.0023455824863174,424343.0,0.0027365129007037,0.0023455824863174,2.865941008571612e-06,0.001563721657545,4.2486046898606166e-05,0.0007818608287726,5.808503178322967e-05,0.0,3.9877831614002783e-05,-0.0007818608287724,3.198353015912014e-05,0.00312744331509,0.0001251833048574,0.0039093041438624,3.71357227851156e-05,0.0046911649726348,9.001612675376468e-05,0.0054730258014072,3.327989829019155e-05,0.0062548866301799,3.122892781416812e-05,1,0,1,1,1
1994,3,14:49:45,4,0.0023455824863174,390038.0,0.0019546520719313,0.001563721657545,4.254409323283325e-05,0.0007818608287726,5.818177567360814e-05,0.0,3.991652917015417e-05,-0.0007818608287724,3.198353015912014e-05,-0.0015637216575449,2.4905747139031723e-05,0.0023455824863174,2.879098177663083e-07,0.00312744331509,0.000122261639368,0.0039093041438624,3.71357227851156e-05,0.0046911649726348,8.959045363609944e-05,0.0054730258014072,3.339599095864571e-05,1,1,1,1,1
1995,3,14:49:48,4,0.0023455824863174,235990.0,0.0027365129007037,0.0023455824863174,1.023937335765661e-06,0.001563721657545,4.254409323283325e-05,0.0007818608287726,5.818177567360814e-05,0.0,4.0284155953592335e-05,-0.0007818608287724,3.20802740494986e-05,0.00312744331509,0.0001223970808145,0.0039093041438624,3.71357227851156e-05,0.0046911649726348,8.959045363609944e-05,0.0054730258014072,3.339599095864571e-05,0.0062548866301799,3.122892781416812e-05,0,0,1,1,1
1996,3,14:49:51,4,0.0023455824863174,111426.0,0.0019546520719313,0.001563721657545,4.312455657510403e-05,0.0007818608287726,5.7794800112094285e-05,0.0,4.03808998439708e-05,-0.0007818608287724,3.20802740494986e-05,-0.0015637216575449,2.4905747139031723e-05,0.0023455824863174,3.863564006154331e-06,0.00312744331509,0.0001247576317397,0.0039093041438624,3.810316168890024e-05,0.0046911649726348,8.96871975264779e-05,0.0054730258014072,3.339599095864571e-05,1,1,1,1,1
1997,3,14:49:54,4,0.0023455824863174,6410.0,0.0019546520719313,0.001563721657545,4.312455657510403e-05,0.0007818608287726,5.7794800112094285e-05,0.0,4.03808998439708e-05,-0.0007818608287724,3.20802740494986e-05,-0.0015637216575449,2.4905747139031723e-05,0.0023455824863174,4.192493233441108e-06,0.00312744331509,0.0001248737244082,0.0039093041438624,3.810316168890024e-05,0.0046911649726348,9.005482430991606e-05,0.0054730258014072,3.339599095864571e-05,1,1,1,1,1
1998,3,14:49:57,4,0.0023455824863174,312398.0,0.0027365129007037,0.0023455824863174,1.3799548523584078e-06,0.001563721657545,4.505943438267331e-05,0.0007818608287726,5.760131233133736e-05,0.0,3.980043650170001e-05,-0.0007818608287724,3.389905918861372e-05,0.00312744331509,0.0001248737244082,0.0039093041438624,3.810316168890024e-05,0.0046911649726348,8.991938286338622e-05,0.0054730258014072,3.339599095864571e-05,0.0062548866301799,3.122892781416812e-05,0,0,1,1,1
